title,text,tags,name,picList,time
﻿简画的我,,同人绘,小仙,"['https://kol-fans.fp.ps.netease.com/file/6112a3cc5e602768450ffc6coqbXZWLJ03', 'https://kol-fans.fp.ps.netease.com/file/6112a3cd2786fd44c6bc891c6jLykcZ503']",2021-08-10 16:05:33
自身经历,,光遇语录,小仙,"['https://kol-fans.fp.ps.netease.com/file/61129a1a143cfa36caac9ac02JiJDFGr03', 'https://kol-fans.fp.ps.netease.com/file/61129a1ba7f2522841ba4f9bwN8xkgq703']",2021-08-10 15:24:11
我与❥(^_-)她,,游戏截图,18977****77,"['https://kol-fans.fp.ps.netease.com/file/611268cc7f9d2a63766b159bE3D2jwwE03', 'https://kol-fans.fp.ps.netease.com/file/611268cc96dee422f5ba5da3Xw4z6Drm03', 'https://kol-fans.fp.ps.netease.com/file/611268cca7f252090eb79f14i2Q3DLWB03', 'https://kol-fans.fp.ps.netease.com/file/611268cd2786fd1056ad1970DXam3lyF03']",2021-08-10 11:53:50
接上一波照片，继续,,游戏截图,小盐巴啊,"['https://kol-fans.fp.ps.netease.com/file/6111f53996dee4176d42b3edQT6MuNel03', 'https://kol-fans.fp.ps.netease.com/file/6111f53a5e6027455fca5a94kB1Y3o9u03', 'https://kol-fans.fp.ps.netease.com/file/6111f53b96dee49996ec93d3KOXpUro903', 'https://kol-fans.fp.ps.netease.com/file/6111f53b143cfa69f28d9384EfcvcU9N03']",2021-08-10 03:40:47
这次把多张照片组合在一起了，可以当壁纸哦，喜欢的小伙伴可以自取，就不打水印了，拍得不是很好，望喜欢😊😊,,游戏截图,小盐巴啊,"['https://kol-fans.fp.ps.netease.com/file/6111f3c28b742739aeaabfacYcysZMtu03', 'https://kol-fans.fp.ps.netease.com/file/6111f3c3143cfa07f6202018E8lOSU3y03', 'https://kol-fans.fp.ps.netease.com/file/6111f3c4143cfa07f6202020UiAPiXXC03', 'https://kol-fans.fp.ps.netease.com/file/6111f3c47f9d2a141c613884Y0VAAECW03']",2021-08-10 03:34:37
一个安卓小菜菜的日常溜龙过程，被自己菜哭了，第一次录视频，剪辑有点仓促（不是很擅长）\(^o^)/~,,视频,小盐巴啊,['https://kol-fans.fp.ps.netease.com/file/61114a745e60271ac91bb71dRExYqh1l03'],2021-08-09 15:32:07
飞往心之所向,,游戏截图,15116****10,['https://kol-fans.fp.ps.netease.com/file/61111e3b96dee48756a34649cMJpjKgu03'],2021-08-09 12:23:24
无聊的时候，就是在拍拍照，发发呆，你们无聊在做什么啊？🤔🤔,,游戏截图,小盐巴啊,"['https://kol-fans.fp.ps.netease.com/file/6110f04d6f0494681aed0390gYsrYSmu03', 'https://kol-fans.fp.ps.netease.com/file/6110f04d5e60274865a1726cDD3THa8d03', 'https://kol-fans.fp.ps.netease.com/file/6110f04e143cfa2054147181vIdQqqVr03', 'https://kol-fans.fp.ps.netease.com/file/6110f04e96dee45b14ce6fd4sevAJIob03']",2021-08-09 09:07:30
额,,游戏截图,15057****00,"['https://kol-fans.fp.ps.netease.com/file/6110d8f15e60277e14950437alSzi0Zg03', 'https://kol-fans.fp.ps.netease.com/file/6110d8f2a7f2527502e11400JXOQ305l03', 'https://kol-fans.fp.ps.netease.com/file/6110d8f2143cfa385136378f6AtZD5x603', 'https://kol-fans.fp.ps.netease.com/file/6110d8f2a7f25264f2fc4267NFbUc90b03']",2021-08-09 07:27:48
如果你要驯服一个人，就要冒着 掉眼泪的危险,,游戏截图,荷包蛋m,"['https://kol-fans.fp.ps.netease.com/file/6110c674a7f2521138784287N1Zsrbya03', 'https://kol-fans.fp.ps.netease.com/file/6110c675143cfa0eedfc1a53MTN7a4oU03', 'https://kol-fans.fp.ps.netease.com/file/6110c6755e602751b9052eddp0zMsXuM03']",2021-08-09 06:08:53
彩虹照片，快来打卡吧，安卓，一次性不能发太多，只能九张，不够啊,,游戏截图,小盐巴啊,"['https://kol-fans.fp.ps.netease.com/file/6110c35d96dee41a03de31a1W531XrjS03', 'https://kol-fans.fp.ps.netease.com/file/6110c35d8b74276453926b96co15VV4o03', 'https://kol-fans.fp.ps.netease.com/file/6110c35da7f25204fdcf56b0ZkI21C4103', 'https://kol-fans.fp.ps.netease.com/file/6110c35d96dee40928408828B60UshiD03']",2021-08-09 05:55:43
Get到你啦,,游戏截图,15510****45,"['https://kol-fans.fp.ps.netease.com/file/61109a31a7f2520fd27888baqCCWbk7D03', 'https://kol-fans.fp.ps.netease.com/file/61109a318b74272b322c2b4bECCXa6z203', 'https://kol-fans.fp.ps.netease.com/file/61109a336f049402e8b24b99hLwHvJas03']",2021-08-09 03:00:04
开满鲜花的海洋里 我和你相遇,,游戏截图,13350****69,['https://kol-fans.fp.ps.netease.com/file/61107a902786fd2f05888490YdKUaiBk03'],2021-08-09 00:45:04
孤狼yyds,,游戏截图,q****9663185,['https://kol-fans.fp.ps.netease.com/file/610ffbf57f9d2a496ef77049sFjXfSPN03'],2021-08-08 15:44:53
一个人的美景，寡呱呱呱,,游戏截图,小盐巴啊,"['https://kol-fans.fp.ps.netease.com/file/610fe4805e60271ca23a6e0dxMpv76RT03', 'https://kol-fans.fp.ps.netease.com/file/610fe4805e6027946d8763eeiXDr6igy03', 'https://kol-fans.fp.ps.netease.com/file/610fe480143cfa278b65d68ciuOpO2XP03', 'https://kol-fans.fp.ps.netease.com/file/610fe4805e602762508a9e90wecMXP4103']",2021-08-08 14:04:49
真的真的很喜欢大家在一起的感觉,,游戏截图,轩轩,"['https://kol-fans.fp.ps.netease.com/file/610faada96dee4250a614f71d4hHIvqX03', 'https://kol-fans.fp.ps.netease.com/file/610faadb6f04941f9987854eYWdD2krS03', 'https://kol-fans.fp.ps.netease.com/file/610faadb6f049460fb211628VSgm54ag03', 'https://kol-fans.fp.ps.netease.com/file/610faadb96dee43766f1ff3bRfkJs6sl03']",2021-08-08 09:58:52
满目星河皆不如你,,游戏截图,荷包蛋m,"['https://kol-fans.fp.ps.netease.com/file/610f8a39143cfa0dc7002573Dsp17lYB03', 'https://kol-fans.fp.ps.netease.com/file/610f8a39143cfa9b32150465Cd4hfMTL03', 'https://kol-fans.fp.ps.netease.com/file/610f8a396f04942cf9a83d67Njh1AimO03']",2021-08-08 07:39:38
日常🌌,,游戏截图,18977****31,['https://kol-fans.fp.ps.netease.com/file/610e9a252786fd09c88b7e33RzgftL6v03'],2021-08-07 14:35:18
夕阳，樱花，和你,,游戏截图,17521****16,['https://kol-fans.fp.ps.netease.com/file/610e52fe143cfa69b3ff1d37ewLUidSA03'],2021-08-07 09:31:43
在遇境的夜光下，有你的影子,,视频,ririsanu,['https://kol-fans.fp.ps.netease.com/file/610de8395e60271740742ab7SH2Bv5K203'],2021-08-07 01:56:11
菇菇茹,,Cosplay,15844****00,"['https://kol-fans.fp.ps.netease.com/file/610ccdb28b742764945c352aQimerFEp03', 'https://kol-fans.fp.ps.netease.com/file/610ccdb3143cfa316ef6d031Lcm0kpje03']",2021-08-06 05:50:44
光遇截图,,游戏截图,Kelly,"['https://kol-fans.fp.ps.netease.com/file/610ca4df8b74272c5d7934b0V2g99mXz03', 'https://kol-fans.fp.ps.netease.com/file/610ca4df143cfa81df4657a4g9d6A3Vr03', 'https://kol-fans.fp.ps.netease.com/file/610ca4e0143cfa99c3cd87c5Y4ybK9gG03', 'https://kol-fans.fp.ps.netease.com/file/610ca4e08b74274da78f9df7vGGOobxU03']",2021-08-06 02:56:33
只管舞翩翩，不问岁月至何年。,,视频,ririsanu,['https://kol-fans.fp.ps.netease.com/file/610c8f425e602743301d8a84bJPSMBBa03'],2021-08-06 01:24:19
夏风习习，蝉鸣阵阵，我们在夏夜的遇境，聆听琴音和旅人们的故事。,,温暖,15541****26,"['https://kol-fans.fp.ps.netease.com/file/610b70e9a7f2524dc89fe6b1Yehp2GT203', 'https://kol-fans.fp.ps.netease.com/file/610b70ea7f9d2a550ff98648f90fhjOt03']",2021-08-05 05:02:35
风眼乐园,,游戏截图,a****2897851,"['https://kol-fans.fp.ps.netease.com/file/610a3ad05e60270f23e3b149PHb2reyz03', 'https://kol-fans.fp.ps.netease.com/file/610a3ad0a7f2523efc452410PlC8ywQq03', 'https://kol-fans.fp.ps.netease.com/file/610a3ad02786fd9f6cdef304kF0xb8Vv03']",2021-08-04 06:59:29
那次真的很难忘,,游戏截图,15029****77,"['https://kol-fans.fp.ps.netease.com/file/610a1b8c6f049458e2525d05RzyWGzzD03', 'https://kol-fans.fp.ps.netease.com/file/610a1b8c143cfa167822dea2U8hBRC4P03', 'https://kol-fans.fp.ps.netease.com/file/610a1b8d6f04946730b66c6bmFLqMieo03', 'https://kol-fans.fp.ps.netease.com/file/610a1b8d96dee41a1829a5cbsoKJKlrr03']",2021-08-04 04:46:07
我把小王子捏出来啦,,手作,13012****15,"['https://kol-fans.fp.ps.netease.com/file/6109e2247f9d2a65f925691fyVjidXUz03', 'https://kol-fans.fp.ps.netease.com/file/6109e224a7f25248ffedab57xvDcifeF03', 'https://kol-fans.fp.ps.netease.com/file/6109e2248b742723c0e6b694XCJUHCub03', 'https://kol-fans.fp.ps.netease.com/file/6109e2247f9d2a0e28ab88c3XV3QxvFA03']",2021-08-04 00:41:09
我师了,,游戏截图,15259****04,['https://kol-fans.fp.ps.netease.com/file/6109b874143cfa586825081e6U3ruB9K03'],2021-08-03 21:43:17
这一天,在我决定好要买斗篷的时候，居然充值不了了，这是为什么啊啊啊，555,同人文,15220****87,[],2021-08-03 09:34:38
奋斗,,游戏截图,16620****70,['https://kol-fans.fp.ps.netease.com/file/6108f15c96dee4286b534580wvfjTClN03'],2021-08-03 07:33:49
我们,,游戏截图,15148****40,"['https://kol-fans.fp.ps.netease.com/file/610810e0143cfa99896704d2qQHLSZsY03', 'https://kol-fans.fp.ps.netease.com/file/610810e0a7f2523c438eb401AqO5JCEF03', 'https://kol-fans.fp.ps.netease.com/file/610810e07f9d2a4aa1dfe0826qgkDLS403', 'https://kol-fans.fp.ps.netease.com/file/610810e06f04944ac8b2bdc1DjJGaNzv03']",2021-08-02 15:36:01
萌新快乐入坑指南,,手绘,13902****80,['https://kol-fans.fp.ps.netease.com/file/6107951b8b742731412a4d06vaMepwG403'],2021-08-02 06:47:57
风景优美,,游戏截图,13921****45,"['https://kol-fans.fp.ps.netease.com/file/61079516143cfa3d9a641884tHVoVWkF03', 'https://kol-fans.fp.ps.netease.com/file/610795162786fd7329a0c06ewRs6pii803', 'https://kol-fans.fp.ps.netease.com/file/610795168b7427543563e77c8E2z4ONz03', 'https://kol-fans.fp.ps.netease.com/file/6107951796dee449fabf2a15yMCq1cNk03']",2021-08-02 06:47:52
光遇日常,,游戏截图,18195****78,"['https://kol-fans.fp.ps.netease.com/file/610768558b74271dc40ec4419YIyiKcV03', 'https://kol-fans.fp.ps.netease.com/file/610768556f04941801d190d8zIHVgGxT03', 'https://kol-fans.fp.ps.netease.com/file/610768556f04944db756b4ec37pleQbR03', 'https://kol-fans.fp.ps.netease.com/file/610768565e6027475b6fd21bktFSduRP03']",2021-08-02 03:36:55
点开看！！,,游戏截图,18189****65,"['https://kol-fans.fp.ps.netease.com/file/6106883d96dee435b4088eb7EgtVKWzx03', 'https://kol-fans.fp.ps.netease.com/file/6106883d96dee449f5746230K604CAov03', 'https://kol-fans.fp.ps.netease.com/file/6106883d96dee435b4088ebdtRgxZhd003', 'https://kol-fans.fp.ps.netease.com/file/6106883ea7f2526b1fc472e1xUEyX6Xq03']",2021-08-01 11:40:47
鲸落万物生,,同人绘,h****333,['https://kol-fans.fp.ps.netease.com/file/610550817f9d2a5829db06b8OrUDTeMw03'],2021-07-31 13:30:41
蝴蝶结,,手作,13012****15,['https://kol-fans.fp.ps.netease.com/file/610350c0a7f252537be9709bUdki2w6B03'],2021-07-30 01:07:12
去暮土嗨皮,,游戏截图,13012****15,"['https://kol-fans.fp.ps.netease.com/file/61034f4e2786fd2da84ac5aauoqqoNht03', 'https://kol-fans.fp.ps.netease.com/file/61034f4e5e6027820f21110aLKbxmlkE03', 'https://kol-fans.fp.ps.netease.com/file/61034f4e2786fd2da84ac5b083YN0p0P03']",2021-07-30 01:01:03
感谢那次相遇👀,,游戏截图,17717****58,['https://kol-fans.fp.ps.netease.com/file/6102bc84a7f252686cf407d7uYIa2ijh03'],2021-07-29 14:34:45
光是遇见，就很美好,,游戏截图,云,"['https://kol-fans.fp.ps.netease.com/file/6102691b7f9d2a5befee4419KtWiKI2303', 'https://kol-fans.fp.ps.netease.com/file/6102691ba7f2527310cb9097i1Ts1tei03', 'https://kol-fans.fp.ps.netease.com/file/6102691c8b74270d11181688D4G3chSF03', 'https://kol-fans.fp.ps.netease.com/file/6102691c96dee42d97270f18M7AiZUv103']",2021-07-29 08:38:54
才发现 这构图好好ヾ ^_^♪,,游戏截图,z****b,['https://kol-fans.fp.ps.netease.com/file/61022e71143cfa39f9aa53c5IpXTo1rK03'],2021-07-29 04:28:33
也许可以离你近一点,,视频,ririsanu,['https://kol-fans.fp.ps.netease.com/file/610201625e60278fa2cbbb6fSMOSaGgw03'],2021-07-29 01:16:20
#天空越暗的时候，越能看到漫天星辰,,视频,ririsanu,['https://kol-fans.fp.ps.netease.com/file/6100bd7196dee4326d3ee3e3DCUexTTh03'],2021-07-28 02:14:10
苏打最爱的王子游戏！,,同人,n****soda,"['https://kol-fans.fp.ps.netease.com/file/61003a4fa7f2523a8d1ca4beKCD7ggOZ03', 'https://kol-fans.fp.ps.netease.com/file/61003a4fa7f2523a8d1ca4c2DARCGprR03', 'https://kol-fans.fp.ps.netease.com/file/61003a4f7f9d2a18a49ba1cf8WkLeFXo03', 'https://kol-fans.fp.ps.netease.com/file/61003a4f8b7427400671b394Dd0dhQ3h03']",2021-07-27 16:54:40
我,,视频,17710****13,"['https://kol-fans.fp.ps.netease.com/file/60ffb9bc96dee47361af795ama9FO6kJ03', 'https://kol-fans.fp.ps.netease.com/file/60ffb9bc5e60278fa2b3a502uC2iIBKx03', 'https://kol-fans.fp.ps.netease.com/file/60ffb9bca7f25209d80a06a7dY0ZibcT03', 'https://kol-fans.fp.ps.netease.com/file/60ffb9bd143cfa49d12d3dea5iPFhO0J03']",2021-07-27 07:46:06
我从不知道玫瑰后是你，卡卡,,游戏截图,杨柳絮飞,"['https://kol-fans.fp.ps.netease.com/file/60fef3e696dee42f83dee64c7K7TfDry03', 'https://kol-fans.fp.ps.netease.com/file/60fef3e72786fd6d5940d23cm6jLVb8w03', 'https://kol-fans.fp.ps.netease.com/file/60fef3e75e6027976992401f1igPQJtZ03']",2021-07-26 17:42:00
难忘,,游戏截图,17261****16,"['https://kol-fans.fp.ps.netease.com/file/60fdc5867f9d2a114673b982ok8kIio503', 'https://kol-fans.fp.ps.netease.com/file/60fdc5866f0494436728cd4esYHkAgxf03', 'https://kol-fans.fp.ps.netease.com/file/60fdc5865e602784bdb8ca11xV2F0ToN03', 'https://kol-fans.fp.ps.netease.com/file/60fdc587a7f2524003055038zpBPCiW603']",2021-07-25 20:11:53
和监护的打卡~,,游戏截图,13896****18,"['https://kol-fans.fp.ps.netease.com/file/60fd3b80143cfa9856f2b213WdGWpAQX03', 'https://kol-fans.fp.ps.netease.com/file/60fd3b8096dee47b67aea017CfO79ze303', 'https://kol-fans.fp.ps.netease.com/file/60fd3b807f9d2a2c0fd89e77bX4L58Z103']",2021-07-25 10:22:57
我怀念的,,游戏截图,13414****89,"['https://kol-fans.fp.ps.netease.com/file/60fc531096dee45697ead749WJYEud9b03', 'https://kol-fans.fp.ps.netease.com/file/60fc531196dee4855095a3b48GztJwdk03']",2021-07-24 17:51:13
看看星光看月亮    看看我的心,,孤狼之旅,短笛,"['https://kol-fans.fp.ps.netease.com/file/60fc29c66f04941cda12f362hV4zfG3P03', 'https://kol-fans.fp.ps.netease.com/file/60fc29c86f04941d1e8d6a23gFJzWGsJ03', 'https://kol-fans.fp.ps.netease.com/file/60fc29c95e6027894b28d886oZkTr87303', 'https://kol-fans.fp.ps.netease.com/file/60fc29cb7f9d2a1d33a5ddbaAHSfG23X03']",2021-07-24 14:55:09
也许。,,游戏截图,13159****91,['https://kol-fans.fp.ps.netease.com/file/60f8ef1a5e6027738749c55fWDymLG5u03'],2021-07-22 04:07:54
我们都要做那朵高贵却不失爱的玫瑰,,游戏截图,等等,"['https://kol-fans.fp.ps.netease.com/file/60f870238b7427190ea4419502e2HUGc03', 'https://kol-fans.fp.ps.netease.com/file/60f8702496dee49e5dbead82BZivbI7J03', 'https://kol-fans.fp.ps.netease.com/file/60f87024a7f2524d16e60005qSdHLDKZ03', 'https://kol-fans.fp.ps.netease.com/file/60f870242786fd0299bbbbe3XlwWQHpS03']",2021-07-21 19:06:13
生活本来就是一场浪漫革命,,游戏截图,囿冉,['https://kol-fans.fp.ps.netease.com/file/60f6f613143cfa1d9686e939NIPIHmJh03'],2021-07-20 16:13:07
这么好看的季节，可惜你只留在了那个梦想季,,游戏截图,屿🌧️,"['https://kol-fans.fp.ps.netease.com/file/60f6a37c143cfa1eabb12d48vl1tyg7d03', 'https://kol-fans.fp.ps.netease.com/file/60f6a37d8b7427664aa5fd18VPljfMNT03']",2021-07-20 10:20:45
一步两步三不回头,,游戏截图,屿🌧️,['https://kol-fans.fp.ps.netease.com/file/60f6a2ff5e602768bb3880f6ZJIRYwbc03'],2021-07-20 10:18:39
纪念第一次要去重生~,,游戏截图,源,['https://kol-fans.fp.ps.netease.com/file/60f687e0a7f25274c730d115iihxEZgS03'],2021-07-20 08:22:57
从前有个小王子，他生活的星球比他大不了多少，他想找个朋友......,,游戏截图,源,['https://kol-fans.fp.ps.netease.com/file/60f687a8143cfa2f61fe24b9hbaYilHg03'],2021-07-20 08:22:00
特别喜欢自己来这里坐着,,游戏截图,源,['https://kol-fans.fp.ps.netease.com/file/60f6869f6f049417672c17ceX5A884ih03'],2021-07-20 08:17:36
温暖,,游戏截图,18650****33,['https://kol-fans.fp.ps.netease.com/file/60f448d3a7f2521ff3537c93hizDtAaw03'],2021-07-18 15:29:24
卖小孩，老头不卖,,游戏截图,汐月,"['https://kol-fans.fp.ps.netease.com/file/60f440faa7f2520cff1259e1wJVYV0Li03', 'https://kol-fans.fp.ps.netease.com/file/60f440fe96dee4026ed67e58ONFOGfX003', 'https://kol-fans.fp.ps.netease.com/file/60f44101a7f2525823089e1d5OQt1WTE03']",2021-07-18 14:56:01
﻿不知道说什么，给大家劈个叉吧,,游戏截图,汐月,['https://kol-fans.fp.ps.netease.com/file/60f4407396dee47bc2c9f7b5w5wocfUV03'],2021-07-18 14:53:40
夕阳,,游戏截图,汐月,['https://kol-fans.fp.ps.netease.com/file/60f440492786fd800fe3f94eHmVZRGM803'],2021-07-18 14:52:58
嗷呜,,游戏截图,汐月,"['https://kol-fans.fp.ps.netease.com/file/60f4402896dee49bfe9a268aPtpP6MvN03', 'https://kol-fans.fp.ps.netease.com/file/60f4402996dee49bfe9a269cDAk3LUm203']",2021-07-18 14:52:26
我中毒了，我一看到小风车就想阿巴阿巴阿巴阿巴阿巴阿巴,,游戏截图,汐月,['https://kol-fans.fp.ps.netease.com/file/60f43f966f04940f5da02218L7VliZrL03'],2021-07-18 14:49:58
有一种光遇吴亦凡的感觉，我真的觉得总裁头好帅啊【不喜吴亦凡的也别喷，我没啥其他意思，主要是想说这个很像吴亦凡那种类型的，个人看法🙏 】,,游戏截图,汐月,['https://kol-fans.fp.ps.netease.com/file/60f43f2c7f9d2a0420827546vgCx1a2A03'],2021-07-18 14:48:13
爱是不是不开口才珍贵.,,视频,嘉,['https://kol-fans.fp.ps.netease.com/file/60f392a95e602777b196b2101rRUSjOx03'],2021-07-18 02:32:10
希望在落日时分,,视频,嘉,['https://kol-fans.fp.ps.netease.com/file/60f3922596dee42e82365f8emiZePKoQ03'],2021-07-18 02:29:58
和先祖一起看日落啊,,游戏截图,15089****57,['https://kol-fans.fp.ps.netease.com/file/60f2a4fb143cfa97979a2ea186TTbgHF03'],2021-07-17 09:38:04
独自徘徊,,游戏截图,18065****51,"['https://kol-fans.fp.ps.netease.com/file/60f189397f9d2a4d4c3cc3b4XLmcUUD903', 'https://kol-fans.fp.ps.netease.com/file/60f18939a7f2526cd2b0f25fOcW0VBao03']",2021-07-16 13:27:22
可遇不可求,,游戏截图,9****0845,"['https://kol-fans.fp.ps.netease.com/file/60f1306b96dee442dcaae68fd6VfrekO03', 'https://kol-fans.fp.ps.netease.com/file/60f1306b143cfa6bf963fc08woqiHiTB03', 'https://kol-fans.fp.ps.netease.com/file/60f1306c5e602734ce99eaf4SfluRO2S03', 'https://kol-fans.fp.ps.netease.com/file/60f1306c5e60278b583d9524A44agMaT03']",2021-07-16 07:08:28
菇菇,,游戏截图,15523****80547155,"['https://kol-fans.fp.ps.netease.com/file/60f0ee3e2786fd8ba8559cb93YbXu8e503', 'https://kol-fans.fp.ps.netease.com/file/60f0ee3e2786fd5355b22e97Cd4fR9R203', 'https://kol-fans.fp.ps.netease.com/file/60f0ee3e7f9d2a342daca056EwC4Ncic03']",2021-07-16 02:26:07
怎么办，可以输入80字！,,游戏截图,2****18334,"['https://kol-fans.fp.ps.netease.com/file/60f0c6342786fd955c20d4e2rEXrQiQZ03', 'https://kol-fans.fp.ps.netease.com/file/60f0c6345e602799326de144241qHE9l03', 'https://kol-fans.fp.ps.netease.com/file/60f0c634143cfa9413ca2c3croaF5cig03', 'https://kol-fans.fp.ps.netease.com/file/60f0c634143cfa69b660f79aDUjpKvcv03']",2021-07-15 23:35:18
风景…,,游戏截图,15037****01,"['https://kol-fans.fp.ps.netease.com/file/60f027de8b74277048a1aad1mKf6iWZx03', 'https://kol-fans.fp.ps.netease.com/file/60f027df6f049446ba21daacUh358NzR03', 'https://kol-fans.fp.ps.netease.com/file/60f027df7f9d2a21af6645a3yLZomISd03']",2021-07-15 12:19:44
美丽的千鸟城,,游戏截图,13476****97,['https://kol-fans.fp.ps.netease.com/file/60eebcd0a750143d918853b8esVfx0vA03'],2021-07-14 10:30:40
伊甸也能这么美,,游戏截图,18903****01,"['https://kol-fans.fp.ps.netease.com/file/60eeae64a750143d87155f6e6iT9kYh803', 'https://kol-fans.fp.ps.netease.com/file/60eeae6496dee4033160b41aiii9cgxq03']",2021-07-14 09:29:09
仍旧记不起那时和你说了什么,"“以后，和你在一起的人会很痛苦”，带着这句话，她走了
我努力的记起她，可是只剩下这句话，至今我仍旧不理解，只知道，她对我来说，已经不再重要
“你会抛弃我吗？”小小的她这样问
“X，我喜欢你“留下这句后，他也离开了
“你还是重新找个人陪你玩吧”另一个她说
“因为没有关系才D的，很多人加在你身边做陪衬你才高兴？”她留在纸船上
“好巧，我也不想”她拉着别人就走了
这些到底是什么呢？也许什么意义也没有……",游戏截图,18083****90,[],2021-06-01 09:56:23
🌝🌝,,同人绘,南。,['https://kol-fans.fp.ps.netease.com/file/60b5c3d4143cfa96e45c1b99TEmdleJS03'],2021-06-01 05:21:25
“一个人也可以很好”,,游戏截图,jys,"['https://kol-fans.fp.ps.netease.com/file/60b512867f9d2a306550136bEJVF6oOc03', 'https://kol-fans.fp.ps.netease.com/file/60b51286a7f2523950ec875amFa7XMH903', 'https://kol-fans.fp.ps.netease.com/file/60b51286143cfa5285539f19H6XPUZpH03', 'https://kol-fans.fp.ps.netease.com/file/60b5128696dee447f61e6154YjGJRZq803']",2021-05-31 16:44:55
最好的就是你在身边,,游戏截图,15109****28,['https://kol-fans.fp.ps.netease.com/file/60b5122f2786fd4063e80140eaVUhREN03'],2021-05-31 16:43:27
落霞,,游戏截图,s****413156,['https://kol-fans.fp.ps.netease.com/file/60b4f8bf5e602724dd4d9f6eJPUD0Upj03'],2021-05-31 14:54:55
圣洁之光,,游戏截图,15588****95,['https://kol-fans.fp.ps.netease.com/file/60b4f1047f9d2a1ef80df48cOuYCfu0F03'],2021-05-31 14:21:56
"童年回忆啊,QAQ",,视频,RX小至,['https://kol-fans.fp.ps.netease.com/file/60b459ee96dee40e4c6b28294JACCmCg03'],2021-05-31 03:37:19
"师徒同行,遇见温暖",,游戏截图,RX小至,"['https://kol-fans.fp.ps.netease.com/file/60b459b78b74270228ca7f5099v0mO7o03', 'https://kol-fans.fp.ps.netease.com/file/60b459b77f9d2a6020f6d733eijYlH2L03', 'https://kol-fans.fp.ps.netease.com/file/60b459b78b7427525971df5ePypCJlG503', 'https://kol-fans.fp.ps.netease.com/file/60b459b72786fd933f9b4a12963oF9ui03']",2021-05-31 03:36:24
初入光遇,,游戏截图,RX小至,"['https://kol-fans.fp.ps.netease.com/file/60b458942786fd96ae45a609EhHrVBeZ03', 'https://kol-fans.fp.ps.netease.com/file/60b458956f049469b3b145bcKkeOzdSi03', 'https://kol-fans.fp.ps.netease.com/file/60b458955e60278cc1dcf4d7oiILekKQ03', 'https://kol-fans.fp.ps.netease.com/file/60b4589596dee4388362d855YSJQQCdu03']",2021-05-31 03:31:33
光遇养老日常h h h,,游戏截图,游荡,"['https://kol-fans.fp.ps.netease.com/file/60b3c9f25e6027073effc749Eei4sAkD03', 'https://kol-fans.fp.ps.netease.com/file/60b3c9f32786fd7bb23e331fvUmvxFGF03', 'https://kol-fans.fp.ps.netease.com/file/60b3c9f58b7427345d8c9b98XFjFXoFG03', 'https://kol-fans.fp.ps.netease.com/file/60b3c9f75e60272d89c1a8b9FRwJAPQF03']",2021-05-30 17:23:04
温暖的灵魂终将相遇,,游戏截图,18223****62,"['https://kol-fans.fp.ps.netease.com/file/60b394688b7427799a65d3d6u7hYKEZS03', 'https://kol-fans.fp.ps.netease.com/file/60b3946996dee412cccfa825ws3IvFoJ03', 'https://kol-fans.fp.ps.netease.com/file/60b39469a7f252596cc99b44aqljLhW003', 'https://kol-fans.fp.ps.netease.com/file/60b3946a8b7427799a65d3e7t09GPWMe03']",2021-05-30 13:34:37
你知道我为什么一点也不难过吗，因为我知道，你不是让我难过的人,,游戏截图,冷狮,['https://kol-fans.fp.ps.netease.com/file/60b365847f9d2a4e4e75f261iuNSH7PS03'],2021-05-30 10:14:29
烟花. ,,游戏截图,纽扣,['https://kol-fans.fp.ps.netease.com/file/60b35ff86f049460c1d7d3baTEWJs79Y03'],2021-05-30 09:50:49
山中之物·山之鬼,,孤狼之旅,短笛,"['https://kol-fans.fp.ps.netease.com/file/60b32f415e60272815cec3759wY2BpcN03', 'https://kol-fans.fp.ps.netease.com/file/60b32f428b742716c88a78c8crFRV77U03', 'https://kol-fans.fp.ps.netease.com/file/60b32f496f04946d9bd031be3DYDkbep03', 'https://kol-fans.fp.ps.netease.com/file/60b32f4a143cfa503111ffa5JfMTrxRL03']",2021-05-30 06:23:10
我一脚踏空  我就要飞起来了,,孤狼之旅,短笛,"['https://kol-fans.fp.ps.netease.com/file/60b32ec47f9d2a2601d9c972Jo8EL42N03', 'https://kol-fans.fp.ps.netease.com/file/60b32ec596dee49328a8d0a69O8GgBLi03', 'https://kol-fans.fp.ps.netease.com/file/60b32ec596dee488ed601d21rqeCNApt03', 'https://kol-fans.fp.ps.netease.com/file/60b32ec6a7f252787345b6afi9ZgJ81R03']",2021-05-30 06:20:55
私奔,,游戏截图,17757****10,"['https://kol-fans.fp.ps.netease.com/file/60b31cd7143cfa29e0369309x2ZNgNak03', 'https://kol-fans.fp.ps.netease.com/file/60b31cd796dee41e9da51b94eImJQeig03']",2021-05-30 05:04:24
我和她,,游戏截图,19131****18,"['https://kol-fans.fp.ps.netease.com/file/60b31132143cfa38638ea5cfN279Yepq03', 'https://kol-fans.fp.ps.netease.com/file/60b3113396dee433b6ce21daXMtrZfCs03', 'https://kol-fans.fp.ps.netease.com/file/60b31133a7f252435f56f545RwuYdAaS03', 'https://kol-fans.fp.ps.netease.com/file/60b311346f04941da7a9a74bXuC2BZIe03']",2021-05-30 04:14:45
🌚🌚,,游戏截图,北,['https://kol-fans.fp.ps.netease.com/file/60b30f88143cfa1eada7f1159xPN1iw603'],2021-05-30 04:07:37
看啊，路上的花开了，风又吹起，你在听吗？,,游戏截图,2****69939,"['https://kol-fans.fp.ps.netease.com/file/60b30ab5143cfa697646f296iNDm2rjy03', 'https://kol-fans.fp.ps.netease.com/file/60b30ab5a7f25222901f6722z4OL9qcf03', 'https://kol-fans.fp.ps.netease.com/file/60b30ab55e602782582c45ebtlmWxFgg03', 'https://kol-fans.fp.ps.netease.com/file/60b30ab62786fd057d5a7038ivtvBscN03']",2021-05-30 03:47:02
献祭,,游戏截图,18509****25,"['https://kol-fans.fp.ps.netease.com/file/60b2f94f6f049472c2d0328eTD1FIGEs03', 'https://kol-fans.fp.ps.netease.com/file/60b2f94f8b742752410d6a8cSOpwvLFo03']",2021-05-30 02:32:48
投稿啦！,,游戏截图,北,"['https://kol-fans.fp.ps.netease.com/file/60b250ad96dee451681d20e1pBz98iL003', 'https://kol-fans.fp.ps.netease.com/file/60b250ad8b74276ebfce50e58ut6joTp03', 'https://kol-fans.fp.ps.netease.com/file/60b250ad96dee43aa6501f4fLgWG1klF03', 'https://kol-fans.fp.ps.netease.com/file/60b250ad5e60277c222b66772MkVVoaE03']",2021-05-29 14:33:18
拍摄神器啊！,,游戏截图,短笛,"['https://kol-fans.fp.ps.netease.com/file/60b2398e143cfa88709a5d0cIEjw8rZl03', 'https://kol-fans.fp.ps.netease.com/file/60b2398e5e60275939e0dab8riJiPujS03', 'https://kol-fans.fp.ps.netease.com/file/60b2398e143cfa88709a5d10qMEauMSq03', 'https://kol-fans.fp.ps.netease.com/file/60b2398e143cfa0153022a6flu6VlvU603']",2021-05-29 12:54:39
遇到一个可爱的揪揪,,游戏截图,阿城阿城哇呀呀呀,"['https://kol-fans.fp.ps.netease.com/file/60b22b172786fd9136e63024aqHBFu0Y03', 'https://kol-fans.fp.ps.netease.com/file/60b22b185e602724ba97576eWS75tiLv03', 'https://kol-fans.fp.ps.netease.com/file/60b22b182786fd64a65eda7buiKWk4rB03']",2021-05-29 11:52:57
在光遇里一起看超级月亮🌙 ,,同人绘,鱼籽,['https://kol-fans.fp.ps.netease.com/file/60b1f46c8b74272e942b11a0R2AmiNAq03'],2021-05-29 07:59:40
杂绘,,同人绘,林觉,"['https://kol-fans.fp.ps.netease.com/file/60b1d42b7f9d2a46978e800b4HycTMyC03', 'https://kol-fans.fp.ps.netease.com/file/60b1d42e5e60271377446ec85IJrBRzz03']",2021-05-29 05:42:07
萌新,,同人绘,御崽,['https://kol-fans.fp.ps.netease.com/file/60b1baea143cfa400bd6fcb22Vliqsb503'],2021-05-29 03:54:19
白鸟,,游戏截图,御崽,"['https://kol-fans.fp.ps.netease.com/file/60b1ba81143cfa400bd6f9c3Q9WVd2ei03', 'https://kol-fans.fp.ps.netease.com/file/60b1ba816f049460ccec665ffhIzPiqN03']",2021-05-29 03:52:34
秋绪,,游戏截图,御崽,"['https://kol-fans.fp.ps.netease.com/file/60b1ba1d5e60272b1c1682d9srhVmOyY03', 'https://kol-fans.fp.ps.netease.com/file/60b1ba1da7f2520460f33bf4u1pJ5O1Y03']",2021-05-29 03:50:54
年年有风 风吹年年 慢慢即漫漫,,游戏截图,15660****96,"['https://kol-fans.fp.ps.netease.com/file/60b1a7985e60272da97b826cRj0pSqOY03', 'https://kol-fans.fp.ps.netease.com/file/60b1a7992786fd312df26637zjiUyr2w03']",2021-05-29 02:31:54
盲盒大作战,,游戏截图,18398****32,['https://kol-fans.fp.ps.netease.com/file/60b19fcc7f9d2a6a1031b069xP2GXfu003'],2021-05-29 01:58:37
也许，只剩下遗憾,,游戏截图,15638****97,['https://kol-fans.fp.ps.netease.com/file/60b17c1a96dee48a00c6851cEVjQd7Yr03'],2021-05-28 23:26:19
ღ( ´･ᴗ･` )比心,,游戏截图,19935****49,"['https://kol-fans.fp.ps.netease.com/file/60b0ca677f9d2a2cd8137b21uBtURXgQ03', 'https://kol-fans.fp.ps.netease.com/file/60b0ca678b74273ddd437adeLztH2KNz03', 'https://kol-fans.fp.ps.netease.com/file/60b0ca67143cfa3be5660fe2NYBVdWe303', 'https://kol-fans.fp.ps.netease.com/file/60b0ca672786fd69436700efiNV6aYTJ03']",2021-05-28 10:48:08
有光照耀的地方就会有花开,,游戏截图,19162****65,"['https://kol-fans.fp.ps.netease.com/file/60b0801b8b74271238920713K5tOgBRC03', 'https://kol-fans.fp.ps.netease.com/file/60b0801b6f04944f0dac751cdvC7UEDj03']",2021-05-28 05:31:07
一直是他,,游戏截图,13850****10,"['https://kol-fans.fp.ps.netease.com/file/60b07eb68b742712389201ebjtD9B3fB03', 'https://kol-fans.fp.ps.netease.com/file/60b07eb66f04944f0dac6fd6SxwGZFD803']",2021-05-28 05:25:11
等  下一个  樱花季,,游戏截图,19162****65,"['https://kol-fans.fp.ps.netease.com/file/60b07dfd5e602791b6eeb34fqAD6Eaqw03', 'https://kol-fans.fp.ps.netease.com/file/60b07dfe2786fd3c527497ffqm912yiT03']",2021-05-28 05:22:06
做的第一个光遇小手办,,手作,l****224315,['https://kol-fans.fp.ps.netease.com/file/60af4c058b74276f65175f4esz0Za21a03'],2021-05-27 07:36:38
。,那个ta还在吗,同人文,l****5120552,[],2021-05-26 23:41:53
星河滚烫 你是人间理想,,游戏截图,15255****39,['https://kol-fans.fp.ps.netease.com/file/60ae5cb796dee4679b8e30f38vFI6Mmv03'],2021-05-26 14:35:35
那时候的你我都一样,我是个国服的小崽子，那时候我记得在很久之前在第一次知道光遇这个游戏的时候，他还是只有国际服的时候，我想了很多办法都没有进国际服，然后我慢慢地等国服上线了，我那时候唯一一个愿望就是矮人面具，后来我也慢慢的交了很多朋友，但是后来星盘都慢慢地暗下来了，我想我也是时候走了，然后我本身世渠道服，换了手机后那些东西都不在了然后再今年四月我又回来了还是不舍得的，虽然一切从来但是会遇到更多的人，希望光遇越来越好,回忆,19855****51,[],2021-05-26 01:58:49
关于萌新时最喜欢戴的麻花辫,,同人绘,15221****16,['https://kol-fans.fp.ps.netease.com/file/60adaab45e60279a46fb4574IzzvB3qp03'],2021-05-26 01:56:04
满眼皆星辰，所遇皆良人,,游戏截图,l****0519,"['https://kol-fans.fp.ps.netease.com/file/60ad9f40143cfa0ba6c03991NBAgYoQy03', 'https://kol-fans.fp.ps.netease.com/file/60ad9f40143cfa8f9aef3780pTOTiZa703', 'https://kol-fans.fp.ps.netease.com/file/60ad9f418b74270b0886a2d3CAyZgE1A03', 'https://kol-fans.fp.ps.netease.com/file/60ad9f418b74270b0886a2d72Wisj7Qj03']",2021-05-26 01:07:15
对你的喜欢就是：你弹琴，我打伞,,游戏截图,13265****47,['https://kol-fans.fp.ps.netease.com/file/60acc62a143cfa73ad07a3d5a0FLHspF03'],2021-05-25 09:40:59
考古,,游戏截图,15243****13,['https://kol-fans.fp.ps.netease.com/file/60aa6f7c5e60270e92a41f9aqU9T8NqG03'],2021-05-23 15:06:36
小漫画,,同人绘,糯米,"['https://kol-fans.fp.ps.netease.com/file/60aa550b5e60277f7697c6c7VBNEuVN603', 'https://kol-fans.fp.ps.netease.com/file/60aa550b7f9d2a6da9b12862BAowBQmP03', 'https://kol-fans.fp.ps.netease.com/file/60aa550c2786fd1a7e7671bfFaFQiTT603', 'https://kol-fans.fp.ps.netease.com/file/60aa550ca7f2520612eb06d5YBFPTVOX03']",2021-05-23 13:13:51
尽力了,,手作,小诗,['https://kol-fans.fp.ps.netease.com/file/60aa29b66f04940202a0b5afqkOK6Obe03'],2021-05-23 10:08:55
﻿很久以前的照片,,游戏截图,小诗,['https://kol-fans.fp.ps.netease.com/file/60aa256f143cfa6aeb16c2d2uSf7BdCS03'],2021-05-23 09:50:39
萌新小表情,,手作,小栗子🌰的崽崽,['https://kol-fans.fp.ps.netease.com/file/60aa19b26f04940c58fbabcfBv9Wvkue03'],2021-05-23 09:00:35
预祝你们早日遇见那些重要的人，祝你也祝我,,游戏截图,屿🌧️,"['https://kol-fans.fp.ps.netease.com/file/60a977a46f04940e79a2132bqHuIqLSb03', 'https://kol-fans.fp.ps.netease.com/file/60a977a48b74273d365c7b33yB2Ft5vt03', 'https://kol-fans.fp.ps.netease.com/file/60a977a4143cfa5d7adf5de35fuFrqxf03']",2021-05-22 21:29:08
你告诉我，此为何？,,游戏截图,短笛,"['https://kol-fans.fp.ps.netease.com/file/60a8ff4d6f049426fff3752aERUK0DJP03', 'https://kol-fans.fp.ps.netease.com/file/60a8ff4fa7f2523591596bd5f20TvTDh03', 'https://kol-fans.fp.ps.netease.com/file/60a8ff528b742709aea389b52z9xXsRe03', 'https://kol-fans.fp.ps.netease.com/file/60a8ff547f9d2a6113afb64faW6fQMuv03']",2021-05-22 12:55:48
愿梦有星光，所念皆星河——小尘,,游戏截图,小尘,['https://kol-fans.fp.ps.netease.com/file/60a8e5b42786fd81c0dd3a38wNkPzCQ303'],2021-05-22 11:06:28
呆菇！,,游戏截图,kioper,['https://kol-fans.fp.ps.netease.com/file/60a8c7045e60270dbf70db83RJCI2yNY03'],2021-05-22 08:55:33
远行,,同人绘,2****69939,"['https://kol-fans.fp.ps.netease.com/file/60a8a33e96dee4373e46c70dHCHqzW3o03', 'https://kol-fans.fp.ps.netease.com/file/60a8a33e2786fd1438954566OtDjzeDH03', 'https://kol-fans.fp.ps.netease.com/file/60a8a33e5e60272e2f0875e907QYrqB203', 'https://kol-fans.fp.ps.netease.com/file/60a8a33e8b74276e94e409b0YhWlLqdy03']",2021-05-22 06:22:56
和姐姐过的第四个季节啦,,游戏截图,w****68895846,"['https://kol-fans.fp.ps.netease.com/file/60a875466f04942556c0f13dUsfqfYQf03', 'https://kol-fans.fp.ps.netease.com/file/60a87546a7f25268a962b01b4stYbxux03']",2021-05-22 03:06:47
一些好看的照片,,游戏截图,糯米,"['https://kol-fans.fp.ps.netease.com/file/60a8528a6f04943d619deb4dC9zPeK0z03', 'https://kol-fans.fp.ps.netease.com/file/60a8528aa7f25224076d60e6eoiZoeC103', 'https://kol-fans.fp.ps.netease.com/file/60a8528a96dee4945fe0a1ecfMioeiJZ03', 'https://kol-fans.fp.ps.netease.com/file/60a8528a8b74277be96ea9aauZ0J00Kv03']",2021-05-22 00:38:36
啊哈哈，我被壁咚了,,游戏截图,糯米,['https://kol-fans.fp.ps.netease.com/file/60a85119143cfa1dda74eb889yS2Owac03'],2021-05-22 00:32:26
我自己呀,,同人绘,糯米,['https://kol-fans.fp.ps.netease.com/file/60a8500f96dee459b9f73e43ghkPKkzo03'],2021-05-22 00:28:00
和姐妹的日常,,同人绘,糯米,['https://kol-fans.fp.ps.netease.com/file/60a849e1a7f2521ccaf74744qFoe9fyS03'],2021-05-22 00:01:38
和他的每一天,,游戏截图,19965****70,"['https://kol-fans.fp.ps.netease.com/file/60a7f5b5a7f2523367efbb3bfLrFLL9X03', 'https://kol-fans.fp.ps.netease.com/file/60a7f5b6a7f252073490c964fzEptwbx03', 'https://kol-fans.fp.ps.netease.com/file/60a7f5b6a7f2520ae4f97107o49QaMq303', 'https://kol-fans.fp.ps.netease.com/file/60a7f5b62786fd14bad9374fiWmcAbiH03']",2021-05-21 18:02:34
因光而遇,,游戏截图,13527****72,"['https://kol-fans.fp.ps.netease.com/file/60a7f0916f04940d470c0c6a3X3BDGiW03', 'https://kol-fans.fp.ps.netease.com/file/60a7f0928b74272f9aea2906l7uFlGFH03', 'https://kol-fans.fp.ps.netease.com/file/60a7f0937f9d2a01777f0f3dwAmzWIhS03', 'https://kol-fans.fp.ps.netease.com/file/60a7f0952786fd94e961ba81PdbM9Gqu03']",2021-05-21 17:40:48
我的光遇日常,,游戏截图,13411****73,"['https://kol-fans.fp.ps.netease.com/file/60a7cad42786fd801c7228c25bu6dx3C03', 'https://kol-fans.fp.ps.netease.com/file/60a7cad4a7f252422f9e6fb7aNloaq2J03', 'https://kol-fans.fp.ps.netease.com/file/60a7cad46f0494691aec47cbCBtvdCPR03', 'https://kol-fans.fp.ps.netease.com/file/60a7cad596dee41bc98c646bSlyPK67903']",2021-05-21 14:59:35
#同人绘画#花了两天画的一张无翼菇菇🥰,,同人绘,15859****45,['https://kol-fans.fp.ps.netease.com/file/60a781ec5e602721d9fe8835IpvAsk4E03'],2021-05-21 09:48:28
好看好看,,游戏截图,17537****37,"['https://kol-fans.fp.ps.netease.com/file/60a658275e60270cbbe791dcv994Vura03', 'https://kol-fans.fp.ps.netease.com/file/60a6582796dee47e1341b349YsECUTYJ03']",2021-05-20 12:37:59
小萌新鸭,,游戏截图,17537****37,['https://kol-fans.fp.ps.netease.com/file/60a657b896dee4841c052611ZdeGVzil03'],2021-05-20 12:36:08
白鸟号是我的，但是那个号没有他,,截屏,13698****55,"['https://kol-fans.fp.ps.netease.com/file/60a53d0f96dee42a93c7c0daqaZaZh1U03', 'https://kol-fans.fp.ps.netease.com/file/60a53d1096dee449e8275bc9ZkqLfXVd03', 'https://kol-fans.fp.ps.netease.com/file/60a53d1096dee42a93c7c0e27ywHIoqX03']",2021-05-19 16:30:09
纪念啵啵,,游戏截图,2****26520,['https://kol-fans.fp.ps.netease.com/file/60a45282143cfa5154ff8be88pJARTJT03'],2021-05-18 23:49:22
爱光遇爱画画,,同人绘,小马良,"['https://kol-fans.fp.ps.netease.com/file/60a358525e602731bd00b975S9IO12Jx03', 'https://kol-fans.fp.ps.netease.com/file/60a3585296dee4980406cef9oTikhrmq03', 'https://kol-fans.fp.ps.netease.com/file/60a358526f0494204410ecc8qK6WoNE403', 'https://kol-fans.fp.ps.netease.com/file/60a358538b74276f7b4be384Vcw3fByD03']",2021-05-18 06:01:57
千鸟城,,游戏截图,13139****73,"['https://kol-fans.fp.ps.netease.com/file/60a33ace96dee454f2917282exWX4z1z03', 'https://kol-fans.fp.ps.netease.com/file/60a33acf5e60271c82074282YrbzLwvG03']",2021-05-18 03:56:00
站在这雨林与霞谷的交界处，停下脚步，仔细看看这每次来都没发现的景色。想起我最初来这里时，身边还有你。,,游戏截图,18908****02,['https://kol-fans.fp.ps.netease.com/file/60a275a0143cfa0935bfa403e7dsbroG03'],2021-05-17 13:54:41
找ios监护,,游戏截图,13558****86,['https://kol-fans.fp.ps.netease.com/file/60a2759ea7f2525e82820819zL82JESz03'],2021-05-17 13:54:39
和爹咪，妈咪开心的一天🥳,,游戏截图,18908****02,"['https://kol-fans.fp.ps.netease.com/file/60a274475e60271b870d3c954iU5vLwW03', 'https://kol-fans.fp.ps.netease.com/file/60a274478b74274fb2cf525di1luImXj03', 'https://kol-fans.fp.ps.netease.com/file/60a274475e602797a40d14ff3lUvbTSR03', 'https://kol-fans.fp.ps.netease.com/file/60a274488b74273c0b2b11dcf9qbs9FA03']",2021-05-17 13:48:57
日常打卡,,久久.,久久,"['https://kol-fans.fp.ps.netease.com/file/60a13a857f9d2a4c533130ebj0QEuFiq03', 'https://kol-fans.fp.ps.netease.com/file/60a13a87a7f25203d5581b63aiJsz44x03', 'https://kol-fans.fp.ps.netease.com/file/60a13a885e6027558ff0a3d51F4ka7GJ03', 'https://kol-fans.fp.ps.netease.com/file/60a13a8a2786fd44800fdcffpuDIrb5K03']",2021-05-16 15:30:19
怀念,,游戏截图,13863****97,"['https://kol-fans.fp.ps.netease.com/file/60a1082ca7f25248c57d1b604WEQ0vBM03', 'https://kol-fans.fp.ps.netease.com/file/60a1082c6f04945802f0246bkmlm3iBr03', 'https://kol-fans.fp.ps.netease.com/file/60a1082c96dee403686bcad6pNx0sXDx03', 'https://kol-fans.fp.ps.netease.com/file/60a1082ca7f2524c68b5cabejkiYJljF03']",2021-05-16 11:55:25
有孩子互心咩,,游戏截图,Sky九城,"['https://kol-fans.fp.ps.netease.com/file/60a0bf1f6f0494187b100e39uqPuQU3503', 'https://kol-fans.fp.ps.netease.com/file/60a0bf1f143cfa6355c2e8a1582A8dq203']",2021-05-16 06:43:44
好希望，有个人在我身边,,游戏截图,林崽超喜欢雨妈,['https://kol-fans.fp.ps.netease.com/file/60a0b270143cfa0ced77e9c50LlsIIgL03'],2021-05-16 05:49:37
温暖的灵魂终将遇见,,游戏截图,15760****26,"['https://kol-fans.fp.ps.netease.com/file/60a050ad143cfa7086072111Pr5pCX0w03', 'https://kol-fans.fp.ps.netease.com/file/60a050aea7f25241ac71caa32CPyfAYq03', 'https://kol-fans.fp.ps.netease.com/file/60a050ae2786fd4e00a313e7K7Gqr4F203']",2021-05-15 22:52:31
怿泽,,游戏截图,怿泽,['https://kol-fans.fp.ps.netease.com/file/609f7f71a7f25214a1544668fx2WkTGR03'],2021-05-15 07:59:45
和云野小可爱们的暖心瞬间,,游戏截图,筱芽,"['https://kol-fans.fp.ps.netease.com/file/609f66ca2786fd2c1de68ac1rXds2Ziq03', 'https://kol-fans.fp.ps.netease.com/file/609f66ca143cfa70184269d91LawXpUB03', 'https://kol-fans.fp.ps.netease.com/file/609f66caa7f252209cf36a5djil5pc3b03']",2021-05-15 06:14:34
无语子,,游戏截图,m****7885368_1,['https://kol-fans.fp.ps.netease.com/file/609eeaa5143cfa3c1ee7fa0da61fcX0T03'],2021-05-14 21:24:54
想要一起玩的呜呜呜，我苹果,,游戏截图,方子,"['https://kol-fans.fp.ps.netease.com/file/609ea0456f04941bae69585c6xiibU4403', 'https://kol-fans.fp.ps.netease.com/file/609ea0452786fd1ccbf30e736Gw0wMy703', 'https://kol-fans.fp.ps.netease.com/file/609ea0455e60271843eba7abwUzISi4i03', 'https://kol-fans.fp.ps.netease.com/file/609ea045a7f2525c9d7517a2uq08R2K603']",2021-05-14 16:07:35
师父父，和你一起的时光真的很开心,,游戏截图,18083****90,"['https://kol-fans.fp.ps.netease.com/file/609cf4626f04940efb12ac66zaIe5WGB03', 'https://kol-fans.fp.ps.netease.com/file/609cf4625e60278b192eb8d8F38WUzB003', 'https://kol-fans.fp.ps.netease.com/file/609cf4635e60275da59cdb7ergvJTSJP03', 'https://kol-fans.fp.ps.netease.com/file/609cf463a7f2520566196d36OiAitB2G03']",2021-05-13 09:41:56
我会是你不顾艰难 踏入黑暗想要寻找的神明吗。,,游戏截图,18587****84,['https://kol-fans.fp.ps.netease.com/file/609bfd357f9d2a668b3ecbf3r5bW7Bjh03'],2021-05-12 16:07:18
都是自己拍的～有p过加过滤镜的，自己感觉还不错就想分享出来～,,游戏截图,舟茂,"['https://kol-fans.fp.ps.netease.com/file/609bbee0143cfa4093435496UeGxpsqD03', 'https://kol-fans.fp.ps.netease.com/file/609bbee06f0494334d3cbde6umefCCEa03', 'https://kol-fans.fp.ps.netease.com/file/609bbee196dee460ceb12d6fXCaFJMWF03', 'https://kol-fans.fp.ps.netease.com/file/609bbee17f9d2a587c7696c6Gs8NLmhh03']",2021-05-12 11:41:23
用心做朋友,,游戏截图,13297****58,"['https://kol-fans.fp.ps.netease.com/file/609a50378b74275795d6d1056ioCcCXu03', 'https://kol-fans.fp.ps.netease.com/file/609a50376f049469f0035de2r801LkbM03']",2021-05-11 09:36:56
天阶夜色凉如水,,游戏截图,15706****26,['https://kol-fans.fp.ps.netease.com/file/6099961b96dee457af88577fOW0VvgjI03'],2021-05-10 20:22:53
雪山侠客行,,游戏截图,贫道法号-符华上仙,['https://kol-fans.fp.ps.netease.com/file/609963ba2786fd807e17c30f71tPaG5F03'],2021-05-10 16:47:55
仙家独酌,,游戏截图,贫道法号-符华上仙,"['https://kol-fans.fp.ps.netease.com/file/60996378143cfa852aa1d446YBwDUqFm03', 'https://kol-fans.fp.ps.netease.com/file/609963788b7427517019b51d2tjJZmQr03']",2021-05-10 16:46:49
有愿意和我一起玩的嘛,,游戏截图,纽扣,"['https://kol-fans.fp.ps.netease.com/file/60995694a7f2523de0eaa5ebrEH3s7js03', 'https://kol-fans.fp.ps.netease.com/file/609956955e60276e475af71fKawLHJgt03']",2021-05-10 15:51:49
哇，翻到了自己刚入坑的截图,,游戏截图,嘎嘎,['https://kol-fans.fp.ps.netease.com/file/609923c296dee499ad25b215Y3J3y9Bh03'],2021-05-10 12:14:59
一个人的旅途好辛苦哇. ,,游戏截图,纽扣,"['https://kol-fans.fp.ps.netease.com/file/609904e17f9d2a7fd09c1969i6CZ9Ix403', 'https://kol-fans.fp.ps.netease.com/file/609904e1a7f2525c96beedd7vbiHp4IY03']",2021-05-10 10:03:14
在动之前赶紧截图,,游戏截图,短笛,"['https://kol-fans.fp.ps.netease.com/file/6097f9b796dee41de07de2481NIQSGEw03', 'https://kol-fans.fp.ps.netease.com/file/6097f9b86f049478a6bd0d558e4EgvKe03', 'https://kol-fans.fp.ps.netease.com/file/6097f9b896dee49a11be310bTmiMeATa03', 'https://kol-fans.fp.ps.netease.com/file/6097f9b87f9d2a3b04013580IpBi12Rt03']",2021-05-09 15:03:20
遇见你，是我的幸运,,游戏截图,19935****56,"['https://kol-fans.fp.ps.netease.com/file/6097eff82786fd391ac780f0wuPXip1303', 'https://kol-fans.fp.ps.netease.com/file/6097eff88b74272d0430f6c2hmwKRBOz03', 'https://kol-fans.fp.ps.netease.com/file/6097eff98b74272d0430f6c61989GN8I03', 'https://kol-fans.fp.ps.netease.com/file/6097eff9a7f25254f6a5f7b83UpXgejw03']",2021-05-09 14:21:47
再见了，汐汐,,游戏截图,m****ed,['https://kol-fans.fp.ps.netease.com/file/6097b66a96dee428de309766J76WEExQ03'],2021-05-09 10:16:11
千鸟城打卡（怎么一只鸟都没看见呜呜呜）,,游戏截图,奈川鸭,['https://kol-fans.fp.ps.netease.com/file/6097a1585e60279d4c17fc55woLbLZRX03'],2021-05-09 08:46:16
来和菇菇一起看彩虹鸭~,,同人绘,奈川鸭,['https://kol-fans.fp.ps.netease.com/file/6097a0345e60278a94f59a98YeloDy5b03'],2021-05-09 08:41:24
有大佬要崽崽吗,,游戏截图,楠楠ovo,['https://kol-fans.fp.ps.netease.com/file/609772665e60277b7866a934ilYuxL1b03'],2021-05-09 05:25:59
再见，要快乐呀！,,游戏截图,无,"['https://kol-fans.fp.ps.netease.com/file/609766708b742723e3bcf3c8SgdEmF7c03', 'https://kol-fans.fp.ps.netease.com/file/609766705e60279bae19dc38UBjFHpKx03', 'https://kol-fans.fp.ps.netease.com/file/609766717f9d2a28daf9355aGuSQeIHe03', 'https://kol-fans.fp.ps.netease.com/file/60976671a7f2522e6868f184IHw3lkaV03']",2021-05-09 04:34:58
拍照狂魔小狮子报到啦！安卓服十翼小狮子！,,萌新,猫子,"['https://kol-fans.fp.ps.netease.com/file/609694935e60278183933ff5ty1wjy4u03', 'https://kol-fans.fp.ps.netease.com/file/60969493a7f25232efdd2da4e7iDL8Hm03', 'https://kol-fans.fp.ps.netease.com/file/60969494143cfa622c450da1BBpTc6fF03', 'https://kol-fans.fp.ps.netease.com/file/609694942786fd9fdcee4511fEMsuU5t03']",2021-05-08 13:39:34
守望,,游戏截图,无,['https://kol-fans.fp.ps.netease.com/file/6096733d5e60276440aa6b052qSPieAg03'],2021-05-08 11:17:18
雨视,,游戏截图,无,['https://kol-fans.fp.ps.netease.com/file/6096713f7f9d2a793a821c5a3HTiZAFh03'],2021-05-08 11:08:48
当荞点亮蜡烛的那一刻，我知道竹笋炒肉必不可逃,,游戏截图,白.,['https://kol-fans.fp.ps.netease.com/file/60965eeb2786fd0a74e2845fgQPMp2hS03'],2021-05-08 09:50:35
我发誓 这...真的不是我想歪了,,游戏截图,白.,"['https://kol-fans.fp.ps.netease.com/file/609648972786fd4df02933aaRSiJuTVM03', 'https://kol-fans.fp.ps.netease.com/file/609648976f0494448e03a4dfVBYSc8MI03']",2021-05-08 08:15:20
和宝贝,,游戏截图,山山而川,"['https://kol-fans.fp.ps.netease.com/file/6095ec5c143cfa51642428a0mQ1QOvoZ03', 'https://kol-fans.fp.ps.netease.com/file/6095ec5c5e602706ea4f5979DxN1W9Gs03', 'https://kol-fans.fp.ps.netease.com/file/6095ec5c6f04942dd64e6045le4sFAEo03', 'https://kol-fans.fp.ps.netease.com/file/6095ec5c5e60279f4f125a8cKwAqNT5403']",2021-05-08 01:41:49
和崽,,游戏截图,某攸姓作者,"['https://kol-fans.fp.ps.netease.com/file/60954b62143cfa71cfb9db9cfTTmNK1p03', 'https://kol-fans.fp.ps.netease.com/file/60954b628b74272c52a69bc8UxNUDg1E03', 'https://kol-fans.fp.ps.netease.com/file/60954b62143cfa73d41664c1iLET1xOx03', 'https://kol-fans.fp.ps.netease.com/file/60954b628b7427314ecb1264zNx4qIBU03']",2021-05-07 14:14:59
我好像，又看见你了,,游戏截图,冷狮,['https://kol-fans.fp.ps.netease.com/file/6094010b96dee458898e4131UY5AFpZh03'],2021-05-06 14:45:32
关于我追光那些事,,游戏截图,bfnl,"['https://kol-fans.fp.ps.netease.com/file/6093dd9f143cfa71ce81d15fuAvCEel603', 'https://kol-fans.fp.ps.netease.com/file/6093dd9f7f9d2a3aa3ef6229UuMR9zEP03', 'https://kol-fans.fp.ps.netease.com/file/6093dd9fa7f25272765dcc74StI54NYS03']",2021-05-06 12:14:23
﻿我希望我能永远看着你，你也能永远看着我。,,游戏截图,18616****17,"['https://kol-fans.fp.ps.netease.com/file/609361836f049421fbf80339N1ifekGz03', 'https://kol-fans.fp.ps.netease.com/file/60936183143cfa139cebd882mxzlC8P903']",2021-05-06 03:24:51
救命 夫人好可爱！,,游戏截图,17610****02,"['https://kol-fans.fp.ps.netease.com/file/60935dfca7f25257c6520d87vKCFF1Qs03', 'https://kol-fans.fp.ps.netease.com/file/60935dfd143cfa88ed560d08WZQiKBTl03', 'https://kol-fans.fp.ps.netease.com/file/60935dff96dee43abdec8f48WH435YO303', 'https://kol-fans.fp.ps.netease.com/file/60935e008b74272eb86e711cEXhPgRkw03']",2021-05-06 03:09:53
努力跑图人,,游戏截图,15340****46,['https://kol-fans.fp.ps.netease.com/file/609349ff7f9d2a743c0433d0vL4i5QO503'],2021-05-06 01:44:32
我觉得你一定可以回来的,,游戏截图,15943****95,['https://kol-fans.fp.ps.netease.com/file/6093425d8b74271fac88e670tiCml72L03'],2021-05-06 01:11:57
从晨岛再出发,,游戏截图,i****5,"['https://kol-fans.fp.ps.netease.com/file/609299b65e60276970a368c0Wq1AIpaX03', 'https://kol-fans.fp.ps.netease.com/file/609299b67f9d2a1dccadfae8d3xo81gq03']",2021-05-05 13:12:22
一个人的旅途,,游戏截图,咣咣,"['https://kol-fans.fp.ps.netease.com/file/609288b32786fd81d802fce2o8yqKyBH03', 'https://kol-fans.fp.ps.netease.com/file/609288b3143cfa79d8c2652bNXGLbZfo03']",2021-05-05 11:59:48
有关于我去无色谷结果被传回去的那件事,,游戏截图,嘎嘎,['https://kol-fans.fp.ps.netease.com/file/60925c43143cfa51ae494d81f0oyy7M803'],2021-05-05 08:50:12
师父，我想一直做你徒弟,,游戏截图,冷狮,['https://kol-fans.fp.ps.netease.com/file/609225937f9d2a58ed39a63e5aMBEkX303'],2021-05-05 04:56:52
作为一个孤寡无翼，要学会自已卡出来和飞！然后你就无敌了 🌚🌚💦💦,,游戏截图,屿🌧️,"['https://kol-fans.fp.ps.netease.com/file/6090a646143cfa4c74a220e6px8NtaiD03', 'https://kol-fans.fp.ps.netease.com/file/6090a6467f9d2a4a46258ba2L2DRK3zu03']",2021-05-04 01:41:27
再回来看看我好不好,我们是在光遇交友软件上认识的。很以为的是，他和别人不一样。他一直陪我，陪我跑图、陪我打卡、陪我挂机。有一瞬间我觉得我可能喜欢上了他.....但是好景不长。突然、好几天不见他上线。QQ上也换了请头，但他还是一如往常的和我聊天。我跟他说：你别和我聊了，那个女孩子会伤心。自那以后就很少找我了。光遇上，上线时我传他他也总是跟一个人在一起。我知道那是谁。我发了几条话，他没回我只是一直看着我。我想最后抱抱他，他没有回应。我知道答案了，我看的很清楚。他已经不是以前的那个他了，我还在期待什么。现实摆在我面前，我也不再说什么。最后一句：再见。我拉黑了他。也许...我真的对他来说并不重要，我低估了我在她心里的地位，他也低估了他在我心里的地位。故事的结尾就是这样。花开两朵，天各一方。,聚散,18306****98,[],2021-05-03 10:30:18
意外的新发型（和揪揪好友不经意间合体发型）,,游戏截图,18587****84,['https://kol-fans.fp.ps.netease.com/file/608e9aee2786fd83879d4414JYJt26uR03'],2021-05-02 12:28:31
霞光……,,游戏截图,短笛,"['https://kol-fans.fp.ps.netease.com/file/608e91d48b74272a1da1ed78Xwt8HsHi03', 'https://kol-fans.fp.ps.netease.com/file/608e91d5143cfa081cf6d02171aaoOiT03', 'https://kol-fans.fp.ps.netease.com/file/608e91d696dee48488e3758eWhY7crZ503', 'https://kol-fans.fp.ps.netease.com/file/608e91d82786fd4fe6ff89a2YHk71CXO03']",2021-05-02 11:49:50
借着夏天来临的名义我们一起去看海吧,,游戏截图,屿🌧️,['https://kol-fans.fp.ps.netease.com/file/608e828c143cfa5abe5c7aafDs8OVINe03'],2021-05-02 10:44:28
今日份鹰人和他的樱花树,,游戏截图,a****55310,['https://kol-fans.fp.ps.netease.com/file/608e793b96dee48f99b0b16dc2Wc777i03'],2021-05-02 10:04:44
怎么样啊集美们,,游戏截图,光遇酱,"['https://kol-fans.fp.ps.netease.com/file/608e6387143cfa96de2b27622ydxkj5N03', 'https://kol-fans.fp.ps.netease.com/file/608e6387143cfa21ed828633sAYhuyha03', 'https://kol-fans.fp.ps.netease.com/file/608e63887f9d2a70b085e2cb8hRFeXGp03', 'https://kol-fans.fp.ps.netease.com/file/608e63885e602717a1607c45jzCUY3iw03']",2021-05-02 08:32:09
光遇寻人拜托拜托,,游戏截图,凛,"['https://kol-fans.fp.ps.netease.com/file/608e520596dee42593371fa3ox2dRvli03', 'https://kol-fans.fp.ps.netease.com/file/608e5205143cfa442de56e41XW4hiFEV03']",2021-05-02 07:17:26
邂逅,,游戏截图,13435****84,"['https://kol-fans.fp.ps.netease.com/file/608cb12596dee45e6fd7efb5lmc42fM603', 'https://kol-fans.fp.ps.netease.com/file/608cb12696dee45e6fd7efb9dZadUk0C03']",2021-05-01 01:38:47
无论未来是什么样子的，我们都要一直在一起,,游戏截图,奶茶,"['https://kol-fans.fp.ps.netease.com/file/608c81a396dee48ae51497c0F95M4gDv03', 'https://kol-fans.fp.ps.netease.com/file/608c81a36f049478e9b7ffb1cO4x5HZo03', 'https://kol-fans.fp.ps.netease.com/file/608c81a4143cfa9a915d19740kXYMUG403', 'https://kol-fans.fp.ps.netease.com/file/608c81a47f9d2a4f08548598MYKaYvxr03']",2021-04-30 22:16:06
分享一些自己觉得比较好看的照片,,游戏截图,17537****37,"['https://kol-fans.fp.ps.netease.com/file/608c3472143cfa1c3259bd20sE8VqVgl03', 'https://kol-fans.fp.ps.netease.com/file/608c347296dee477b836015czFZrVvqw03', 'https://kol-fans.fp.ps.netease.com/file/608c34725e6027762a39f73drHHm7I2103', 'https://kol-fans.fp.ps.netease.com/file/608c347296dee49a9f2a3f889hgch45a03']",2021-04-30 16:46:44
love is love,,游戏截图,陌,"['https://kol-fans.fp.ps.netease.com/file/608afe925e60274279d83b5duUEtNG1c03', 'https://kol-fans.fp.ps.netease.com/file/608afe935e6027342334e848qoEHrBbw03', 'https://kol-fans.fp.ps.netease.com/file/608afe93143cfa88b856dc7ewicGLQ3A03', 'https://kol-fans.fp.ps.netease.com/file/608afe93a7f2527ace8a23046cLgUKy903']",2021-04-29 18:44:36
必不可少,,手作,13690****53,"['https://kol-fans.fp.ps.netease.com/file/608a803c143cfa74b9c32813gSNrPo4603', 'https://kol-fans.fp.ps.netease.com/file/608a803c2786fd784338de8frRXiohiJ03', 'https://kol-fans.fp.ps.netease.com/file/608a803c6f049475da117c34DmIRjSIU03', 'https://kol-fans.fp.ps.netease.com/file/608a803d96dee44773f78d5302iyjy4r03']",2021-04-29 09:45:36
🔒,,游戏截图,18642****29,"['https://kol-fans.fp.ps.netease.com/file/608a5471a7f25250efb51318krGwUoLx03', 'https://kol-fans.fp.ps.netease.com/file/608a54725e60277ce006c30e1iqGZAGA03', 'https://kol-fans.fp.ps.netease.com/file/608a54727f9d2a2dc444949d81DhZXAe03', 'https://kol-fans.fp.ps.netease.com/file/608a54722786fd38a26f90a9iiUvxwe503']",2021-04-29 06:38:43
聚散终有时,,游戏截图,青黛,['https://kol-fans.fp.ps.netease.com/file/608a2e12a7f2523056e58b8fa7dMjypz03'],2021-04-29 03:54:59
这个夏天一起吹泡泡呀,,视频,晓,['https://kol-fans.fp.ps.netease.com/file/608a1a8a8b74273ff9a894b5uGa2zLD403'],2021-04-29 02:31:39
光遇让你吃苦了吗,,视频,晓,['https://kol-fans.fp.ps.netease.com/file/608a1a2096dee43d02c2f3f909TbDQGj03'],2021-04-29 02:29:53
我正在和我媳妇跑图，结果有一两口子，同时给我点赞，好家伙，人在家中坐，粮从天上飞,,游戏截图,18756****40,['https://kol-fans.fp.ps.netease.com/file/608984758b7427184c1fee0dkzyvG9T203'],2021-04-28 15:51:18
这就是孤独帅哥的日常,,游戏截图,短笛,"['https://kol-fans.fp.ps.netease.com/file/60896ae07f9d2a2e660bd7ba4RFLHBrq03', 'https://kol-fans.fp.ps.netease.com/file/60896ae26f04940687574b85Nt2uxpvP03', 'https://kol-fans.fp.ps.netease.com/file/60896ae696dee41e1e663fc2zu6A2EYN03', 'https://kol-fans.fp.ps.netease.com/file/60896ae77f9d2a729e3ff289IjXJY91D03']",2021-04-28 14:02:20
从今天开始，记录和师父的每一天,,游戏截图,冷狮,['https://kol-fans.fp.ps.netease.com/file/6088d5b26f0494473c6e709fWYLjQ0Qe03'],2021-04-28 03:25:39
和朋友们一起拍视频,,游戏截图,18168****23,['https://kol-fans.fp.ps.netease.com/file/6087b6db2786fd8d85c175eecQPiyxYs03'],2021-04-27 07:01:48
偶遇我的兄弟们,,游戏截图,18371****19707697,"['https://kol-fans.fp.ps.netease.com/file/60875a2a143cfa76a7394c2b0vW3oFOl03', 'https://kol-fans.fp.ps.netease.com/file/60875a2b8b742760ace08c4eOeKsbEhq03']",2021-04-27 00:26:19
打卡小木屋o～,,游戏截图,是困困鸭♡,['https://kol-fans.fp.ps.netease.com/file/6086a7ee2786fd13ec610de6pzsPiFEM03'],2021-04-26 11:45:50
梦想季真的好浪漫,,游戏截图,是困困鸭♡,"['https://kol-fans.fp.ps.netease.com/file/6086a7c47f9d2a4595e0758ahu5q41Bj03', 'https://kol-fans.fp.ps.netease.com/file/6086a7c496dee46a8c1b8c04Nr0iVKjK03', 'https://kol-fans.fp.ps.netease.com/file/6086a7c46f04941729eb1487D6BFTHCq03', 'https://kol-fans.fp.ps.netease.com/file/6086a7c58b742717f1a2ce74Shlj9ima03']",2021-04-26 11:45:09
浪迹天涯的小侠,,游戏截图,是困困鸭♡,['https://kol-fans.fp.ps.netease.com/file/6086a78e2786fd54907ce263L3V2qVIU03'],2021-04-26 11:44:15
献祭路上的温暖,,游戏截图,是困困鸭♡,['https://kol-fans.fp.ps.netease.com/file/6086a7518b7427190d5e114aD0VR6a1U03'],2021-04-26 11:43:13
水帘洞绝美子,,游戏截图,是困困鸭♡,['https://kol-fans.fp.ps.netease.com/file/6086a7125e60271dbd9f91aaNWmcOzxe03'],2021-04-26 11:42:10
过去的花憩节,,游戏截图,是困困鸭♡,"['https://kol-fans.fp.ps.netease.com/file/6086a68796dee471ed258d17vk8AibU103', 'https://kol-fans.fp.ps.netease.com/file/6086a6878b74270f156bfbe1fjfeeeuQ03', 'https://kol-fans.fp.ps.netease.com/file/6086a687143cfa4e80023bd3OWMiAGPM03']",2021-04-26 11:39:52
光遇里的景点真的很好看，可惜一直都是一个人在看,,游戏截图,莫莫,"['https://kol-fans.fp.ps.netease.com/file/6085545896dee4155d3790cfg8tmCdoW03', 'https://kol-fans.fp.ps.netease.com/file/608554586f04947653c4b1e5t269T2uf03', 'https://kol-fans.fp.ps.netease.com/file/608554595e60276f8bb311f29G5UJSLv03', 'https://kol-fans.fp.ps.netease.com/file/608554596f04941e2d7e701aUeYB8Nsz03']",2021-04-25 11:36:58
大家好我是你们的新朋友,,游戏截图,姜江,['https://kol-fans.fp.ps.netease.com/file/6083f8be5e60276381f719ed0sjLYlVA03'],2021-04-24 10:53:51
春天的重生，我第一次知道我不需要在夜晚苏醒。白日的樱花盛开之时，我只是没有想到，在那金色的土地上醒来之时，我没有看见你们。春天不孤寂，孤寂的是重生在春天的小孩。,,献祭,17801****01,['https://kol-fans.fp.ps.netease.com/file/6083f5b37f9d2a3c8a388af51g1DEYqL03'],2021-04-24 10:40:52
太美了,,游戏截图,18713****61,['https://kol-fans.fp.ps.netease.com/file/6083e8616f04944b8fbee214seuj0mIN03'],2021-04-24 09:44:02
希望我们还能再遇见,,游戏截图,13138****99,['https://kol-fans.fp.ps.netease.com/file/6083a66f7f9d2a1b696a2a42Z61a1r8r03'],2021-04-24 05:02:39
可爱的小伙伴们阿,,游戏截图,苏正乐,"['https://kol-fans.fp.ps.netease.com/file/6082ec4e5e60270a508df8a1opQ0x6vR03', 'https://kol-fans.fp.ps.netease.com/file/6082ec4e7f9d2a2257f923a5aDzG4EiH03', 'https://kol-fans.fp.ps.netease.com/file/6082ec4f143cfa754acc792bz7VgyFVk03']",2021-04-23 15:48:31
我遇见一个好像你的人,,游戏截图,阿桔,"['https://kol-fans.fp.ps.netease.com/file/608117ae5e6027896caa5558xuRzQioA03', 'https://kol-fans.fp.ps.netease.com/file/608117b08b742718f0b18b04aVceHATs03', 'https://kol-fans.fp.ps.netease.com/file/608117b55e60271228311aeaagRzvsb803', 'https://kol-fans.fp.ps.netease.com/file/608117b9a7f2525092decddeHH6NuC9T03']",2021-04-22 06:29:35
棉花糖,,游戏截图,15279****47,['https://kol-fans.fp.ps.netease.com/file/607fea06143cfa1e0279081ax4YZF1Gx03'],2021-04-21 09:01:59
三生有幸,,游戏截图,13518****66,['https://kol-fans.fp.ps.netease.com/file/607f8a9596dee444b49da424W96yiIEO03'],2021-04-21 02:14:46
你不要对我有任何想法,,游戏截图,短笛,['https://kol-fans.fp.ps.netease.com/file/607eed75a7f252510227c4d1M3XSJbFk03'],2021-04-20 15:04:22
希望这位小黑不要淋雨了欧，如果有什么伤心事，就发泄出来，会有人担心你哒,,游戏截图,18319****62,"['https://kol-fans.fp.ps.netease.com/file/607eb0a9143cfa5ee66d96751Wjaq8QJ03', 'https://kol-fans.fp.ps.netease.com/file/607eb0a996dee46f5f5767b8yctHs37A03', 'https://kol-fans.fp.ps.netease.com/file/607eb0a996dee465ff8aa2d1OBO1LRk703']",2021-04-20 10:44:58
这一次，我真的想放弃你。,"每个人的故事都会有一个特殊的结尾，我的故事，也需要一个结尾，哪怕我再不情愿......
从开始遇到他我就想过以后会不会后悔，一直以来，我都觉得我不会后悔，因为人的一生仿佛就是这样，会遇到很多人，发生很多事，然后成长，面对不可知的未来，可是，当一个念头产生时，人就会不自觉的往下想，就像，我想忘了他......
我最怀念的是那段快乐的时光，我们像黑暗里的两个孤单的身影，遇到了相遇陪伴，那时我真的很高兴可以遇到他，我的情绪逐渐稳定，不会因为什么事而出现不适，我慢慢乐观起来，开始憧憬未来，那时的他像一道光照亮了我整个黑暗的世界，可是后来，他找了CP，那天我还是开心的打开游戏，期待着和他的陪伴，可是失落也在下一秒砸到我的头上。
他带我去彩虹桥，因为我带了矮人，他用魔法变成了小正太，我开心的摸摸头抱抱他，心里的欢喜只有我知道，也是那一天，我们的关系开始改变。他CP我认识，喜欢一个人很简单，嫉妒一个人也很简单，我开始做出反常的行为，吃醋，生气，闹脾气，而天真的我以为，相处这么长的时间他懂我，我了解他，可是，他把我拉黑了，第一次，第二次，我像惊慌失措的宠物疯了一般的到处找他，希望得到他的原谅，希望他不要拉黑我，那一刻，我曾美好幻想的世界和现实交织在一起，我以为只要他原谅我，我以为只要我听话一点，懂事一点，他就可以陪陪我，可是，自始至终，他都不是我一个人的啊。好多次我问他，你是女孩子吗？他给了我否定的答案，我多么希望她是女孩子，因为我知道我对他产生的依赖会害了我，也会伤害他，我曾无数次幻想她是女孩子，我可以尽情的向他吐露心声，我可以告诉她我心里的委屈，我可以放松的待在她身边，没有顾及，可是后来，我失望了，好失望......
她确实是女孩子，可是她的CP认为，我的喜欢不是我所说的那种喜欢，当她来质问我的时候，我知道，她从来没有相信过我，我对她说，你拉黑吧，删除，截屏发给她，我以为我很坚强，我哭着发给她这些话然后对着镜子说忘记，多好笑，自始至终，我都是那个自作多情的人。
药物只能让我冷静下来，可是当有一天，吃药也不能稳定我的情绪时，我还会不会想起她......
其实我所喜欢的，只不过是那段美好快乐的时光，那段回不去的时光......
再见了，我的正太。",同人文,冷狮,[],2021-04-20 08:52:18
大太阳,,游戏截图,13420****15,['https://kol-fans.fp.ps.netease.com/file/607d11e6a7f2522f171356b8rhtbtuS203'],2021-04-19 05:15:19
卖心咯量大从优,,手作,15083****32,['https://kol-fans.fp.ps.netease.com/file/607d0cfc6f049401ccbc68794yzb9zm703'],2021-04-19 04:54:20
景点打卡,,游戏截图,a****809214,"['https://kol-fans.fp.ps.netease.com/file/607c6621143cfa858b23094fKcgdiYtZ03', 'https://kol-fans.fp.ps.netease.com/file/607c662296dee406e748800dhSUm6HA103', 'https://kol-fans.fp.ps.netease.com/file/607c66226f049468cbc9b49bbuy5XYar03', 'https://kol-fans.fp.ps.netease.com/file/607c6622143cfa52048f324bZiSMxgWm03']",2021-04-18 17:02:27
一位退游大佬的日常生活,,游戏截图,17379****64,"['https://kol-fans.fp.ps.netease.com/file/607b308f7f9d2a20e73c0338TuWlGclZ03', 'https://kol-fans.fp.ps.netease.com/file/607b30906f04940873ea2c79K9KMMdsG03', 'https://kol-fans.fp.ps.netease.com/file/607b30915e6027665ea8c9e7m6b18tSX03', 'https://kol-fans.fp.ps.netease.com/file/607b3092a7f25224b7a943ccS0zs6XJk03']",2021-04-17 19:01:49
再见梦想季,,游戏截图,春昼,"['https://kol-fans.fp.ps.netease.com/file/607a5cb3143cfa5a11a719ebF4BkwJAJ03', 'https://kol-fans.fp.ps.netease.com/file/607a5cb3143cfa510d38fb55CazhGPCs03']",2021-04-17 03:57:40
【同人手工】-光遇冬季系,,手作,g****921559,"['https://kol-fans.fp.ps.netease.com/file/6076cb118b742710fe772d5bgON7IQzg03', 'https://kol-fans.fp.ps.netease.com/file/6076cb13a7f252305c20d8f51zPksLw503', 'https://kol-fans.fp.ps.netease.com/file/6076cb165e60276a64579b65PAwcOwV103', 'https://kol-fans.fp.ps.netease.com/file/6076cb185e6027443eea6b06JWiqcLTy03']",2021-04-14 10:59:36
我等,,视频,晓,['https://kol-fans.fp.ps.netease.com/file/6075991b96dee41e7802844b2ccHUmU003'],2021-04-13 13:14:11
接代跑啦！！！,"四图12 包周90 包月360
  全图15  包周110 包月450（包任务）（包月送献祭）
献祭12（九翼拿满）全图金人12
单做任务2r一天
陪玩自带价来（弹琴打卡跑图溜龙）",同人文,15756****86,[],2021-04-12 15:19:00
愿我们一直都在,,游戏截图,z****22552021,"['https://kol-fans.fp.ps.netease.com/file/6072e9b58b74271c7431bb9cvjfXd7dR03', 'https://kol-fans.fp.ps.netease.com/file/6072e9b57f9d2a77751067a3stsolKuE03', 'https://kol-fans.fp.ps.netease.com/file/6072e9b596dee4189f16d172jixxX6a903', 'https://kol-fans.fp.ps.netease.com/file/6072e9b696dee4265d1291ee4DJ943Zz03']",2021-04-11 12:21:10
很开心 一直都在,,游戏截图,15077****63,"['https://kol-fans.fp.ps.netease.com/file/6072cad98b74276ed2427289f44xSfCX03', 'https://kol-fans.fp.ps.netease.com/file/6072cada143cfa8a16e38f9eTZdoZpgL03', 'https://kol-fans.fp.ps.netease.com/file/6072cada143cfa2d33bf2838goiu4MMj03', 'https://kol-fans.fp.ps.netease.com/file/6072cadb6f04944719367073Fj5Ip9y703']",2021-04-11 10:09:35
错过的旅人,,同人文,kioper,['https://kol-fans.fp.ps.netease.com/file/6072b9b86f049432035e54df7ub4RsNj03'],2021-04-11 08:57:07
画了两只崽崽,,同人绘,kioper,['https://kol-fans.fp.ps.netease.com/file/6072b0eb143cfa64cecb3d78x7Yrh6oP03'],2021-04-11 08:18:52
﻿少女の祈愿,,游戏截图,妖精,"['https://kol-fans.fp.ps.netease.com/file/607288516f049420cf7e1360E81tRDFg03', 'https://kol-fans.fp.ps.netease.com/file/607288516f04947de5ac8330fcm2gThs03']",2021-04-11 05:25:38
听说樱花树下有好多剧主角的尸体🤭,,橘子,17636****22,['https://kol-fans.fp.ps.netease.com/file/60716d2a143cfa9ec1cfdbf1uzfTpM1603'],2021-04-10 09:17:31
重组季新增靓仔,,游戏截图,Sky光遇-多拉,['https://kol-fans.fp.ps.netease.com/file/606d760a2786fd97849f2a803CaxmuaD03'],2021-04-07 09:06:18
卡卡is watching you,,游戏截图,15821****10,['https://kol-fans.fp.ps.netease.com/file/606c6aae2786fd618e1c9e53VoY319ET03'],2021-04-06 14:05:34
纯纯友谊，致敬友谊,,视频,晓,['https://kol-fans.fp.ps.netease.com/file/606c3f935e60275476923d30ZBaHlp9S03'],2021-04-06 11:01:48
夕阳 第一次有人带我看夕阳,,游戏截图,17692****81,['https://kol-fans.fp.ps.netease.com/file/606bde098b7427473d9e15e9JiivX2z403'],2021-04-06 04:05:29
快要摔倒的狮子哈哈哈哈哈,,游戏截图,18025****81,['https://kol-fans.fp.ps.netease.com/file/606b21267f9d2a602f52a209TiRvWxe903'],2021-04-05 14:39:35
跑跑,,游戏截图,15279****47,"['https://kol-fans.fp.ps.netease.com/file/606ad9082786fd23b97b4d74dkZT8loA03', 'https://kol-fans.fp.ps.netease.com/file/606ad90ca7f25218e45b51bcTpaK3LH703']",2021-04-05 09:31:56
矮人,,游戏截图,15279****47,['https://kol-fans.fp.ps.netease.com/file/606ad86fa7f2526412d054d17AJKVrMf03'],2021-04-05 09:29:20
万幸得以相识，相识皆是幸运,,同人绘,冷狮,['https://kol-fans.fp.ps.netease.com/file/606ad3a6a7f2526e74dc0dbfyiimipJJ03'],2021-04-05 09:08:55
嘿，你看到了吗，我在想你,,留影,冷狮,['https://kol-fans.fp.ps.netease.com/file/606ad1f95e60275a7825daa1TaBdCuiK03'],2021-04-05 09:01:46
在你没出现之前，我的世界是灰色的,,留影,冷狮,['https://kol-fans.fp.ps.netease.com/file/606ad1a62786fd64320359dbfV7NgfiR03'],2021-04-05 09:00:23
我已不知名的身份热爱着你，大雾消散，我爱你人尽皆知,,游戏截图,17542****15,['https://kol-fans.fp.ps.netease.com/file/606a7f3e96dee443f381cf0aoMPhFqTy03'],2021-04-05 03:08:46
再见大佬佬,,同人文,瑶儿丫,['https://kol-fans.fp.ps.netease.com/file/6069f72f5e6027529bd2507dKk3v92wY03'],2021-04-04 17:32:23
喵喵喵？,,游戏截图,魏无常,"['https://kol-fans.fp.ps.netease.com/file/6069e2be8b74273b21fcbcfcpExaYu7F03', 'https://kol-fans.fp.ps.netease.com/file/6069e2bf143cfa34decd7559tFAdoimu03', 'https://kol-fans.fp.ps.netease.com/file/6069e2bf5e60271bbd8ddc98ImuxiLNh03', 'https://kol-fans.fp.ps.netease.com/file/6069e2bf6f04946ead147041jrAApvos03']",2021-04-04 16:01:05
178小矮子和他姐姐的日常,,游戏截图,奶罐,['https://kol-fans.fp.ps.netease.com/file/6069dd187f9d2a6f435d0c2bSMRwiqTB03'],2021-04-04 15:36:56
落花入雨  又是谁在为先祖打伞呐？,,游戏截图,佑九,"['https://kol-fans.fp.ps.netease.com/file/60698ac56f049440e1b10678STK11yJe03', 'https://kol-fans.fp.ps.netease.com/file/60698ac58b74271d8a119a86a357bFPY03', 'https://kol-fans.fp.ps.netease.com/file/60698ac58b74275a27ea1808sdVdMCKA03', 'https://kol-fans.fp.ps.netease.com/file/60698ac55e60274a6b1cae7eW5BbyopS03']",2021-04-04 09:45:42
两人依偎在一起~静静地……很好~,,游戏截图,琴疯砸,['https://kol-fans.fp.ps.netease.com/file/6069505f5e60272dd0309a65pxIPyqX603'],2021-04-04 05:36:32
棉花糖管饱哦~,,游戏截图,琴疯砸,['https://kol-fans.fp.ps.netease.com/file/6069502ca7f25275f3a2cd226T0NVHkC03'],2021-04-04 05:35:40
两个小家伙在练武？,,游戏截图,琴疯砸,['https://kol-fans.fp.ps.netease.com/file/60694fd26f04943ab0188d9cZ9k6LStL03'],2021-04-04 05:34:10
会有人喜欢牛头嘛~,,游戏截图,琴疯砸,['https://kol-fans.fp.ps.netease.com/file/60694fa196dee47a08af73d7xVKrFeNA03'],2021-04-04 05:33:22
帅卡~,,游戏截图,琴疯砸,['https://kol-fans.fp.ps.netease.com/file/60694f638b74276dc1d12a19qqx72mBw03'],2021-04-04 05:32:19
安静……安静……,,游戏截图,琴疯砸,['https://kol-fans.fp.ps.netease.com/file/60694f0996dee46d4b82eed4CT6ixHg703'],2021-04-04 05:30:50
千鸟城~,,游戏截图,琴疯砸,['https://kol-fans.fp.ps.netease.com/file/60694e702786fd593024a7f9XzsetN6303'],2021-04-04 05:28:17
小家伙~,,游戏截图,琴疯砸,['https://kol-fans.fp.ps.netease.com/file/60694dd17f9d2a6fbb47c709F7BC7q9M03'],2021-04-04 05:25:37
温暖的人们啊~有时候一个人……也不错……,,游戏截图,琴疯砸,['https://kol-fans.fp.ps.netease.com/file/60694d3b2786fd3c503e1701QmjJLdmc03'],2021-04-04 05:23:07
从萌新到大佬，一路磕磕碰碰感谢跟我互心的小伙伴,,小哲,d****36022182,"['https://kol-fans.fp.ps.netease.com/file/60686f287f9d2a731a603d31F5yxEhjx03', 'https://kol-fans.fp.ps.netease.com/file/60686f2a2786fd4424f38306hrEhW2uO03', 'https://kol-fans.fp.ps.netease.com/file/60686f2ba7f2522d9d6d4c87wgxp1FST03', 'https://kol-fans.fp.ps.netease.com/file/60686f2c2786fd1513c886a16miEkyUU03']",2021-04-03 13:35:41
千鸟城,,游戏截图,终究是书外人,"['https://kol-fans.fp.ps.netease.com/file/60683e372786fd138b2106fbV4AaAiUX03', 'https://kol-fans.fp.ps.netease.com/file/60683e38a7f25268701b5b8cU8CA7YQI03', 'https://kol-fans.fp.ps.netease.com/file/60683e385e6027181ce0d1e9xg23R5ON03', 'https://kol-fans.fp.ps.netease.com/file/60683e387f9d2a72d185d478R5GprlPL03']",2021-04-03 10:06:48
光遇,,游戏截图,15199****60,['https://kol-fans.fp.ps.netease.com/file/6068388f143cfa6e7604adbcJpEMD0iE03'],2021-04-03 09:42:41
第一次遇见他时，我便爱上了狮子,,游戏截图,冷狮,['https://kol-fans.fp.ps.netease.com/file/606817b9143cfa168be05c3dZPelVUei03'],2021-04-03 07:22:34
小小狮子awa,,游戏截图,旅人--忧,['https://kol-fans.fp.ps.netease.com/file/606805c22786fd8154638c2fdqba8BMt03'],2021-04-03 06:05:58
我想你,,游戏截图,15215****91,['https://kol-fans.fp.ps.netease.com/file/6067ff005e60276c5f2c8138q4GYcBQF03'],2021-04-03 05:37:04
樱花树下,,游戏截图,源总,"['https://kol-fans.fp.ps.netease.com/file/6067fc9b143cfa95db550548ot2NqGpd03', 'https://kol-fans.fp.ps.netease.com/file/6067fc9c7f9d2a36c20595d83BtzFLAY03']",2021-04-03 05:26:52
少女情怀,,游戏截图,13981****86,"['https://kol-fans.fp.ps.netease.com/file/60675166143cfa0b091b4563bXXCxq4403', 'https://kol-fans.fp.ps.netease.com/file/60675168a7f25279c5345218Vs60j8ru03', 'https://kol-fans.fp.ps.netease.com/file/6067516a2786fd86d1943738ZLFAqXBD03', 'https://kol-fans.fp.ps.netease.com/file/6067516ca7f2520f50c340160i1B3Omj03']",2021-04-02 17:16:30
那些人们,,游戏截图,七的珍藏,"['https://kol-fans.fp.ps.netease.com/file/6066648d8b742709cc8a0e62lgJmuHBM03', 'https://kol-fans.fp.ps.netease.com/file/6066648d143cfa0dcdf62263Mrqbt1ep03', 'https://kol-fans.fp.ps.netease.com/file/6066648e8b742718d4f0c7fdWKN3QiSM03', 'https://kol-fans.fp.ps.netease.com/file/6066648f6f049421df2e108a4XdCkStc03']",2021-04-02 00:25:57
自己的游戏小分享,,游戏截图,17379****64,"['https://kol-fans.fp.ps.netease.com/file/6065d3215e60277049486d99WMtRSs9x03', 'https://kol-fans.fp.ps.netease.com/file/6065d3218b7427352af70e98ztIKq17903', 'https://kol-fans.fp.ps.netease.com/file/6065d3212786fd1322fc24deKzMEDjhs03', 'https://kol-fans.fp.ps.netease.com/file/6065d3216f0494742faa0518kP4OBJAk03']",2021-04-01 14:05:23
最初,"最开始知道这个游戏是你告诉我的，开始玩这个游戏也是为了你，后来弃游还是因为你。
一开始我搞不懂这个游戏，都是你带我跑图拿蜡烛。每次传你看见你身边都有人就觉得心情烦躁，后来我们发生了点事情然后我就把游戏删了，过了段时间又加了回来然后我就又开始了玩这个游戏。当时刚好是圣岛季节我的第一个季卡就是你送我的。当时那段时间我刚好有点忙就每天跑完任务就下了。再后来我慢慢的不怎么上游戏了，上了游戏看见你不在线也就下了。
到现在你退游了我却还在。
说实话话我要是说是真的的喜欢上了这个游戏所以现在还一直在玩，我自己都不信
不过算了，我现在有一个可爱的监护人，和一个气人的逆徒还有许多好友（虽然有些好友都没有聊过）。
总的来说虽然有些遗憾，但是大部分还是比开心的。",经历,七,[],2021-04-01 13:55:09
樱花树里,,游戏截图,18040****79,['https://kol-fans.fp.ps.netease.com/file/606501b25e60277edede9bd8F4tsq9fz03'],2021-03-31 23:11:47
光遇总是会让你有大吃一惊的景色,,游戏截图,栀柚,['https://kol-fans.fp.ps.netease.com/file/606476535e60277e8036ca12W8tiLXgA03'],2021-03-31 13:17:08
日常,,游戏截图,终究是书外人,"['https://kol-fans.fp.ps.netease.com/file/60640ea696dee46dcd8bf586pqMh8UVs03', 'https://kol-fans.fp.ps.netease.com/file/60640ea66f0494342e4d7493HSYX93At03', 'https://kol-fans.fp.ps.netease.com/file/60640ea6143cfa727895a93fcK8lK7Hd03']",2021-03-31 05:54:47
日常,,游戏截图,爱吃果子的月亮🌙,"['https://kol-fans.fp.ps.netease.com/file/60628d4296dee437a8c87869oNvgbjKP03', 'https://kol-fans.fp.ps.netease.com/file/60628d42a7f2522e90f70bfeGT4wKNZl03', 'https://kol-fans.fp.ps.netease.com/file/60628d435e602733b4d21f01J8YzJRkO03', 'https://kol-fans.fp.ps.netease.com/file/60628d438b74277bb876da1dgKoWOrTK03']",2021-03-30 02:30:29
听鬼故事么？老爷爷版的那种,,游戏截图,嘎嘎,['https://kol-fans.fp.ps.netease.com/file/60604e31143cfa06e8640b10KhPGiOXO03'],2021-03-28 09:36:50
昨天和监护人去献祭(๑•̀ㅂ•́)و✧,,游戏截图,嘎嘎,"['https://kol-fans.fp.ps.netease.com/file/60604d4da7f25202479200f5QKlp4GXE03', 'https://kol-fans.fp.ps.netease.com/file/60604d4e96dee42bdef57ed0K9EeN6jb03', 'https://kol-fans.fp.ps.netease.com/file/60604d4ea7f2524c5611e619UADiVRAh03']",2021-03-28 09:33:06
刚玩不久,,游戏截图,15685****73,"['https://kol-fans.fp.ps.netease.com/file/605f721096dee42373041b43miMJD3ts03', 'https://kol-fans.fp.ps.netease.com/file/605f7210a7f2526ad047b9edVg6A7a2W03', 'https://kol-fans.fp.ps.netease.com/file/605f721096dee42373041b47rUvqaCDi03']",2021-03-27 17:57:37
有趣的灵魂终会相遇,,游戏截图,秌靔,"['https://kol-fans.fp.ps.netease.com/file/605f59027f9d2a32501764ad9D36u75103', 'https://kol-fans.fp.ps.netease.com/file/605f59022786fd8eae80b159gAHN8BZq03', 'https://kol-fans.fp.ps.netease.com/file/605f59026f0494772ed1f910kjMI7Eic03', 'https://kol-fans.fp.ps.netease.com/file/605f59022786fd3f078a836boK9ec5HO03']",2021-03-27 16:10:42
光遇诗行,,游戏截图,18652****51,"['https://kol-fans.fp.ps.netease.com/file/605ea2c65e60272ef7c1d5e5exswvxd303', 'https://kol-fans.fp.ps.netease.com/file/605ea2c696dee46f941d1aeaoHGbycPv03', 'https://kol-fans.fp.ps.netease.com/file/605ea2c6143cfa6ceca58d630fNmVTbE03', 'https://kol-fans.fp.ps.netease.com/file/605ea2c796dee41d1a298ae1WjBrWQRa03']",2021-03-27 03:13:12
忆,,游戏截图,王琦瑶,"['https://kol-fans.fp.ps.netease.com/file/605e983d143cfa9324447f91xFDRgiFR03', 'https://kol-fans.fp.ps.netease.com/file/605e983ea7f25234339f855fe608xh7l03', 'https://kol-fans.fp.ps.netease.com/file/605e983e96dee47f61dc932bO4K2SFfg03', 'https://kol-fans.fp.ps.netease.com/file/605e983f2786fd2d846ae62234PMkjLx03']",2021-03-27 02:28:17
风景很美，那个陪你的人还在吗,,游戏截图,屿🌧️,['https://kol-fans.fp.ps.netease.com/file/605e76a996dee43f2fffcdc4BXm8X1lJ03'],2021-03-27 00:04:58
花憩节樱花绽放，光之子赏花外观搭配分享。,,游戏截图,Sky光旅者,"['https://kol-fans.fp.ps.netease.com/file/605dc7318b74276044efbc49107dPMDD03', 'https://kol-fans.fp.ps.netease.com/file/605dc7315e602793a488da64jQ6TED7y03', 'https://kol-fans.fp.ps.netease.com/file/605dc7312786fd036a1af36didsfxWO003']",2021-03-26 11:36:29
故乡的樱花开了，孩子也长大了,,游戏截图,阿悠悠,"['https://kol-fans.fp.ps.netease.com/file/605c65a8a7f2522deaebb790hFLEFfru03', 'https://kol-fans.fp.ps.netease.com/file/605c65a92786fd0fe859416a3DsP66Nq03', 'https://kol-fans.fp.ps.netease.com/file/605c65a95e60279854ff6221GNTrALCm03', 'https://kol-fans.fp.ps.netease.com/file/605c65a95e602731c320571aJCgA4YqA03']",2021-03-25 10:27:54
“你会一直在吗”“我会一直在”,"相遇
我和他像其他玩家那样，在云野相遇，成为监护人和崽崽的关系，可是，光遇里的感情，太过幻想，承诺也太过轻易......
我是八月中旬接触的光遇，一开始我不怎么会玩这个游戏，单纯觉得画风好看，后来一段时间因为学业任务多了，就不怎么玩了，直到万圣节左右，我重新登录游戏。平时刷微博刷抖音看到很多找监护找崽崽的视频，自己也很好奇有监护是什么感觉，也很羡慕一些博主的光遇生活日常，于是我去了云野期待那个人的出现。
第一次见他，他是白斗狮子装扮，我穿着唯一的魔法变得蜘蛛斗篷和巫师帽，和他加了好友，从那天起，我在光遇里有了念想和期待。
我们加了QQ，每天一有空他就会带我跑图，他人缘很好，周围有很多朋友，每天都有不一样的小黑来找他，经常一起跑图，那时我很羡慕他......",同人文,冷狮,[],2021-03-25 04:04:18
落入未知领域。,,游戏截图,老洋_,['https://kol-fans.fp.ps.netease.com/file/605b789e7f9d2a1fded22b38Yowdo6PX03'],2021-03-24 17:36:31
一起和影子玩耍,,游戏截图,13919****17,['https://kol-fans.fp.ps.netease.com/file/605b77b196dee41b3b32b1ebve2h0hiK03'],2021-03-24 17:32:34
春天到了，又到了光之子们**的季节,,好友,15366****10,"['https://kol-fans.fp.ps.netease.com/file/605b386c143cfa8a8615f4e9v8uIuCDf03', 'https://kol-fans.fp.ps.netease.com/file/605b386c143cfa9cce3299520NbJb2XF03']",2021-03-24 13:02:37
记录美好瞬间,,游戏截图,榴莲,"['https://kol-fans.fp.ps.netease.com/file/6059dbc56f049437f5a86e33RwJ9k72F03', 'https://kol-fans.fp.ps.netease.com/file/6059dbc52786fd8455e43fbcczMdpNHV03', 'https://kol-fans.fp.ps.netease.com/file/6059dbc6143cfa6c0611a4c00pOXHRpt03', 'https://kol-fans.fp.ps.netease.com/file/6059dbc696dee41edd63ff001R61iAvd03']",2021-03-23 12:15:03
发现挂哥却举报不了的悲伤,,视频,17370****96679590,"['https://kol-fans.fp.ps.netease.com/file/6058a49a8b74277370c4822cliWUNjAu03', 'https://kol-fans.fp.ps.netease.com/file/6058a49a96dee401ccf3922bCge5kGF403']",2021-03-22 14:07:23
上舞台啦，记得穿上你最爱的装扮呀,,游戏截图,y****udy,['https://kol-fans.fp.ps.netease.com/file/60581cdf143cfa83504e2eeeg1asLSu903'],2021-03-22 04:28:15
救世主,,游戏截图,18292****66,"['https://kol-fans.fp.ps.netease.com/file/605769557f9d2a38942e21a1EkAiLcy803', 'https://kol-fans.fp.ps.netease.com/file/6057695596dee46a85574d3fOS4DZWk103', 'https://kol-fans.fp.ps.netease.com/file/605769558b7427192d557f29MJAiUh2f03', 'https://kol-fans.fp.ps.netease.com/file/60576956a7f2527d608bd903FB68qutp03']",2021-03-21 15:42:15
泡温泉♨️啦！,,游戏截图,白灼桌桌子,['https://kol-fans.fp.ps.netease.com/file/60575ef12786fd477096242aPUewsOjL03'],2021-03-21 14:57:54
因光而遇。,,游戏截图,18587****84,"['https://kol-fans.fp.ps.netease.com/file/60575b335e60275fdfbcab2bspySJczA03', 'https://kol-fans.fp.ps.netease.com/file/60575b346f0494142590424e9pGReH5003', 'https://kol-fans.fp.ps.netease.com/file/60575b342786fd2256253783W5Jy4GxJ03', 'https://kol-fans.fp.ps.netease.com/file/60575b346f04943fea2761606M4MddNi03']",2021-03-21 14:41:59
﻿梦想夕阳,,游戏截图,13756****38,"['https://kol-fans.fp.ps.netease.com/file/605755397f9d2a388cba74eeid5sPuKm03', 'https://kol-fans.fp.ps.netease.com/file/6057553d6f049474941b739dAKF1Gy4S03']",2021-03-21 14:16:30
卡卡,,游戏截图,18266****71,"['https://kol-fans.fp.ps.netease.com/file/605722008b74274a541839baNHUid7FG03', 'https://kol-fans.fp.ps.netease.com/file/605722005e602783b970974eIkX5cOwp03', 'https://kol-fans.fp.ps.netease.com/file/6057220096dee4606335fa72L5V7kkS403', 'https://kol-fans.fp.ps.netease.com/file/605722005e602772504d1c4bLZ4IHUqC03']",2021-03-21 10:37:53
千鸟城.,,游戏截图,辞柔酱丶,"['https://kol-fans.fp.ps.netease.com/file/60571bae8b74273dee9fd5cbW7XsYe3c03', 'https://kol-fans.fp.ps.netease.com/file/60571baea7f25227068dab9cpL7NIO6m03', 'https://kol-fans.fp.ps.netease.com/file/60571bae143cfa392c86d800ipvQigOt03', 'https://kol-fans.fp.ps.netease.com/file/60571bae2786fd2c5093593bUoRgiGms03']",2021-03-21 10:10:55
天赐的礼物,,游戏截图,阿悠悠,"['https://kol-fans.fp.ps.netease.com/file/6056ce687f9d2a719cfc15cdLJG8UjRs03', 'https://kol-fans.fp.ps.netease.com/file/6056ce6896dee490f6df4c3cNumtD0ZD03', 'https://kol-fans.fp.ps.netease.com/file/6056ce688b74272c224fcf42f3MAHjGx03', 'https://kol-fans.fp.ps.netease.com/file/6056ce688b74274868a9804bDJi7lvVr03']",2021-03-21 04:41:13
总会遇见,,游戏截图,阿悠悠,"['https://kol-fans.fp.ps.netease.com/file/6056cd87a7f252143a44d5d0Rir45WY803', 'https://kol-fans.fp.ps.netease.com/file/6056cd8796dee490f6df48323ffQ4aJF03', 'https://kol-fans.fp.ps.netease.com/file/6056cd885e60270b91d52c36lb858h1o03', 'https://kol-fans.fp.ps.netease.com/file/6056cd8896dee43c672106b2wPvo02xQ03']",2021-03-21 04:37:28
最初的梦想,,游戏截图,a****389660,['https://kol-fans.fp.ps.netease.com/file/60569572a7f252572529cd27frlQCUPp03'],2021-03-21 00:38:11
不知,,自己截的屏做的图,毅崽,"['https://kol-fans.fp.ps.netease.com/file/60561a4e96dee47b76d37cedO889d87E03', 'https://kol-fans.fp.ps.netease.com/file/60561a4e5e60271b750442720jJLS2Xo03', 'https://kol-fans.fp.ps.netease.com/file/60561a4e6f0494059f254ec0kqbdXbKv03', 'https://kol-fans.fp.ps.netease.com/file/60561a4f143cfa3d7e9e4555212FLlfd03']",2021-03-20 15:52:48
相遇就是最好的礼物.,,游戏截图,芝士鲷鱼烧,"['https://kol-fans.fp.ps.netease.com/file/60560bbb6f04943fc58109e2ihB0T4ca03', 'https://kol-fans.fp.ps.netease.com/file/60560bbc2786fd8fe008f66cHhZp5A1K03', 'https://kol-fans.fp.ps.netease.com/file/60560bbc7f9d2a2f67299d80xA7tzSiB03', 'https://kol-fans.fp.ps.netease.com/file/60560bbc2786fd4d4732ef62NgH4yRVv03']",2021-03-20 14:50:38
因光而遇 因遇而散,,同人绘,可乐0070,['https://kol-fans.fp.ps.netease.com/file/60558066143cfa2c7ed38125ahJoq7ay03'],2021-03-20 04:56:06
圆梦之旅,,游戏截图,Journey,['https://kol-fans.fp.ps.netease.com/file/605547408b74275befbdecbeS4TL6W8F03'],2021-03-20 00:52:16
好看的地方和重要的人,,游戏截图,芷,"['https://kol-fans.fp.ps.netease.com/file/6054de2a6f0494723127a385afOR6Ti903', 'https://kol-fans.fp.ps.netease.com/file/6054de2a2786fd643a869b24ZaRIABZB03', 'https://kol-fans.fp.ps.netease.com/file/6054de2aa7f25230d572e44axZF6vHw803', 'https://kol-fans.fp.ps.netease.com/file/6054de2a96dee454e7da93d1URyFpJfy03']",2021-03-19 17:23:56
和先祖一起来拍 拍立得吧,,游戏截图,林然,"['https://kol-fans.fp.ps.netease.com/file/6054c5a97f9d2a37a77b1a54DDi8WVHj03', 'https://kol-fans.fp.ps.netease.com/file/6054c5a9143cfa11b2755f5e0EpRp4fD03', 'https://kol-fans.fp.ps.netease.com/file/6054c5aa7f9d2a052c0a45c6rexNLBwT03', 'https://kol-fans.fp.ps.netease.com/file/6054c5aa2786fd36a3297540ZzYig6fF03']",2021-03-19 15:39:24
编辑的很多文案都删掉了“我爱你”太庄重不敢轻易说，我找到他的近义词：我只要你💕,,游戏截图,18923****64,"['https://kol-fans.fp.ps.netease.com/file/60548c0896dee43d5190b906Af7tqemg03', 'https://kol-fans.fp.ps.netease.com/file/60548c086f049467abbe2667BNLpEd7203', 'https://kol-fans.fp.ps.netease.com/file/60548c08143cfa85548d1ff5hMY5QZEy03', 'https://kol-fans.fp.ps.netease.com/file/60548c0896dee4433c4badc1gfQphRY803']",2021-03-19 11:33:29
二人世界,,游戏截图,18132****86,"['https://kol-fans.fp.ps.netease.com/file/60541a73143cfa4cdf39785e7plv48EL03', 'https://kol-fans.fp.ps.netease.com/file/60541a737f9d2a2e415c4c1diCQ1bIoO03']",2021-03-19 03:28:52
💫,,游戏截图,陌,"['https://kol-fans.fp.ps.netease.com/file/6053ac49a7f2523f0199b0e4hHPSBBDi03', 'https://kol-fans.fp.ps.netease.com/file/6053ac49a7f2527f0702e1cdTZ0P34Iq03', 'https://kol-fans.fp.ps.netease.com/file/6053ac4996dee49ea9639a6aujjxQ86V03', 'https://kol-fans.fp.ps.netease.com/file/6053ac49143cfa606ee9498eB2iMWosM03']",2021-03-18 19:38:51
小菇和小爱的摸鱼,,同人绘,小怪,"['https://kol-fans.fp.ps.netease.com/file/605357d45e60278ee9016ee1ymtercbf03', 'https://kol-fans.fp.ps.netease.com/file/605357d496dee4104a3a730aOTwRfEi703']",2021-03-18 13:38:29
🌚 ,,游戏截图,15075****50,"['https://kol-fans.fp.ps.netease.com/file/6052fe9d8b742752e5fdc59fQJKdg6uA03', 'https://kol-fans.fp.ps.netease.com/file/6052fe9e8b742734a3fa8a6602ag7uNL03']",2021-03-18 07:17:51
因光而遇,,游戏截图,15075****50,"['https://kol-fans.fp.ps.netease.com/file/6052b9fca7f2523f1fa68b19JVP6m5a603', 'https://kol-fans.fp.ps.netease.com/file/6052b9fe6f049473342a5a69ZFlS4Usm03']",2021-03-18 02:25:02
一片粉云海，很高兴认识大家,,游戏截图,15735****09,"['https://kol-fans.fp.ps.netease.com/file/6050d6f95e60278c2193a690D8rg7Wdh03', 'https://kol-fans.fp.ps.netease.com/file/6050d6f9a7f25237ba41debcQKkYO0si03', 'https://kol-fans.fp.ps.netease.com/file/6050d6f96f049421f76ed5fawUV5PxTN03', 'https://kol-fans.fp.ps.netease.com/file/6050d6fa96dee4155035bdecI57q48pq03']",2021-03-16 16:04:11
点火，采光,,游戏截图,w****200929,['https://kol-fans.fp.ps.netease.com/file/605097a88b742770bb6204595R4i3vet03'],2021-03-16 11:34:01
我总是能越过你看到我从未看到过的风景.,,游戏截图,19977****74,['https://kol-fans.fp.ps.netease.com/file/6050705996dee40fb4b47ca2Iiu9qU3o03'],2021-03-16 08:46:17
守护监护人挂机的日常,,游戏截图,15674****47,['https://kol-fans.fp.ps.netease.com/file/604f79637f9d2a0987a392fcpudHay5a03'],2021-03-15 15:12:35
。。,,游戏截图,可乐0070,"['https://kol-fans.fp.ps.netease.com/file/604f58f96f049451dcb3e6f9TK6PzWyu03', 'https://kol-fans.fp.ps.netease.com/file/604f58f97f9d2a509913ed76l5icdfmx03', 'https://kol-fans.fp.ps.netease.com/file/604f58f9143cfa0bff1954b3YrwGpwRB03']",2021-03-15 12:54:18
。。,,游戏截图,可乐0070,"['https://kol-fans.fp.ps.netease.com/file/604f58d196dee42c23f63121OLHa24mN03', 'https://kol-fans.fp.ps.netease.com/file/604f58d15e6027642dcd6967vW1UNyWf03', 'https://kol-fans.fp.ps.netease.com/file/604f58d27f9d2a390209f3cbduY1ycg503']",2021-03-15 12:53:38
。。,,游戏截图,可乐0070,"['https://kol-fans.fp.ps.netease.com/file/604f58b5a7f2523bc61abb25AQyWNfX203', 'https://kol-fans.fp.ps.netease.com/file/604f58b696dee42c23f63083khlbtE1U03']",2021-03-15 12:53:10
。。,,游戏截图,可乐0070,"['https://kol-fans.fp.ps.netease.com/file/604f5791143cfa9fff4c1cac262BooEL03', 'https://kol-fans.fp.ps.netease.com/file/604f5791143cfa0d529755eaousM6Fq103', 'https://kol-fans.fp.ps.netease.com/file/604f57918b74271e93427130DxedX1xH03', 'https://kol-fans.fp.ps.netease.com/file/604f57918b74271e693a63d16Owt0CD403']",2021-03-15 12:48:18
很高兴认识你，也很难过遇见你。,,游戏截图,可乐0070,"['https://kol-fans.fp.ps.netease.com/file/604f55c35e60275cef34b614S4W5VqTr03', 'https://kol-fans.fp.ps.netease.com/file/604f55c35e602751e9491eb3LKNmo7Zd03', 'https://kol-fans.fp.ps.netease.com/file/604f55c35e60273efe784171HBiJALYp03', 'https://kol-fans.fp.ps.netease.com/file/604f55c42786fd809ca95ab3QmL2TsCs03']",2021-03-15 12:40:37
Myself,,同人绘,DHeart,['https://kol-fans.fp.ps.netease.com/file/604f35da8b742751dfdff5fc22Fau60Z03'],2021-03-15 10:24:26
她,,游戏截图,秋暮,"['https://kol-fans.fp.ps.netease.com/file/604d95a18b74277cb3a01b72ErCXIJ0K03', 'https://kol-fans.fp.ps.netease.com/file/604d95a16f04940be5e59fd5MiWuQ0ju03', 'https://kol-fans.fp.ps.netease.com/file/604d95a696dee4526d84e0fcQTFJlGsN03', 'https://kol-fans.fp.ps.netease.com/file/604d95a6a7f252349e7389b5CvBWdIXf03']",2021-03-14 04:48:45
咦？这是什么？是可耐的小无翼！,,游戏截图,无1无靠的栗栗子,"['https://kol-fans.fp.ps.netease.com/file/604d716296dee487c078d34caYc2DTa003', 'https://kol-fans.fp.ps.netease.com/file/604d71625e60278e7477d688ZNXK5BZi03', 'https://kol-fans.fp.ps.netease.com/file/604d71622786fd89a42fd39bBUkJYmjt03', 'https://kol-fans.fp.ps.netease.com/file/604d71626f049410dc193e593kCAcL5903']",2021-03-14 02:13:55
"我和她只有三百多长照片的回忆了，我才不伤心呢,,,,,,不伤心才怪呢。。。。。。。。。。",,游戏截图,无1无靠的栗栗子,"['https://kol-fans.fp.ps.netease.com/file/604d6ee9143cfa8e7527a7f611XzIhT603', 'https://kol-fans.fp.ps.netease.com/file/604d6ee96f04945740f838737ibzvf9s03', 'https://kol-fans.fp.ps.netease.com/file/604d6eea143cfa9430dd84eficK1kvJv03', 'https://kol-fans.fp.ps.netease.com/file/604d6eea5e60270c858cbbf5FT2a6dWO03']",2021-03-14 02:03:23
真不戳的夕阳,,游戏截图,15080****09,['https://kol-fans.fp.ps.netease.com/file/604d6b505e6027534c7ce3caQirsaNP303'],2021-03-14 01:48:00
小蜡烛与小铃铛,,小蜡烛与小铃铛,19872****96,"['https://kol-fans.fp.ps.netease.com/file/604d08135e602745c33a6e65bwV3iQfC03', 'https://kol-fans.fp.ps.netease.com/file/604d08138b74275d96ecd226wriqRkja03', 'https://kol-fans.fp.ps.netease.com/file/604d0813143cfa3a78298f8cNrcprl7503', 'https://kol-fans.fp.ps.netease.com/file/604d08137f9d2a2ad1819a19LpTIXcRP03']",2021-03-13 18:44:37
那些年那些人那些事,,游戏截图,19160****02,"['https://kol-fans.fp.ps.netease.com/file/604cfe09a7f25223f9d037bcVd0Xxh3A03', 'https://kol-fans.fp.ps.netease.com/file/604cfe096f0494729f1ff400qLyO0EPX03', 'https://kol-fans.fp.ps.netease.com/file/604cfe0996dee48447e77526Z47igU7Q03']",2021-03-13 18:01:46
光遇，重来一次，我也愿意,,游戏截图,13940****73,"['https://kol-fans.fp.ps.netease.com/file/604cda5da7f2525b10815c58FVdS5u2z03', 'https://kol-fans.fp.ps.netease.com/file/604cda5e5e602741e702c58d6iq4AMXY03', 'https://kol-fans.fp.ps.netease.com/file/604cda5e7f9d2a4bc7d0656diGcL92J503', 'https://kol-fans.fp.ps.netease.com/file/604cda5f2786fd8875c062baBNBbDp7D03']",2021-03-13 15:29:37
Call Me By Your Name,,游戏截图,17359****70,"['https://kol-fans.fp.ps.netease.com/file/604cc1c85e60273833c0c09c2Mrr2ybR03', 'https://kol-fans.fp.ps.netease.com/file/604cc1c9143cfa29b25ddec8mXsxxYkZ03', 'https://kol-fans.fp.ps.netease.com/file/604cc1c996dee412cecd5619gfPPjGdO03', 'https://kol-fans.fp.ps.netease.com/file/604cc1c996dee412cecd561bcPix1AHP03']",2021-03-13 13:44:43
菜菜和鱼鱼,,游戏截图,15389****90,['https://kol-fans.fp.ps.netease.com/file/604b871e7f9d2a5d0f2ae8e2DX5EPMxT03'],2021-03-12 15:22:07
菇菇,,游戏截图,阿悠悠,"['https://kol-fans.fp.ps.netease.com/file/604b72508b742767d8d1d9ebhp8iASKS03', 'https://kol-fans.fp.ps.netease.com/file/604b72502786fd0b79865c78ppiOzONx03', 'https://kol-fans.fp.ps.netease.com/file/604b72508b742772a27dfdcdVJ4d7CRy03', 'https://kol-fans.fp.ps.netease.com/file/604b72512786fd5fc682c17f22cygq6M03']",2021-03-12 13:53:21
我们的友谊,,游戏截图,阿悠悠,"['https://kol-fans.fp.ps.netease.com/file/604b6f4c6f0494198b584937MRVQZ8yU03', 'https://kol-fans.fp.ps.netease.com/file/604b6f4d5e6027029ac6903bIjUzoXPL03', 'https://kol-fans.fp.ps.netease.com/file/604b6f4da7f2522a31531b91ojweirTp03', 'https://kol-fans.fp.ps.netease.com/file/604b6f4da7f2522a31531b937MHxh9wX03']",2021-03-12 13:40:29
三人行必有我师焉,,游戏截图,17601****72,"['https://kol-fans.fp.ps.netease.com/file/604b4bf72786fd3e72783ab8FscpG2Gs03', 'https://kol-fans.fp.ps.netease.com/file/604b4bf896dee48060ca0b5aoCL9p8fG03']",2021-03-12 11:09:44
在光遇里的一些旧截图,,游戏壁纸,析无,"['https://kol-fans.fp.ps.netease.com/file/604a350396dee4859acc3af1lOi84dwO03', 'https://kol-fans.fp.ps.netease.com/file/604a3504a7f2522ddf7da7e3FrKIwFKw03', 'https://kol-fans.fp.ps.netease.com/file/604a35058b742709789661ff5MBUVEZi03', 'https://kol-fans.fp.ps.netease.com/file/604a35072786fd051c6fc1e2xSRxZC8A03']",2021-03-11 15:19:37
zzj谢谢有你啊！,,游戏截图,17637****29,"['https://kol-fans.fp.ps.netease.com/file/6049c07d96dee41861b1a286TUzy9EHo03', 'https://kol-fans.fp.ps.netease.com/file/6049c07e8b742774c490c898Xy8Kzroi03', 'https://kol-fans.fp.ps.netease.com/file/6049c07e7f9d2a4fce7b7b22ociTJAJK03']",2021-03-11 07:02:22
因光而遇,,和你,18270****69,"['https://kol-fans.fp.ps.netease.com/file/6049ae622786fd149886343e72f2e8zs03', 'https://kol-fans.fp.ps.netease.com/file/6049ae63a7f2521f8cc26bdawkjhwXPW03', 'https://kol-fans.fp.ps.netease.com/file/6049ae632786fd77158d67936X6YItQH03', 'https://kol-fans.fp.ps.netease.com/file/6049ae638b74271e47771bdaGqXTXdWD03']",2021-03-11 05:45:08
樱花树下,,游戏截图,Memory.,"['https://kol-fans.fp.ps.netease.com/file/60498ea1143cfa14744f8a3dbiOuswuy03', 'https://kol-fans.fp.ps.netease.com/file/60498ea12786fd7bcf0547c8CKkwYFIw03']",2021-03-11 03:29:38
可可爱爱,,游戏截图,Memory.,['https://kol-fans.fp.ps.netease.com/file/60498e54143cfa257bc8166d1ALAPlWT03'],2021-03-11 03:28:21
孤狼,,游戏截图,烤栗,"['https://kol-fans.fp.ps.netease.com/file/6048a4ac8b74272b038776436rRWPMhz03', 'https://kol-fans.fp.ps.netease.com/file/6048a4ac143cfa7802e498c6qLUzEeiy03', 'https://kol-fans.fp.ps.netease.com/file/6048a4ad7f9d2a4a2ad7d93aXI3ZuEfe03', 'https://kol-fans.fp.ps.netease.com/file/6048a4ad5e60273812d9c5e94EJItpvq03']",2021-03-10 10:51:26
人物名称：西西子，设计：一纸白久，设计初意这是一个融合中国传统舞蹈扇子舞的一个人物，背后的图标是扇子图案，纹案和前面文案案一样，鞋子是绷带加木制鞋子。,,同人绘,一纸白久,"['https://kol-fans.fp.ps.netease.com/file/60489e418b74275ab153f6a3BXqAO6Qw03', 'https://kol-fans.fp.ps.netease.com/file/60489e415e60270a924f9ce3WEvoNLiS03', 'https://kol-fans.fp.ps.netease.com/file/60489e41a7f25217516f565aGsT2VKiC03', 'https://kol-fans.fp.ps.netease.com/file/60489e426f04940cbe38f9af1Z7142ER03']",2021-03-10 10:24:02
人物名称：西西子，设计：一纸白久，设计初意这是一个融合中国传统舞蹈扇子舞的一个人物，背后的图标是扇子图案，纹案和前面文案案一样，鞋子是绷带加木制鞋子,,同人绘,一纸白久,"['https://kol-fans.fp.ps.netease.com/file/60489dcd7f9d2a743ad5412aCv5NrUka03', 'https://kol-fans.fp.ps.netease.com/file/60489dce6f04942de4afc937ANL2c63503', 'https://kol-fans.fp.ps.netease.com/file/60489dce2786fd664d6fd05c3pIO67J803', 'https://kol-fans.fp.ps.netease.com/file/60489dcea7f252739efe9011oqm1uDX503']",2021-03-10 10:22:07
如约而至,,游戏截图,15023****12,"['https://kol-fans.fp.ps.netease.com/file/6048840b143cfa62a4d1188fXe82DCWB03', 'https://kol-fans.fp.ps.netease.com/file/6048840b143cfa62a4d11893ZEe52i2X03', 'https://kol-fans.fp.ps.netease.com/file/6048840c143cfa0f64313fc8koctvbR203', 'https://kol-fans.fp.ps.netease.com/file/6048840c6f0494673be0711eUX4dUjVW03']",2021-03-10 08:32:13
"日常留念-骗你生女儿系列,哈哈哈哈哈",,游戏截图,秋池,"['https://kol-fans.fp.ps.netease.com/file/60485a0f143cfa268ab390203MIHkIe303', 'https://kol-fans.fp.ps.netease.com/file/60485a0f2786fd28f91b2ea55vfwe48903', 'https://kol-fans.fp.ps.netease.com/file/60485a107f9d2a0572606952hjE0Xr6o03', 'https://kol-fans.fp.ps.netease.com/file/60485a107f9d2a503ae7265daJ00e6B903']",2021-03-10 05:33:05
光遇·遇见,,游戏截图,13084****26,"['https://kol-fans.fp.ps.netease.com/file/60484f207f9d2a473de0f1e7X0VxieAx03', 'https://kol-fans.fp.ps.netease.com/file/60484f232786fd7e67799101mPlciMCW03', 'https://kol-fans.fp.ps.netease.com/file/60484f252786fd18b3bd463dxJuIhkII03', 'https://kol-fans.fp.ps.netease.com/file/60484f275e602702f7746621xL6iELPp03']",2021-03-10 04:46:38
风,,同人绘,仔仔和柴柴,['https://kol-fans.fp.ps.netease.com/file/60484b6c143cfa6180f67e5cNgYKqGAA03'],2021-03-10 04:30:37
大片既视感,,游戏截图,y****e021,"['https://kol-fans.fp.ps.netease.com/file/6047c1107f9d2a507bae0064joyBil1F03', 'https://kol-fans.fp.ps.netease.com/file/6047c1145e60270b3b583dd34k5h5yMg03', 'https://kol-fans.fp.ps.netease.com/file/6047c11896dee499daa2937fb344DEzr03', 'https://kol-fans.fp.ps.netease.com/file/6047c11c5e602720ae9b345fOfp9Jvqh03']",2021-03-09 18:40:34
和娜娜子,,游戏截图,14779****53,"['https://kol-fans.fp.ps.netease.com/file/60479c1c6f04941471c1ec4eYr3tIbVd03', 'https://kol-fans.fp.ps.netease.com/file/60479c1f5e60271682354899RSZZ5kto03', 'https://kol-fans.fp.ps.netease.com/file/60479c212786fd2be70b8f6aZPcsvRgZ03']",2021-03-09 16:02:42
孤旅,,游戏截图,18216****13,"['https://kol-fans.fp.ps.netease.com/file/6047592a5e6027524f619bacsJDJBmlm03', 'https://kol-fans.fp.ps.netease.com/file/6047592ba7f25249ecb67afdjckTUjCp03', 'https://kol-fans.fp.ps.netease.com/file/6047592b7f9d2a1d3fde4e01yELiuJL903']",2021-03-09 11:17:00
四人帮视频（4),,视频,Jenna,['https://kol-fans.fp.ps.netease.com/file/60461cf55e6027301040539ceBVHijkb03'],2021-03-08 12:47:50
四人帮视频（3),,视频,Jenna,['https://kol-fans.fp.ps.netease.com/file/60461cda143cfa8013a25dfdkZsqi36H03'],2021-03-08 12:47:23
四人帮视频（2）,,视频,Jenna,['https://kol-fans.fp.ps.netease.com/file/60461cbc8b74273499e7c1f0S8emlWKc03'],2021-03-08 12:46:53
四人帮视频（1）,,视频,Jenna,['https://kol-fans.fp.ps.netease.com/file/60461ca896dee43fb29fe8c2VAjv6Gvp03'],2021-03-08 12:46:33
失落-期待-开心-难过-永别-遇见,"（有图片，先看完原文，谢谢大家，我只是阐述我的故事，希望大家能理解我的故事，不要随意吐槽，我只是想写，之后我就会忘记了，谢谢大家）
  我第一次玩光遇时，我的第一个小伙伴就抛弃了我，因为我们没有共同的话题和兴趣聊下去.......
  但当我跑完雨林回遇境时，我进去了暮土跑图，我看到了一个小可爱无翼（太可爱了，但是萌新头，我以为是小萌新）但他跑图好像很累的样子，我就掏出了我的蜡烛，加了他，带着他跑了一小段后，妈妈喊我去吃饭了，无奈之下我只能和他解锁聊天和他讲：我要去吃饭了，你先自己跑吧。说完了，我就去吃饭了。但我回来看手机时，他还在等我，就有点欣慰。之后带着他跑完了图，就下了。
  第二天中午，我上游戏，看到他在线我就传送他（当时的圈子并不大，我也不知道为什么传他），但他好像在跑图（没有解锁传送）跟着跟着就串了。到了晚上，我再上游戏的时候，他在线，我传他之后发现他在遇境，之后，我问他：你图跑完了吗。他说：跑完了。话刚落下，他的好友传了过来，聊天。在聊天的过程中，我知道了他并不是萌新，当他说：我有两个号，这个是我的小号。我眼睛一亮，拉起他的手，带着他跑到别的地方，问：你大号呢，我想加你大号。他说：等我一下。之后有个小黑走了过来，我一头雾水，他指了指，我才知道，他其实是个大佬。我说：难道不用链接加吗？之后，我的特关里就多了个人。
  每次中午上线，他不在线，我就自己去跑图，他上了线，但没有传我，我跑完两图后去找他，发现他在云野玩。然后我们在云野玩了一小会，我就要去睡觉了。晚上时，我惊讶的发现他居然传了我说：你图跑完了吗，我带你跑吧？之后他就带着我跑图了。有一天，我忍不住问他：那个。。你能做我固玩吗？他说：我考虑考虑吧。一日复一日的，我们习惯了等对方上线，一起跑图，他总是等着我一起跑，但当他问我：能不能加一下扣扣，以后方便联系。我本来开始也是想问他要联系方式，但我在等他问我要。（可能那时我产生了朦胧的小激动吧）加了对方的扣扣后，我们每天一起跑图，去打卡，在云野养老，拍了很多的照片，我也在空间发了很多的关于我们打卡的照片。（大概有500以上，具体不清楚）
  有一次，我已经跑完了图，他传过来问我：跑完了吗？我回答到：跑完了。他居然做了哭泣的动作说：我们是固玩，你怎么不等我一起跑图？我很惊讶，因为他没有和我说我们已经是固玩了。他继续说：我都已经对外宣告你是我固玩了。我在想：既然如此，我放个小船声明一下吧。我们成了固玩后，我对他的感情也就陆陆续续上升了，但过程中，有个叫拽姐的女孩找他，听他说是同学，我忍不住心里不爽，但我不能反驳。之后我也加了他的同学（扣扣也加了）之后就一起玩了。
  在学习上，他们的成绩挺不错的，我有不会的题他们都会为我解答。（固玩人很帅，确实有点惊讶，但帅哥看多了，也就没感觉。固玩的同学也很好看）但在每天暗示时，固玩都睁眼闭眼的，我也不知道他懂不懂。突然有一天，他不再上线，上线的是他同学（只有提示声），后来，他上线了，但他的好友问我：你是他的固玩对吧？我答复后。“我想你固玩做我cp行吗”我当时是很惊讶的，但我没有阻止固玩只是我一个人，我只让他选择。后来，他的同学也上线了，我发现他的同学和他的朋友也有好友。但我没多想。
  之后，缕清楚了事情的来龙去脉后，我的好友月月上线了，我和他讲述了这件事，他带着我进了伊甸门，我和他讲了事情的经过。（他陪了我好久，一直安慰我，给我讲原因等，我很感激）之后固玩的同学在扣扣说：你在哪里，我们来讲一下吧。当他们讲完之后（内容是:三个人一起玩，就不要伤了和气，做cp这个事是个误会，不是真的）（但来讲这个事的人不是固玩，是他的同学，这就很离谱了），月月把我拉进了伊甸，说：我都看不下去了，这什么剧本。突然的，他闪退给下线了。我回遇境后，等他上线，然后我们再次来到暴风眼，他说：害，连我手机都看不过眼。（之后我们就相互讲个对方的一些经历，挺相似的）当然，我固玩只是在扣扣说了一句：对不起。
  之后我想要他的态度，让他选择，他给我发了一段话，说明了他知道我喜欢他，但他不是我想找的人（后面省略，太长心情累）（也许我那晚很冲动，情绪不太稳定，暴躁），就这样我们做不了固玩了。那一晚，我哭了。（并不是很大声，心情崩毁）之后他在我特关里住了有半个月，但这个时间。我醒来的第二天，我在一个光遇群，遇到了姐姐，姐姐在和我疏通感情这种问题，聊着聊着我们就加上了好友，随着加上了游戏。（姐姐和我的性格很像，经历也离奇的一致，不怕聊不来，行为也差不多）姐姐在为我讲这个年纪多多少少都会不正常的。（后面的操作，发图，跑图省略）之后，我的固玩在我的特关中，变成了两边人。
  再后来，我的永久小无翼跑暮土四龙图的时候，我遇到了一个人——十八。他放了个篝火说：你这个小无翼怎么自己跑暮土？你监护人呢？我说：我没有监护，自力更生。他说：啊..这..，那我带你吧？我说：我带你吧，我技术过人。他说：我信不过你，那加好友吗？之后我们加上了好友，我带他跑图。后来，我和姐姐讲了这件事（我和姐姐已经是老熟悉了）然后，我让十八加我的大号，但他加完就没说什么就下了。（当时好友在和我聊天，我以为十八是因为我不管他才下线的），有一次，我让姐姐和十八认识，之后就是我们三个人一起玩了，我不敢问十八要扣扣（他挺佛系的，但也不是什么不好的人）在跑图的过程中，姐姐帮我问了他的wv和扣扣。之后我在扣扣创了个群。以后每天都很开心（因为，我只有这些人来和我一起玩很久）
  忽然有一天，姐姐拉了个人进群，他叫芽芽。刚开始时，我表示很不自在，很不想他一起。前几天和他一起玩的时候，心里都是排斥。（但我的行为没有表现出来我很排斥他）但当梦想季来的时候，我和姐姐和芽芽，在梦想季的大门等八八（我们决定新年的时候，一起去打卡关于红色的风景）然后姐姐说有点事，等会在去，就剩下我和芽芽了，我和芽芽聊天，他问我：不知道十八有没有搜到奥体曼的谱子（巧了，我今天看到过个谱子）我就说：我记得，我看到过。我让他等会，我去找找。当我弹完的时候，我开始和他说：你刚开始接触我的时候，有没有觉得我对你是排斥的？他居然说：没有啊，挺好的啊，就跑图挺秀的，大佬哎）后来，我成功的再也不排斥他了。
  姐姐，八八，芽芽是我在寒假遇见的最好朋友，他们的圈子也就我们几个（具体也不清楚），我的圈子也很小。（星盘人多，但只有这几个人一直陪我玩游戏）
  在前几天，我决定把我的前固玩拉黑（我把我的小号的先拉黑了）之后，我的大号留下了他的大号（当面拉黑，因为他是一个过客）（具体事情也不讲了）固玩在我的星盘住了一个月多，我终于可以放心的拉黑了。再后来啊，我遇见了我娃儿（崽崽），很好，挺不错
的。最近又找了个cp(女孩）（声明cp和对象的概念不同，仅游戏，一起玩的那种，没有别的想法）昨晚我们四人帮打开了语音通话，很开心，我相信我们之后的时间会更加友谊坚固（大家都上学了，时间也不多）
  呼~总结一下，爱姐姐，八八，芽芽，娃儿。遇见你们很幸运，能和你们一起玩，经历了不少的事情。爱你们呢~

以上就是我的故事

接下来就是图片展示（只拿一部分吧，太多了）",光遇小故事,Jenna,[],2021-03-08 12:42:07
﻿空巢,,游戏截图,13555****81,"['https://kol-fans.fp.ps.netease.com/file/6045fb482786fd062bf5b0b3LXKU0Fjs03', 'https://kol-fans.fp.ps.netease.com/file/6045fb4896dee450e2d1e893V6uiFLjj03', 'https://kol-fans.fp.ps.netease.com/file/6045fb487f9d2a38621352be12sc1ove03']",2021-03-08 10:24:09
光遇,,游戏截图,小巷,"['https://kol-fans.fp.ps.netease.com/file/6045e2d88b74273c782ab5b8yJpvSFy903', 'https://kol-fans.fp.ps.netease.com/file/6045e2d8143cfa5b267bf0f3kkRVL50q03', 'https://kol-fans.fp.ps.netease.com/file/6045e2d88b74275099e77b26LlwGxzFa03', 'https://kol-fans.fp.ps.netease.com/file/6045e2d85e60273bfa5709fbPrT7PqvV03']",2021-03-08 08:39:53
光遇,,游戏截图,小巷,"['https://kol-fans.fp.ps.netease.com/file/6045e2955e60273c07af66a9W2R3hMCO03', 'https://kol-fans.fp.ps.netease.com/file/6045e2955e60273bfa5708523ZI7BB5003', 'https://kol-fans.fp.ps.netease.com/file/6045e29596dee46290faf059LOsKHP6u03', 'https://kol-fans.fp.ps.netease.com/file/6045e29696dee46290faf05dbjO5If2E03']",2021-03-08 08:38:46
先祖，帅哥，烤螃蟹🦀️,,游戏截图,菇,"['https://kol-fans.fp.ps.netease.com/file/6044ee74a7f25278ac025e937XxUlXO603', 'https://kol-fans.fp.ps.netease.com/file/6044ee75a7f25279e3d1ed2b2w3GOBC303', 'https://kol-fans.fp.ps.netease.com/file/6044ee758b74277e5d8287380hX7zhVx03', 'https://kol-fans.fp.ps.netease.com/file/6044ee768b742746d0cb35dfcBS2xp4v03']",2021-03-07 15:17:11
一片风景,,游戏截图,18943****18,"['https://kol-fans.fp.ps.netease.com/file/6044b10ca7f2527548898bf9yQyb8QiS03', 'https://kol-fans.fp.ps.netease.com/file/6044b10c96dee40b6b7e61adsI14SRql03', 'https://kol-fans.fp.ps.netease.com/file/6044b10c2786fd969fc1fd780u2ymajl03', 'https://kol-fans.fp.ps.netease.com/file/6044b10c8b74275dfecb43adzmJHXyIY03']",2021-03-07 10:55:09
我和她的故事,,游戏截图,河川yu,"['https://kol-fans.fp.ps.netease.com/file/6044617e5e60271fd55a2ae6LPhsMket03', 'https://kol-fans.fp.ps.netease.com/file/6044617e96dee488e42140cbZGm7Uj6z03', 'https://kol-fans.fp.ps.netease.com/file/6044617f143cfa47a13bd6b6iYmcijdh03', 'https://kol-fans.fp.ps.netease.com/file/6044617f6f04946c53dc64d2C0xQEOoS03']",2021-03-07 05:15:44
梦想中的夕阳,,游戏截图,小岚,"['https://kol-fans.fp.ps.netease.com/file/60444be42786fd5e0c6fb0982FDbOg3A03', 'https://kol-fans.fp.ps.netease.com/file/60444be496dee4940f50427a6KiaDE5Y03', 'https://kol-fans.fp.ps.netease.com/file/60444be48b74276b7bc59dfctSblCdj103', 'https://kol-fans.fp.ps.netease.com/file/60444be5143cfa1b3ec7d1aeDw7csuJm03']",2021-03-07 03:43:33
我们于此相识,,游戏截图,月归,"['https://kol-fans.fp.ps.netease.com/file/60442bc08b742769f9741fe8iDoVPp3O03', 'https://kol-fans.fp.ps.netease.com/file/60442bc1143cfa2a0f3e4bf7JMU6jZ1V03', 'https://kol-fans.fp.ps.netease.com/file/60442bc15e6027918c71a64agpUmCtfW03', 'https://kol-fans.fp.ps.netease.com/file/60442bc2143cfa6b93985f7bU6iE5QJy03']",2021-03-07 01:26:26
橘子橘子,,游戏截图,舟舟,['https://kol-fans.fp.ps.netease.com/file/60433ee56f049436119bc1b6jPfyOxSr03'],2021-03-06 08:35:50
今日份幸福,,游戏截图,不怎么甜,['https://kol-fans.fp.ps.netease.com/file/60433db16f049450bd36549ejVTxLkbk03'],2021-03-06 08:30:42
🐑,,游戏截图,冰可乐,"['https://kol-fans.fp.ps.netease.com/file/60432b99a7f2526dc787ef90wqF3Ny6003', 'https://kol-fans.fp.ps.netease.com/file/60432b9ba7f25266461cc46awgy3yAVt03', 'https://kol-fans.fp.ps.netease.com/file/60432b9b6f04943ade816feeobH5LO3k03']",2021-03-06 07:13:32
成长日记,,视频,15168****01,['https://kol-fans.fp.ps.netease.com/file/604325c4143cfa80abd03f11OoZrxRUY03'],2021-03-06 06:48:37
好久以前打卡的哇,,游戏截图,星曦,['https://kol-fans.fp.ps.netease.com/file/60431be16f04947996fe74b4t8fc1js703'],2021-03-06 06:06:26
那些和你去看过的风景-[日常留念],,游戏截图,秋池,"['https://kol-fans.fp.ps.netease.com/file/60430042143cfa4396c438adcpjwOrox03', 'https://kol-fans.fp.ps.netease.com/file/604300445e602756c90c9c5aHl59zq6H03', 'https://kol-fans.fp.ps.netease.com/file/6043004496dee4416267ba15KIIM3iXU03', 'https://kol-fans.fp.ps.netease.com/file/604300445e60277412bca0202vSBk8i603']",2021-03-06 04:08:37
那些和你去看过的风景-[日常留念],,游戏截图,秋池,"['https://kol-fans.fp.ps.netease.com/file/6043001a8b742768b46e8cfdcmRyA8m403', 'https://kol-fans.fp.ps.netease.com/file/6043001a8b7427242e35946f9EY3F3tj03', 'https://kol-fans.fp.ps.netease.com/file/6043001a143cfa5f8a61287cIIxBTBx103', 'https://kol-fans.fp.ps.netease.com/file/6043001a2786fd64f4f9f68biXHD5Vop03']",2021-03-06 04:07:55
那些和你去看过的风景-[日常留念],,游戏截图,秋池,"['https://kol-fans.fp.ps.netease.com/file/6042fff96f049410265c80862BcRMlkR03', 'https://kol-fans.fp.ps.netease.com/file/6042fff9143cfa4396c4378fhCf8LJOR03', 'https://kol-fans.fp.ps.netease.com/file/6042fff95e60273d8a20293e46O79MVI03', 'https://kol-fans.fp.ps.netease.com/file/6042fff996dee4415b8c35aftV4PyVRN03']",2021-03-06 04:07:22
那些和你去看过的风景-[日常留念],,游戏截图,秋池,"['https://kol-fans.fp.ps.netease.com/file/6042ffdf7f9d2a362729ef68ujom8ukz03', 'https://kol-fans.fp.ps.netease.com/file/6042ffdf5e60277412bc9dbcoWpabGXJ03', 'https://kol-fans.fp.ps.netease.com/file/6042ffdf8b74276ca002e7d3shNFPzHl03', 'https://kol-fans.fp.ps.netease.com/file/6042ffdf5e602756754049b76oIrJ77d03']",2021-03-06 04:06:56
那些和你去看过的风景-[日常留念],,游戏截图,秋池,"['https://kol-fans.fp.ps.netease.com/file/6042ff7b5e60274fa6d89718yZGRDWal03', 'https://kol-fans.fp.ps.netease.com/file/6042ff7b96dee4897e6bacf2dseXtRUJ03', 'https://kol-fans.fp.ps.netease.com/file/6042ff7b7f9d2a4ba0161a20ZM8aCm1p03', 'https://kol-fans.fp.ps.netease.com/file/6042ff7b5e602756c90c9871Nw2Vsz8K03']",2021-03-06 04:05:16
那些和你去看过的风景-[日常留念],,游戏截图,秋池,"['https://kol-fans.fp.ps.netease.com/file/6042ff5d6f049454344a5b18aXVPigTX03', 'https://kol-fans.fp.ps.netease.com/file/6042ff5d143cfa33d422340cQs2ZSipt03', 'https://kol-fans.fp.ps.netease.com/file/6042ff5da7f2526ab085831bFuEhTN8e03', 'https://kol-fans.fp.ps.netease.com/file/6042ff5d5e60275675404800qV8od7yL03']",2021-03-06 04:04:46
那些和你去看过的风景-[日常留念],,游戏截图,秋池,"['https://kol-fans.fp.ps.netease.com/file/6042ff44143cfa307ec29a03IWNXil9g03', 'https://kol-fans.fp.ps.netease.com/file/6042ff44143cfa450057c51ejYW9ZiHk03', 'https://kol-fans.fp.ps.netease.com/file/6042ff458b742728bab5244fN5EDL8eD03', 'https://kol-fans.fp.ps.netease.com/file/6042ff4596dee4897e6bacbf3vL3zrWH03']",2021-03-06 04:04:22
那些和你去看过的风景-[日常留念],,游戏截图,秋池,"['https://kol-fans.fp.ps.netease.com/file/6042ff2a7f9d2a4fd78bb6bc5zhHOYoZ03', 'https://kol-fans.fp.ps.netease.com/file/6042ff2a5e602756c90c970cBPd3Sbpi03', 'https://kol-fans.fp.ps.netease.com/file/6042ff2a143cfa450057c49151Irdeo903', 'https://kol-fans.fp.ps.netease.com/file/6042ff2a5e602756c90c970eNthaIJ3l03']",2021-03-06 04:03:56
……,,游戏截图,18102****12,['https://kol-fans.fp.ps.netease.com/file/6042fc14a7f2522c8becb6e6iVFhfa2q03'],2021-03-06 03:50:45
我温柔对待世间的一切，即使你是冥龙，我也会带你看烟花,,游戏截图,18678****43,['https://kol-fans.fp.ps.netease.com/file/6042f0ce96dee4346f809625EZRviyLz03'],2021-03-06 03:02:39
有老婆了,,游戏截图,15632****28,['https://kol-fans.fp.ps.netease.com/file/6042dcc65e60277387b30bfbc9OD0MhA03'],2021-03-06 01:37:11
雨妈不吃小萌新！,,游戏截图,于暁二,"['https://kol-fans.fp.ps.netease.com/file/60424a22a7f252449f0ac38dQKC6Uczh03', 'https://kol-fans.fp.ps.netease.com/file/60424a22a7f25243e1ccabe0JQkuVIp003', 'https://kol-fans.fp.ps.netease.com/file/60424a22a7f252346f9da34fmI49K0Dc03', 'https://kol-fans.fp.ps.netease.com/file/60424a226f04942d2e3c585f7M5Y7ePM03']",2021-03-05 15:11:31
和老婆 遇见了星星,,游戏截图,呐,['https://kol-fans.fp.ps.netease.com/file/60422ec6143cfa448969910fHFKkRNbs03'],2021-03-05 13:14:46
日落时的余情未了,,游戏截图,幺肆,['https://kol-fans.fp.ps.netease.com/file/60422c4096dee42da49a5d0fjXZU1ZtN03'],2021-03-05 13:04:01
我只想在有限的时间里留下点点滴滴的回忆,,游戏截图,月归,"['https://kol-fans.fp.ps.netease.com/file/6041fbfe143cfa2d68cd32c7ItuD2y9T03', 'https://kol-fans.fp.ps.netease.com/file/6041fbfe7f9d2a49cbb50126le8qWIiP03', 'https://kol-fans.fp.ps.netease.com/file/6041fbfe5e602769f0f7442fMQhPIf9p03', 'https://kol-fans.fp.ps.netease.com/file/6041fbff96dee45f48d811b2XpEqM2Jp03']",2021-03-05 09:38:09
和朋友的回忆,,打卡景点,月归,"['https://kol-fans.fp.ps.netease.com/file/6041f8db5e60277f6f672225Atjisaw503', 'https://kol-fans.fp.ps.netease.com/file/6041f8dca7f2520d133b3ef5DJxYiwLv03', 'https://kol-fans.fp.ps.netease.com/file/6041f8dc143cfa4f0fd111b3EPofYUO903', 'https://kol-fans.fp.ps.netease.com/file/6041f8dd5e602708948c2cbftJCJ1TpP03']",2021-03-05 09:24:47
等待绿色光芒的自闭之子,,游戏截图,阿喃,"['https://kol-fans.fp.ps.netease.com/file/6041db4f8b74276b88868a50aRPSg0jM03', 'https://kol-fans.fp.ps.netease.com/file/6041db4f7f9d2a1a00e95bbeRRDz1TyD03', 'https://kol-fans.fp.ps.netease.com/file/6041db505e6027933203eed4i1vQ0reV03']",2021-03-05 07:18:41
打卡,,游戏截图,华子,"['https://kol-fans.fp.ps.netease.com/file/604191837f9d2a048229836eNIwYmJGT03', 'https://kol-fans.fp.ps.netease.com/file/60419183a7f2527b5f02511cirDXEpUO03']",2021-03-05 02:03:48
个人自拍😂hhh,,游戏截图,wsh322,['https://kol-fans.fp.ps.netease.com/file/60418e41143cfa4b9ce0b338iCBHamvq03'],2021-03-05 01:49:53
随手都是风景,,手作,15398****52,['https://kol-fans.fp.ps.netease.com/file/6040ac365e60279b92c7cfd0GrFGt3DF03'],2021-03-04 09:45:27
因为有你们，光遇才变得有意思起来,,游戏截图,15398****52,"['https://kol-fans.fp.ps.netease.com/file/6040ab43a7f2525520da0b628SOdGl4X03', 'https://kol-fans.fp.ps.netease.com/file/6040ab436f0494361fb5f98cmgQktW4r03', 'https://kol-fans.fp.ps.netease.com/file/6040ab437f9d2a2b61206447CEiKQN7S03', 'https://kol-fans.fp.ps.netease.com/file/6040ab438b742772762f3d81jfUfdVLC03']",2021-03-04 09:41:24
别人的人缘,,游戏截图,15988****38,['https://kol-fans.fp.ps.netease.com/file/603fa66f5e602705355b216aYcS7jQNx03'],2021-03-03 15:08:32
琴弹给鸟儿听，呼唤留给山谷，其实我的意思是我找不到你了。,,游戏截图,苡涵曦,"['https://kol-fans.fp.ps.netease.com/file/603f9f088b742749570f3032ouzgtxcd03', 'https://kol-fans.fp.ps.netease.com/file/603f9f088b74273ec2288291BbMpSHQi03', 'https://kol-fans.fp.ps.netease.com/file/603f9f08a7f2524ea3e6307bLNzSIYeq03', 'https://kol-fans.fp.ps.netease.com/file/603f9f098b74274410928c0bf3orwbHH03']",2021-03-03 14:36:57
论有人陪的重要性,,固玩,13316****64,"['https://kol-fans.fp.ps.netease.com/file/603f6db77f9d2a6644128f53SGeja74S03', 'https://kol-fans.fp.ps.netease.com/file/603f6db78b74276cfb55b70eDcvUzOaB03', 'https://kol-fans.fp.ps.netease.com/file/603f6db796dee436e834ea31upHitGk903', 'https://kol-fans.fp.ps.netease.com/file/603f6db8143cfa252420d906W7LNB2PS03']",2021-03-03 11:06:32
跟小朋友,,视频,村里一枝花,['https://kol-fans.fp.ps.netease.com/file/603f4f4196dee4610403281b4fP4YS8I03'],2021-03-03 08:56:35
人家这么可爱，当然是小孩子啦,,手作,17329****02235667,['https://kol-fans.fp.ps.netease.com/file/603ef32b7f9d2a76782de986uAtOktbw03'],2021-03-03 02:23:40
和大宝贝！,,同人绘,17774****57,['https://kol-fans.fp.ps.netease.com/file/603e0cb7a7f25233bf82c80c5hriyl6103'],2021-03-02 10:00:24
好好生活，慢慢爱你,,游戏截图,15210****24,['https://kol-fans.fp.ps.netease.com/file/603e0bd06f0494789026ac019a5iyAli03'],2021-03-02 09:56:33
无标题龙骨,,同人绘,17774****57,['https://kol-fans.fp.ps.netease.com/file/603e0b5f8b74274b28c6cd7cuqfoVAN803'],2021-03-02 09:54:40
新年头像|给光仔们拜年啦！哪种形式好看？   小红书作者id：水也泠泠,,同人绘,Sky光旅者,"['https://kol-fans.fp.ps.netease.com/file/603dff9d6f049418c16970beVbjhbwpA03', 'https://kol-fans.fp.ps.netease.com/file/603dff9d143cfa0f3f79c36fqAYWeYZa03', 'https://kol-fans.fp.ps.netease.com/file/603dff9d8b7427052cd23e84htN6J1mc03', 'https://kol-fans.fp.ps.netease.com/file/603dff9d5e60272b09816b53whvtOMlR03']",2021-03-02 09:04:30
【光遇】遇境手绘  小红书作者id：发刀专家鱼白,,同人绘,Sky光旅者,['https://kol-fans.fp.ps.netease.com/file/603dff1a2786fd1b78e49108dAu4DLah03'],2021-03-02 09:02:19
光遇“新年习俗”   小红书作者id：星野不是马猴烧酒,,视频,Sky光旅者,['https://kol-fans.fp.ps.netease.com/file/603dfe9296dee489bce8024bEECE43hm03'],2021-03-02 09:00:04
【光遇】六图陪长大系列  小红书作者id：蜜汁肉团团,,视频,Sky光旅者,['https://kol-fans.fp.ps.netease.com/file/603dfe625e60274307d37126OZHzHNMo03'],2021-03-02 08:59:16
【Sky光·遇】我佛了 好喜欢这样的跑图方法  小红书作者id：胖丁队长,,视频,Sky光旅者,['https://kol-fans.fp.ps.netease.com/file/603dfdf75e60270e475e49beOTEAe59403'],2021-03-02 08:57:29
【光遇】春夏秋冬四季有你   小红书作者id：热心光遇网友芝芝,,视频,Sky光旅者,['https://kol-fans.fp.ps.netease.com/file/603dfdc46f04941c2c71dfbd4FNsUbZU03'],2021-03-02 08:56:37
【光遇】小品《拜年》   小红书作者id：you BB what - sky,,视频,Sky光旅者,['https://kol-fans.fp.ps.netease.com/file/603dfd976f049443f8a9a7f8UYV4lxS803'],2021-03-02 08:55:54
【光遇】善与恶的界定  小红书作者id：蜜汁肉团团,,视频,Sky光旅者,['https://kol-fans.fp.ps.netease.com/file/603dfd422786fd112eb0f724mqXNHTMY03'],2021-03-02 08:54:28
【光遇】之绝美爱情  小红书作者id：蜜汁肉团团,,视频,Sky光旅者,['https://kol-fans.fp.ps.netease.com/file/603dfcf35e60270e475e4636elJbjlGv03'],2021-03-02 08:53:08
【光遇】第二个晨岛金色星河  小红书作者id：九,,视频,Sky光旅者,['https://kol-fans.fp.ps.netease.com/file/603dfca07f9d2a71130c76bbhtmfWOiG03'],2021-03-02 08:51:46
梦想季gogogo先祖+光翼+烛火位置合集🔥   小红书作者id：Sky I 琪姨,,视频,Sky光旅者,['https://kol-fans.fp.ps.netease.com/file/603dfc6f5e60276547414bc7E5mzDBDZ03'],2021-03-02 08:50:56
【光遇】你的温柔逆光而来  .我们终将会因光而遇  小红书作者id：Sky-光遇飞飞,,视频,Sky光旅者,['https://kol-fans.fp.ps.netease.com/file/603dfbc08b74272fda65c585xxkIaRLG03'],2021-03-02 08:48:01
光遇迎新年  小红书作者id：SKY-琰,,视频,Sky光旅者,['https://kol-fans.fp.ps.netease.com/file/603dfb818b74272759423528wIkWlk5d03'],2021-03-02 08:46:59
【光遇❅红黑】给大家拜个早年   小红书作者id：小鹿仙丫～,,视频,Sky光旅者,['https://kol-fans.fp.ps.netease.com/file/603dfb1a2786fd31bd892f54KaAWAiXH03'],2021-03-02 08:45:15
【光遇】领取你的，精神小伙们   小红书作者id：Sky_言,,视频,Sky光旅者,['https://kol-fans.fp.ps.netease.com/file/603df9ff96dee4771d8243e9JpiuyZxJ03'],2021-03-02 08:40:32
萌新也会长大 全图毕业又怎么样  只要有小伙伴陪着 就会开学心,,游戏截图,a****4698950,['https://kol-fans.fp.ps.netease.com/file/603d81c38b7427393eaa36d928W3M67p03'],2021-03-02 00:07:32
和他,,游戏截图,19801****15,['https://kol-fans.fp.ps.netease.com/file/603d14c7a7f25258881bc8eaONvujz3z03'],2021-03-01 16:22:32
Vivian and the light,,游戏截图,し,['https://kol-fans.fp.ps.netease.com/file/603d10c28b74277f966fb315eydBz2jH03'],2021-03-01 16:05:23
﻿光之逆子,,游戏截图,戏子难作情,"['https://kol-fans.fp.ps.netease.com/file/603d0c84143cfa33de910a02TbMciNwA03', 'https://kol-fans.fp.ps.netease.com/file/603d0c847f9d2a533309f4d9fgXAL7zq03', 'https://kol-fans.fp.ps.netease.com/file/603d0c848b7427353f899d8aYDdMNgeM03', 'https://kol-fans.fp.ps.netease.com/file/603d0c845e602723af229d50mA8iT1xY03']",2021-03-01 15:47:17
有你是我的福气,,游戏截图,在宇宙中拾荒,"['https://kol-fans.fp.ps.netease.com/file/603ba629143cfa9583fdc9439kwP9mQ103', 'https://kol-fans.fp.ps.netease.com/file/603ba62a5e60276d0eb66223YD3ZpLrb03', 'https://kol-fans.fp.ps.netease.com/file/603ba62a143cfa4cc276ea84uL4Wg6T503', 'https://kol-fans.fp.ps.netease.com/file/603ba62a143cfa4e7af9bc3eWWuMNEjJ03']",2021-02-28 14:18:20
快去打卡吧绝美！,,游戏截图,13784****50,"['https://kol-fans.fp.ps.netease.com/file/603b7bad96dee44d00abb4e18JcIVqmT03', 'https://kol-fans.fp.ps.netease.com/file/603b7baea7f2523eca31abc5H7LRUDrV03', 'https://kol-fans.fp.ps.netease.com/file/603b7bae5e6027995884e79cEfXIMy5403', 'https://kol-fans.fp.ps.netease.com/file/603b7bae7f9d2a69340b11caRU5rtJA003']",2021-02-28 11:17:02
.,,游戏截图,18770****97267795,['https://kol-fans.fp.ps.netease.com/file/603b6acf6f04945c6cbb1c728yKf4pTp03'],2021-02-28 10:05:04
回忆,,游戏截图,c****1190407,"['https://kol-fans.fp.ps.netease.com/file/603b1cfc5e6027818bad9fcacOjDBxox03', 'https://kol-fans.fp.ps.netease.com/file/603b1cfd2786fd4202be6334zzwrixh803', 'https://kol-fans.fp.ps.netease.com/file/603b1cfd5e60278ae3afac4aiSlL66EA03', 'https://kol-fans.fp.ps.netease.com/file/603b1cfd96dee48b9200fc62tDvDfDvQ03']",2021-02-28 04:33:01
。。。。。,,同人绘,17373****03,"['https://kol-fans.fp.ps.netease.com/file/603af65d143cfa1a4543ba6dFbxY33qP03', 'https://kol-fans.fp.ps.netease.com/file/603af662143cfa1ed9b9679bWKMWDc2803', 'https://kol-fans.fp.ps.netease.com/file/603af6676f04942e6b927a2c0sfYEJFS03', 'https://kol-fans.fp.ps.netease.com/file/603af66c96dee475a50c1429MqiSszjm03']",2021-02-28 01:48:52
一闪一闪亮晶晶，满天都是小星星,,游戏截图,Anyway荷芦蕊,"['https://kol-fans.fp.ps.netease.com/file/603a910fa7f2525781babd74M7IgOlie03', 'https://kol-fans.fp.ps.netease.com/file/603a910f7f9d2a4dfae4bddaqF6sJO2103']",2021-02-27 18:36:00
光之所遇,,游戏截图,Anyway荷芦蕊,['https://kol-fans.fp.ps.netease.com/file/603a90987f9d2a3554ae122atW3rdJQz03'],2021-02-27 18:34:01
”阳光下的我和你”,,游戏截图,在宇宙中拾荒,"['https://kol-fans.fp.ps.netease.com/file/603a44df2786fd87245659f8BbfVHuma03', 'https://kol-fans.fp.ps.netease.com/file/603a44df5e602778e3e9834dQXujmhvy03', 'https://kol-fans.fp.ps.netease.com/file/603a44df7f9d2a743a73f052ddOBv5wf03', 'https://kol-fans.fp.ps.netease.com/file/603a44e02786fd9d4868bd72jlbhzQI403']",2021-02-27 13:10:57
嘿嘿嘿,,游戏截图,Anyway荷芦蕊,"['https://kol-fans.fp.ps.netease.com/file/6039eb0a96dee493105cbe33HYixi6LT03', 'https://kol-fans.fp.ps.netease.com/file/6039eb0a5e602786f27a2f07d8iyZmZo03']",2021-02-27 06:47:38
你不见了,,游戏截图,Anyway荷芦蕊,"['https://kol-fans.fp.ps.netease.com/file/6039ea3a8b742756a274248a6Yf9LEkC03', 'https://kol-fans.fp.ps.netease.com/file/6039ea3a6f0494549d254adazOqWJkIN03', 'https://kol-fans.fp.ps.netease.com/file/6039ea3aa7f25242b7c1bfca5JdFGT2a03', 'https://kol-fans.fp.ps.netease.com/file/6039ea3a5e6027063503d0bf8l8pfvF503']",2021-02-27 06:44:11
弹蜡烛,,游戏截图,18354****23,['https://kol-fans.fp.ps.netease.com/file/6039e235143cfa1bf37a61a4BdREWwBq03'],2021-02-27 06:09:57
大橘大利,,同人绘,乜轩轩_,['https://kol-fans.fp.ps.netease.com/file/603909aaa7f25202f1fbf950PJjOsXUk03'],2021-02-26 14:46:02
阿努比斯龙骨,,同人绘,乜轩轩_,['https://kol-fans.fp.ps.netease.com/file/6039098896dee464a727f918TswDdxcO03'],2021-02-26 14:45:28
雪隐峰日落！快去打卡！,,游戏截图,陆生,"['https://kol-fans.fp.ps.netease.com/file/6038f40096dee44143311e09CiFiQ2Bj03', 'https://kol-fans.fp.ps.netease.com/file/6038f40096dee44da3bf2ee97jH9jH2m03', 'https://kol-fans.fp.ps.netease.com/file/6038f400a7f2527280e1aab2fFXD6G5S03']",2021-02-26 13:13:37
与你们相遇,,光遇,想想,"['https://kol-fans.fp.ps.netease.com/file/6038ca40a7f2521ad8b3a4abC2jiK6PL03', 'https://kol-fans.fp.ps.netease.com/file/6038ca41a7f2523ed6c7e170bw4PwfO103', 'https://kol-fans.fp.ps.netease.com/file/6038ca41143cfa620fdd7c93oTJ39Z3303', 'https://kol-fans.fp.ps.netease.com/file/6038ca417f9d2a3b061132a0Ds24jKFF03']",2021-02-26 10:15:34
手心有阳光,,游戏截图,空条陵度,['https://kol-fans.fp.ps.netease.com/file/6038afa6143cfa2d05f9d2b8gTm92hc003'],2021-02-26 08:21:58
抽水马桶的杰作,,游戏截图,甜心的汽水,"['https://kol-fans.fp.ps.netease.com/file/6037f89ea7f2527903f4d5battKgyFam03', 'https://kol-fans.fp.ps.netease.com/file/6037f89e96dee49b441a502eZFz4gTch03', 'https://kol-fans.fp.ps.netease.com/file/6037f89e8b74273ce22e1948SP1bHVvC03', 'https://kol-fans.fp.ps.netease.com/file/6037f89e5e60278f9ae2a4a6dOJN7MMU03']",2021-02-25 19:21:03
与两位固玩的留念,,游戏截图,甜心的汽水,"['https://kol-fans.fp.ps.netease.com/file/6037f499143cfa22b6857e6bFxtWlBBi03', 'https://kol-fans.fp.ps.netease.com/file/6037f49996dee49b441a4060BatHv9Vg03']",2021-02-25 19:03:53
第一次卡无翼,,游戏截图,m****694011,['https://kol-fans.fp.ps.netease.com/file/6037c2747f9d2a135d1fbb42sLOAu3to03'],2021-02-25 15:29:57
妈耶肝的我,,游戏截图,19102****39,"['https://kol-fans.fp.ps.netease.com/file/60379eca2786fd5062e45f73MDSKT4hj03', 'https://kol-fans.fp.ps.netease.com/file/60379ecaa7f2525af6044b40UMx6aDKV03', 'https://kol-fans.fp.ps.netease.com/file/60379eca2786fd9768c344b9oyWk2Dh703']",2021-02-25 12:57:46
最美的风景—你,,游戏截图,BigBig齐,"['https://kol-fans.fp.ps.netease.com/file/60378ab18b742764718bb3e2umjayJmj03', 'https://kol-fans.fp.ps.netease.com/file/60378ab1143cfa52aa9b1314YhvSQX6h03', 'https://kol-fans.fp.ps.netease.com/file/60378ab17f9d2a72dda3f019TkCYE1Om03', 'https://kol-fans.fp.ps.netease.com/file/60378ab2143cfa52aa9b1316TNQUck9a03']",2021-02-25 11:32:02
黑斗篷太难肝了！有点想退了🤯,,游戏截图,13523****14,['https://kol-fans.fp.ps.netease.com/file/603773d296dee488a6e4cf7exGi9tEvr03'],2021-02-25 09:54:27
感谢有你,,游戏截图,f****z_13,"['https://kol-fans.fp.ps.netease.com/file/6037718da7f252138ac80410JpVdZtub03', 'https://kol-fans.fp.ps.netease.com/file/6037718e96dee492f0d0c6d9Zu6IVyP703']",2021-02-25 09:44:46
日常,,游戏截图,無音,"['https://kol-fans.fp.ps.netease.com/file/603754cf8b742706f106cae8REJdC5Ts03', 'https://kol-fans.fp.ps.netease.com/file/603754dba7f2524e3276180eIAmgFQjJ03', 'https://kol-fans.fp.ps.netease.com/file/603754e596dee48033c83ec37WuFZSGd03', 'https://kol-fans.fp.ps.netease.com/file/603754e796dee47f7256076cIMVIaqil03']",2021-02-25 07:42:36
感恩相遇,,手作,h****7768603,['https://kol-fans.fp.ps.netease.com/file/60365d045e60271712c71d06jjXaYzig03'],2021-02-24 14:04:53
一家3口即视感，淦,,游戏截图,13355****72,['https://kol-fans.fp.ps.netease.com/file/6036592b6f04942b1b45b1da9IUkSw8q03'],2021-02-24 13:48:28
我和带我去了5个光之翼的好友,,游戏截图,18354****23,['https://kol-fans.fp.ps.netease.com/file/6035fe1d2786fd43a38478dfiYkZReAl03'],2021-02-24 07:19:57
自己的光遇设awa,,同人绘,植叶Ω,"['https://kol-fans.fp.ps.netease.com/file/6035f2daa7f25209aef026fe3BL3Cb5403', 'https://kol-fans.fp.ps.netease.com/file/6035f2da6f049447a89b391b0YXFR8Xw03', 'https://kol-fans.fp.ps.netease.com/file/6035f2da8b7427774c298f8bEXqBmX7803', 'https://kol-fans.fp.ps.netease.com/file/6035f2da143cfa7d81ff3c9aTHG7O7bO03']",2021-02-24 06:31:55
和植家军好友们的游戏时光hhh,,游戏截图,植叶Ω,"['https://kol-fans.fp.ps.netease.com/file/6035f18ca7f25227fbb945ffkU0WGR3d03', 'https://kol-fans.fp.ps.netease.com/file/6035f18c143cfa3de696235fmz59uGNU03']",2021-02-24 06:26:21
白鸟园,,游戏截图,15757****46934638,['https://kol-fans.fp.ps.netease.com/file/603520ea96dee44e410f0367jFTUv5rM03'],2021-02-23 15:36:11
希望今年牛气冲天,,同人绘,锖兔,['https://kol-fans.fp.ps.netease.com/file/60351d4e5e60271eb1f30f36VrB8h5Bj03'],2021-02-23 15:20:47
无翼无翼，顺我心意,,同人绘,q****351102,"['https://kol-fans.fp.ps.netease.com/file/6035009596dee409838337a0GG2iRbND03', 'https://kol-fans.fp.ps.netease.com/file/603500957f9d2a06483a8beaFFooVqrf03', 'https://kol-fans.fp.ps.netease.com/file/603500952786fd076e00ebfdHVPzsDq403']",2021-02-23 13:18:14
风起时追光，云淡时看你。,,同人绘,q****351102,"['https://kol-fans.fp.ps.netease.com/file/6034fec05e602722dcd5c291PB9BLpfr03', 'https://kol-fans.fp.ps.netease.com/file/6034fec096dee421a3972457tBRxxJcx03', 'https://kol-fans.fp.ps.netease.com/file/6034fec0143cfa132e6f6db7f7efNBoe03', 'https://kol-fans.fp.ps.netease.com/file/6034fec1143cfa1fb8aaeec33zw7PDjl03']",2021-02-23 13:10:26
孤寡的我，幸亏遇见你们,,游戏截图,u****3,['https://kol-fans.fp.ps.netease.com/file/6034c6ee5e6027335e861afbvyLH7itf03'],2021-02-23 09:12:15
镜面湖—长大后你就成了我,,游戏截图,山鬼,"['https://kol-fans.fp.ps.netease.com/file/6034a9a596dee480438eff9cpGEy47S403', 'https://kol-fans.fp.ps.netease.com/file/6034a9a596dee46a2fe73b99HiaY4mwI03']",2021-02-23 07:07:18
星·空,,游戏截图,山山而川,"['https://kol-fans.fp.ps.netease.com/file/603497b05e60277db5735fe5TVl9bbQk03', 'https://kol-fans.fp.ps.netease.com/file/603497b0a7f2524588644252u9eCblsF03', 'https://kol-fans.fp.ps.netease.com/file/603497b17f9d2a6b9c259a7dN29odp6303']",2021-02-23 05:50:42
沧海一粟,,游戏截图,山山而川,['https://kol-fans.fp.ps.netease.com/file/60349736a7f2520b8fa7ce354czh6Zya03'],2021-02-23 05:48:38
孤寡,,游戏截图,z****24946,['https://kol-fans.fp.ps.netease.com/file/603440656f04940c8a0cf8c4E2PmpYcf03'],2021-02-22 23:38:13
温暖的相遇——我们终会惺惺相惜,,游戏截图,雾风啊,"['https://kol-fans.fp.ps.netease.com/file/6033c1242786fd439db59f2bwioIEdwb03', 'https://kol-fans.fp.ps.netease.com/file/6033c1258b7427046a53ae77JcrN2cRB03', 'https://kol-fans.fp.ps.netease.com/file/6033c12696dee4122650aafepVOuLRQM03', 'https://kol-fans.fp.ps.netease.com/file/6033c127a7f2520c0bd3ca011zLyqqZO03']",2021-02-22 14:35:24
涅槃重生,,游戏截图,z****650643,['https://kol-fans.fp.ps.netease.com/file/603254a6a7f2520f6f660dfeXbX0TNUg03'],2021-02-21 12:40:07
有幸遇见你,,游戏截图,18983****0366733,"['https://kol-fans.fp.ps.netease.com/file/603249132786fd81383f49a2hZMLf49N03', 'https://kol-fans.fp.ps.netease.com/file/603249137f9d2a5f30824055AWOabEKe03']",2021-02-21 11:50:44
温暖的灵魂,,游戏截图,湫,"['https://kol-fans.fp.ps.netease.com/file/60322d0c6f049474dda9172bUOCXPVB403', 'https://kol-fans.fp.ps.netease.com/file/60322d0da7f25247068e210d7xkeYMud03', 'https://kol-fans.fp.ps.netease.com/file/60322d0e96dee44c10b882ecKl63QJTh03', 'https://kol-fans.fp.ps.netease.com/file/60322d0ea7f252172a5ec649f1zJcFUJ03']",2021-02-21 09:51:12
风景打卡☺️,,游戏截图,小贝,"['https://kol-fans.fp.ps.netease.com/file/60320c506f04942444c06aefxkmh7GOB03', 'https://kol-fans.fp.ps.netease.com/file/60320c505e602732a569e7eczEVbJHTo03', 'https://kol-fans.fp.ps.netease.com/file/60320c505e60276aff776d8fNl0hbL6903']",2021-02-21 07:31:29
光遇风景✨,,游戏截图,七七呐,"['https://kol-fans.fp.ps.netease.com/file/6032069da7f25257bf499757cViErvJO03', 'https://kol-fans.fp.ps.netease.com/file/6032069da7f2522af2d7d925GNuNQLrg03', 'https://kol-fans.fp.ps.netease.com/file/6032069da7f2522af2d7d929MRMa4S6d03', 'https://kol-fans.fp.ps.netease.com/file/6032069d8b742779bd746a6ft7GR7V3o03']",2021-02-21 07:07:10
来点好友吧,,游戏截图,流星宇,"['https://kol-fans.fp.ps.netease.com/file/6031664d2786fd63017ec4f5VviVdM2q03', 'https://kol-fans.fp.ps.netease.com/file/6031664e8b7427526ad1b7f40SvjrJKc03', 'https://kol-fans.fp.ps.netease.com/file/6031664e96dee41f5fc37bb9flfmbIrO03']",2021-02-20 19:43:11
重生之路的我们✨办公室的冥龙✨遇镜的夕阳~,,光遇,Ani乖乖,"['https://kol-fans.fp.ps.netease.com/file/6031448896dee4947f42954115FG9kCW03', 'https://kol-fans.fp.ps.netease.com/file/60314489a7f2524650295915i5j9Yj8u03', 'https://kol-fans.fp.ps.netease.com/file/603144895e60277e095ecdb0jMcPzXr003', 'https://kol-fans.fp.ps.netease.com/file/603144897f9d2a46a8c5a0cb8jlbEiKE03']",2021-02-20 17:19:06
《遗憾》,,游戏截图,m****r52,"['https://kol-fans.fp.ps.netease.com/file/60313fa18b742713ac4a3da12oVsDdOJ03', 'https://kol-fans.fp.ps.netease.com/file/60313fa76f049418a6cca151b8fG69CG03', 'https://kol-fans.fp.ps.netease.com/file/60313fa996dee455f51533177JgWZJ1103', 'https://kol-fans.fp.ps.netease.com/file/60313faba7f2520f84024ff2odw4EDAF03']",2021-02-20 16:58:20
很高兴认识你,,游戏截图,山鬼,['https://kol-fans.fp.ps.netease.com/file/60308d8896dee44a90bdd3b4ATcJkOIg03'],2021-02-20 04:18:16
走啊，一起去私奔,,img,山鬼,"['https://kol-fans.fp.ps.netease.com/file/60308be07f9d2a3def5103b0dfNuooBJ03', 'https://kol-fans.fp.ps.netease.com/file/60308be17f9d2a280e844f6fbeEwXM3803']",2021-02-20 04:11:13
猩红之境里腿腿不受控制,,游戏截图,17839****07,"['https://kol-fans.fp.ps.netease.com/file/602fdc83143cfa4f7073dda4piUBQiJS03', 'https://kol-fans.fp.ps.netease.com/file/602fdc835e60277cd1327b29JfX9PvRQ03', 'https://kol-fans.fp.ps.netease.com/file/602fdc832786fd67064a01b12iZd1XII03']",2021-02-19 15:43:00
神明卡卡与神明雨妈，从一个人到一个人,,游戏截图,17660****91,"['https://kol-fans.fp.ps.netease.com/file/602fb3298b7427751369e3bdb7LLV35v03', 'https://kol-fans.fp.ps.netease.com/file/602fb32a5e602798fcaa93e3bjPKFyOV03']",2021-02-19 12:46:34
永无的新棉裤！！,,游戏截图,17785****92,"['https://kol-fans.fp.ps.netease.com/file/602f71a07f9d2a545f54871d8K9ruuCY03', 'https://kol-fans.fp.ps.netease.com/file/602f71a0143cfa9d6a7075a6Xk5qggDH03', 'https://kol-fans.fp.ps.netease.com/file/602f71a096dee434c7078a8cNCiqh8kC03', 'https://kol-fans.fp.ps.netease.com/file/602f71a0a7f2525d67c6b36broIyPFZT03']",2021-02-19 08:06:58
因为光！遇见你！,,游戏截图,17785****92,"['https://kol-fans.fp.ps.netease.com/file/602f714c2786fd63d507aafcqBEJ2jRo03', 'https://kol-fans.fp.ps.netease.com/file/602f714c6f049415f47903b2NOMX0TYx03', 'https://kol-fans.fp.ps.netease.com/file/602f714c6f04942866aef969sbAPE9Mr03', 'https://kol-fans.fp.ps.netease.com/file/602f714c96dee43b2b06898bI4RXsC1X03']",2021-02-19 08:05:34
一路走到孤独,,游戏截图,15339****05,"['https://kol-fans.fp.ps.netease.com/file/602f700d7f9d2a03082b6551sOzoqABU03', 'https://kol-fans.fp.ps.netease.com/file/602f700d8b742745278a920frSsIyOTw03', 'https://kol-fans.fp.ps.netease.com/file/602f700d96dee439b767209bhUFFD9JA03', 'https://kol-fans.fp.ps.netease.com/file/602f700d2786fd635eea011duPRZah9b03']",2021-02-19 08:00:14
龙骨,,游戏截图,18070****84,['https://kol-fans.fp.ps.netease.com/file/602e24bd143cfa6d305276d5LGqTyiQz03'],2021-02-18 08:26:38
漂亮的千鸟城,,光·遇,18070****84,['https://kol-fans.fp.ps.netease.com/file/602e23f67f9d2a1ad505fec7MhtWS3R003'],2021-02-18 08:23:19
雨林的鲲蛋哦，新发现！,,游戏截图,道人,['https://kol-fans.fp.ps.netease.com/file/602def9e143cfa2e457d0360TVXjYkbO03'],2021-02-18 04:39:59
修身养性亦为道生,,手作,道人,['https://kol-fans.fp.ps.netease.com/file/602ded3a7f9d2a027315d4a4MC6QckwH03'],2021-02-18 04:29:47
看天,,游戏截图,18718****91,['https://kol-fans.fp.ps.netease.com/file/602d62977f9d2a0de5ebbcb4ysUlRlex03'],2021-02-17 18:38:16
﻿发现辽一栋小房子！,,游戏截图,17630****60,['https://kol-fans.fp.ps.netease.com/file/602d20b1143cfa90a14c5ae1oEU1VFuf03'],2021-02-17 13:57:06
听雨,,游戏截图,盒子,['https://kol-fans.fp.ps.netease.com/file/602c8721a7f2523e415586423gsl7XdN03'],2021-02-17 03:01:53
重生之路,,游戏截图,嘎嘎,"['https://kol-fans.fp.ps.netease.com/file/602c7d7e96dee4921693b72cYGjxlYNP03', 'https://kol-fans.fp.ps.netease.com/file/602c7d8096dee481287bd913EgUM98Fk03']",2021-02-17 02:20:53
爱,,游戏截图,18131****30,['https://kol-fans.fp.ps.netease.com/file/602c03cd143cfa50279cf113JdOZ5sJo03'],2021-02-16 17:41:33
书虫酷妹,,游戏截图,小饶,"['https://kol-fans.fp.ps.netease.com/file/602b452396dee462abe1ad1975QZZopW03', 'https://kol-fans.fp.ps.netease.com/file/602b45236f04945023bcc8f6KBCjv58703', 'https://kol-fans.fp.ps.netease.com/file/602b45232786fd1a979d6cf22w0RQo9S03']",2021-02-16 04:08:04
吸无翼菇,,平菇,小饶,['https://kol-fans.fp.ps.netease.com/file/602b44a36f04942c999a0c72agA2MKPN03'],2021-02-16 04:05:56
跷跷板还可以这样玩,,游戏截图,x****424946,['https://kol-fans.fp.ps.netease.com/file/602a57ac8b742744bdc4d5fblXSaRUO103'],2021-02-15 11:14:52
日落,,游戏截图,1****82018,"['https://kol-fans.fp.ps.netease.com/file/602a5768a7f252485e2c7ea25CLWZ2jc03', 'https://kol-fans.fp.ps.netease.com/file/602a5768143cfa640615d6754JM54pKw03', 'https://kol-fans.fp.ps.netease.com/file/602a576896dee497ec0a05c9gzhsVPfM03', 'https://kol-fans.fp.ps.netease.com/file/602a57692786fd6b06e6d4ca1xxuS5cz03']",2021-02-15 11:13:46
必填，可输入80字,,游戏截图,一只小撒币,['https://kol-fans.fp.ps.netease.com/file/602a042a6f04946376a90ec8ATBHPRAE03'],2021-02-15 05:18:35
观望中的旅行者,,游戏截图,13683****59,['https://kol-fans.fp.ps.netease.com/file/60294e908b7427181552c218AV4qryaq03'],2021-02-14 16:23:45
雨林,,同人绘,石XP,['https://kol-fans.fp.ps.netease.com/file/60294699a7f25244199ce4b34Z4cHgJ403'],2021-02-14 15:49:45
情人节,,同人绘,石XP,['https://kol-fans.fp.ps.netease.com/file/6029461c8b7427431efe2c9cDrPt9qqc03'],2021-02-14 15:47:40
情人节粉色草地要纪念一下,,同人绘,音音-作品可转载，禁止商用,['https://kol-fans.fp.ps.netease.com/file/60293227a7f2523cd7122e4782bQaXCg03'],2021-02-14 14:22:32
情人节,,游戏截图,光遇の仙女,"['https://kol-fans.fp.ps.netease.com/file/602913ea7f9d2a35891d058aEB9xiaih03', 'https://kol-fans.fp.ps.netease.com/file/602913eb2786fd067378f47cafOxp96I03', 'https://kol-fans.fp.ps.netease.com/file/602913ec5e602744a4df092c2rVh0Bm603', 'https://kol-fans.fp.ps.netease.com/file/602913ec143cfa8c3c76b1b1e9jD4WxN03']",2021-02-14 12:13:33
贺图,,同人绘,光之旅人,['https://kol-fans.fp.ps.netease.com/file/60266834a7f2521b0089ad987dkiOskJ03'],2021-02-12 11:36:20
是自己的光崽,,同人绘,悠悠悠悠悠,['https://kol-fans.fp.ps.netease.com/file/602638f95e60274db8a60a36W4l1MHaP03'],2021-02-12 08:14:50
好朋友被困在里面啦,,游戏截图,17635****10,['https://kol-fans.fp.ps.netease.com/file/60253c3096dee40be3c1e9afZLvzujD103'],2021-02-11 14:16:28
看人间灯火通明繁花似锦，今夕何夕，见繁花升空盛开，热闹胜似人间！几多烟花雨终留不住半寸光阴，今宵终会成昨昔，不负烟花一世寂寥一霎繁华。,,游戏截图,额,"['https://kol-fans.fp.ps.netease.com/file/60253c01143cfa4c6df1de12QVVeRl7303', 'https://kol-fans.fp.ps.netease.com/file/60253c088b742732a68ac114VI9qcp8B03', 'https://kol-fans.fp.ps.netease.com/file/60253c0e96dee4115a3d652bYBP2pmUQ03']",2021-02-11 14:15:42
偷看朋友玩耍,,游戏截图,17635****10,['https://kol-fans.fp.ps.netease.com/file/60253bf37f9d2a55a3429463WTeG2arK03'],2021-02-11 14:15:16
祝各位最最可爱的旅人新年快乐！！！,,新年祝福,空城不空,"['https://kol-fans.fp.ps.netease.com/file/60252e127f9d2a164b504799PT1LIpdm03', 'https://kol-fans.fp.ps.netease.com/file/60252e122786fd8605f21412B9lxDLFI03']",2021-02-11 13:16:02
标题不能为空,,游戏截图,狮,['https://kol-fans.fp.ps.netease.com/file/6024cff27f9d2a28ecb2c9dd0CeQcJx403'],2021-02-11 06:34:26
凛,,游戏截图,狮,['https://kol-fans.fp.ps.netease.com/file/6024cf40143cfa05b22448cflrRUyMcd03'],2021-02-11 06:31:29
凛和狮,,游戏截图,狮,"['https://kol-fans.fp.ps.netease.com/file/6024ce895e602783db89a910ea9jpwm303', 'https://kol-fans.fp.ps.netease.com/file/6024ce8a2786fd16690db42cYrFFBFRB03', 'https://kol-fans.fp.ps.netease.com/file/6024ce8a5e6027534432938dkrE48A1C03', 'https://kol-fans.fp.ps.netease.com/file/6024ce8a96dee47828b4dd12zF1dGIcG03']",2021-02-11 06:28:27
我与元老们的打卡日常1,,游戏截图,熊孩子说得可不是我,['https://kol-fans.fp.ps.netease.com/file/6024cbd98b742722ecae3d9eZ7i1eP2g03'],2021-02-11 06:16:57
除夕啦！,,游戏截图,嘉嘉嘉嘉,['https://kol-fans.fp.ps.netease.com/file/602481eaa7f252338806bbba8VPPjbva03'],2021-02-11 01:01:30
🎑,,游戏截图,Jester,['https://kol-fans.fp.ps.netease.com/file/602426db6f049433cfc330f3B22wJk1803'],2021-02-10 18:33:00
💧,,游戏截图,Jester,['https://kol-fans.fp.ps.netease.com/file/602426528b74270761a8f28bXBox5NFl03'],2021-02-10 18:30:43
那时候多好啊，我什么都不懂，但那些星星都还亮着,,游戏截图,13798****41,['https://kol-fans.fp.ps.netease.com/file/6023fa1a2786fd4f57989869LKACcLwb03'],2021-02-10 15:22:02
针不戳（新年快乐哦,,游戏截图,13798****41,['https://kol-fans.fp.ps.netease.com/file/6023f9627f9d2a58164423e4y0e8qW2D03'],2021-02-10 15:18:58
星光下的相遇,,游戏截图,18201****64,['https://kol-fans.fp.ps.netease.com/file/6023ed2d96dee4031fa68367OJVWmXba03'],2021-02-10 14:26:53
你们看见龙龙了吗？,,游戏截图,短笛,"['https://kol-fans.fp.ps.netease.com/file/6023e4ee5e602757963aef63Vej6yJud03', 'https://kol-fans.fp.ps.netease.com/file/6023e4ef96dee45775c031a5GOiYHmq303']",2021-02-10 13:51:43
光之子的出发,,萌新,咕咕,['https://kol-fans.fp.ps.netease.com/file/6023dfcd7f9d2a539aa5c4e3zGXqYIuq03'],2021-02-10 13:29:50
这个小蘑菇真的好可爱(⌯꒪꒫꒪)੭ु⁾⁾,,游戏截图,花棠,['https://kol-fans.fp.ps.netease.com/file/602368ea96dee4957cd6d8c034rKdbu403'],2021-02-10 05:02:35
意外的从圆梦村掉下来了(  ･᷄ὢ･᷅),,游戏截图,花棠,['https://kol-fans.fp.ps.netease.com/file/60236869143cfa0e349378a2o1r3iXBx03'],2021-02-10 05:00:25
帅,,游戏截图,额,['https://kol-fans.fp.ps.netease.com/file/6023622d143cfa61b1c715e7PKD56RLu03'],2021-02-10 04:33:50
大佬看我,,游戏截图,额,['https://kol-fans.fp.ps.netease.com/file/602361445e602735488073f6A1iiSCMB03'],2021-02-10 04:29:56
霞谷储物室一日游,,艺术照,千雪长生,['https://kol-fans.fp.ps.netease.com/file/6022956f5e60275d189870778qvSUSKf03'],2021-02-09 14:00:16
光,,游戏截图,13711****85,['https://kol-fans.fp.ps.netease.com/file/60228fcc6f049450215ea054KSV2rsKx03'],2021-02-09 13:36:12
温暖的灵魂终将相遇,,游戏截图,13160****13,['https://kol-fans.fp.ps.netease.com/file/60226aae7f9d2a138bc33b4aYiSBFgj503'],2021-02-09 10:57:51
因光而遇,,游戏截图,13071****52,"['https://kol-fans.fp.ps.netease.com/file/6022685b7f9d2a6a2bd30f21ub1uggB703', 'https://kol-fans.fp.ps.netease.com/file/6022685c7f9d2a6a2bd30f29syqO3tBp03', 'https://kol-fans.fp.ps.netease.com/file/6022685c143cfa08b3f0499etuuDFLBM03']",2021-02-09 10:47:57
狮和凛,,游戏截图,凛,"['https://kol-fans.fp.ps.netease.com/file/60222be1143cfa4669774ae36Zgy0zNR03', 'https://kol-fans.fp.ps.netease.com/file/60222be1143cfa33469fef32wetPi6fW03', 'https://kol-fans.fp.ps.netease.com/file/60222be1143cfa4742e393b62j6pY7es03', 'https://kol-fans.fp.ps.netease.com/file/60222be25e60275bc0ddf6f7h0cz2IoW03']",2021-02-09 06:29:56
帅哥日常,,帅哥,18482****21,"['https://kol-fans.fp.ps.netease.com/file/6021e30c96dee4712f0fd3ef2iXH5mKi03', 'https://kol-fans.fp.ps.netease.com/file/6021e30d96dee470c9e0d9deSez2FXi703', 'https://kol-fans.fp.ps.netease.com/file/6021e30da7f25241799047b5eyGQND2J03', 'https://kol-fans.fp.ps.netease.com/file/6021e30da7f25241799047b7b1e2BAPN03']",2021-02-09 01:19:09
凛,,游戏截图,狮,"['https://kol-fans.fp.ps.netease.com/file/602164ac96dee42f2b34db50oq0OVhWJ03', 'https://kol-fans.fp.ps.netease.com/file/602164ac143cfa93e9c69c3diBT7QTVX03']",2021-02-08 16:19:56
好嘛，我又发现新景点了,,游戏截图,短笛,"['https://kol-fans.fp.ps.netease.com/file/60213d847f9d2a5e66a4cf1dtRM9cm2503', 'https://kol-fans.fp.ps.netease.com/file/60213d85a7f25269bd4d439cPzvamDiD03']",2021-02-08 13:32:53
希望这段友情会一直持续下去,,游戏截图,九七,"['https://kol-fans.fp.ps.netease.com/file/60211e407f9d2a0e5773d43bEZeKphkZ03', 'https://kol-fans.fp.ps.netease.com/file/60211e405e602719574bece8pmQrPN4Z03', 'https://kol-fans.fp.ps.netease.com/file/60211e402786fd9a66a2fcc8E3ifarJy03', 'https://kol-fans.fp.ps.netease.com/file/60211e4096dee489cb61b5703A01u6yL03']",2021-02-08 11:19:29
从刚认识到现在，谢谢你一直陪着我,,游戏截图,晗晗,"['https://kol-fans.fp.ps.netease.com/file/6020e55f2786fd743e2e6deb4P6aKaBw03', 'https://kol-fans.fp.ps.netease.com/file/6020e55f143cfa52344b3e96H3DRy1j603']",2021-02-08 07:16:47
蟹蟹你的相遇……,,游戏截图,19120****76,"['https://kol-fans.fp.ps.netease.com/file/6020c1c9143cfa98974c7e84qiCpNgBj03', 'https://kol-fans.fp.ps.netease.com/file/6020c1c996dee426b4ba07944V5aDoVV03', 'https://kol-fans.fp.ps.netease.com/file/6020c1c98b7427750679b1e9PJR8kVrm03', 'https://kol-fans.fp.ps.netease.com/file/6020c1c97f9d2a19af14c0d9ficBkZlc03']",2021-02-08 04:44:58
帅哥日常,,游戏截图,洛夢vo v,"['https://kol-fans.fp.ps.netease.com/file/6020b6b48b742739f074a425BMB6sHSI03', 'https://kol-fans.fp.ps.netease.com/file/6020b6b52786fd94ee5d7954rLi38U6l03', 'https://kol-fans.fp.ps.netease.com/file/6020b6b5a7f2521c6fbe3f4dRa7EJeWH03']",2021-02-08 03:57:42
oh no oh no oh no no no no no,,游戏截图,H11,['https://kol-fans.fp.ps.netease.com/file/6020b40a5e6027429480f2ccsLI4Jkih03'],2021-02-08 03:46:18
和你一起耍帅🌚的感觉很奈斯～,,游戏截图,15030****98,"['https://kol-fans.fp.ps.netease.com/file/6020aeb2143cfa6afb008e50YO8aJDCk03', 'https://kol-fans.fp.ps.netease.com/file/6020aeb32786fd0e5047caf62LrhceBb03', 'https://kol-fans.fp.ps.netease.com/file/6020aeb32786fd99d5e5077emOiUlej403', 'https://kol-fans.fp.ps.netease.com/file/6020aeb3143cfa83d4e43de5gfMIwP8x03']",2021-02-08 03:23:31
你要好好养病 不要熬夜通宵 要听医生的话 好好吃药 还有还有不要忘了回来看我啊,,游戏截图,15588****14166888,"['https://kol-fans.fp.ps.netease.com/file/601fc4f5a7f2521066d74722FCeZGPOU03', 'https://kol-fans.fp.ps.netease.com/file/601fc4f55e602729b30a6b35L5tV2tAg03', 'https://kol-fans.fp.ps.netease.com/file/601fc4f5143cfa36dfe17e9ePdGVCC5i03']",2021-02-07 10:46:14
只能水一水指绘,,同人绘,18376****75,['https://kol-fans.fp.ps.netease.com/file/601fc3ee5e602729b30a6817uz4WdkN503'],2021-02-07 10:41:51
•ᴗ•,,游戏截图,w****7530634,"['https://kol-fans.fp.ps.netease.com/file/601fb48a96dee46313b27d622EchX2GN03', 'https://kol-fans.fp.ps.netease.com/file/601fb48a5e60275b281e8d22SPUmAiyf03', 'https://kol-fans.fp.ps.netease.com/file/601fb48a96dee46313b27d66I7gZZApt03', 'https://kol-fans.fp.ps.netease.com/file/601fb48b5e60277680415bddrDeOgo0w03']",2021-02-07 09:36:12
向光而行，奔赴光明,,游戏截图,林卜卜,"['https://kol-fans.fp.ps.netease.com/file/601fac196f04946928f44bc74OrOufZz03', 'https://kol-fans.fp.ps.netease.com/file/601fac192786fd16ac5d40776bCwk1Ql03', 'https://kol-fans.fp.ps.netease.com/file/601fac1996dee47db8daa0b1RYghLdSb03', 'https://kol-fans.fp.ps.netease.com/file/601fac198b7427603f758867Ka6fGBrh03']",2021-02-07 09:00:09
哥哥好可爱,,游戏截图,小洛,"['https://kol-fans.fp.ps.netease.com/file/601f98e5143cfa327d597272Tr7v4dMd03', 'https://kol-fans.fp.ps.netease.com/file/601f98e52786fd91609ad653JKR471LA03', 'https://kol-fans.fp.ps.netease.com/file/601f98e65e6027847dfb308bclOBEr2203']",2021-02-07 07:38:14
反向圆梦村～:D,,游戏截图,:D,"['https://kol-fans.fp.ps.netease.com/file/601f42116f0494014767d34bb9TWSvwc03', 'https://kol-fans.fp.ps.netease.com/file/601f42125e602734513258ba2s1r9mCi03', 'https://kol-fans.fp.ps.netease.com/file/601f42128b742764d0de6aa7XuhFiN8403']",2021-02-07 01:27:47
功夫练成了，准备召唤皮皮虾攻城了,,游戏截图,小洛,"['https://kol-fans.fp.ps.netease.com/file/601edbf48b742704e2342bb6YtCFHu3403', 'https://kol-fans.fp.ps.netease.com/file/601edbf47f9d2a48254aed9cckWNJ3oy03', 'https://kol-fans.fp.ps.netease.com/file/601edbf4143cfa03007b6b98SdlsZtCx03']",2021-02-06 18:12:05
冒烟的星盘,,游戏截图,额,['https://kol-fans.fp.ps.netease.com/file/601ea44d2786fd8a8ef33cedDFcvEt9i03'],2021-02-06 14:14:38
从开始遇见，就没打算再分开,,游戏截图,山山而川,"['https://kol-fans.fp.ps.netease.com/file/601e884696dee41e010554edCpKeO7t903', 'https://kol-fans.fp.ps.netease.com/file/601e884796dee429471fe0dddcVoNaDa03']",2021-02-06 12:15:03
圣岛,,游戏截图,丸丸,"['https://kol-fans.fp.ps.netease.com/file/601e50d05e602771c564b488gxlq0Xy203', 'https://kol-fans.fp.ps.netease.com/file/601e50d02786fd5fb1dad67eog3HrdB203', 'https://kol-fans.fp.ps.netease.com/file/601e50d096dee467a5885c28l7cBHjtf03', 'https://kol-fans.fp.ps.netease.com/file/601e50d296dee457f19ec2b8zraubA1H03']",2021-02-06 08:18:30
﻿可爱舞,,视频,咳咳,['https://kol-fans.fp.ps.netease.com/file/601e389a7f9d2a21a0d8c9426bPyGYTX03'],2021-02-06 06:35:07
别让爸爸带娃,,游戏截图,某钻金,"['https://kol-fans.fp.ps.netease.com/file/601e158c143cfa3b08c834c6lgxQvj7S03', 'https://kol-fans.fp.ps.netease.com/file/601e158c7f9d2a028213a1cbiWDviIBH03']",2021-02-06 04:05:33
光遇孤狼罢了,,游戏截图,18395****09,['https://kol-fans.fp.ps.netease.com/file/601e0519143cfa5d65830e15ICRkVPGD03'],2021-02-06 02:55:22
暗中观察,,游戏截图,额,['https://kol-fans.fp.ps.netease.com/file/601df01d5e60274fcc7048a0ykUR6kiG03'],2021-02-06 01:25:50
贵妇与他的农夫,,游戏截图,18772****53,['https://kol-fans.fp.ps.netease.com/file/601de7738b74277c4ab16fc2uHJe79eE03'],2021-02-06 00:48:52
喜欢这里，也喜欢陪我来这里的人。,,游戏截图,15023****27,"['https://kol-fans.fp.ps.netease.com/file/601dcd412786fd20560c99104hURRziC03', 'https://kol-fans.fp.ps.netease.com/file/601dcd417f9d2a1626b239cfPOZQmxzK03', 'https://kol-fans.fp.ps.netease.com/file/601dcd42143cfa83b162be9fbh9cahME03', 'https://kol-fans.fp.ps.netease.com/file/601dcd422786fd2c0c0aa1b9iwlv1Kuy03']",2021-02-05 22:57:08
月光下的温柔,,游戏截图,小洛,"['https://kol-fans.fp.ps.netease.com/file/601d1f4a143cfa70436b5085gQxWO2WE03', 'https://kol-fans.fp.ps.netease.com/file/601d1f4a8b74275b5685e9fdxTLQ4m8W03', 'https://kol-fans.fp.ps.netease.com/file/601d1f4aa7f2520b642d0778LdrE5VL403']",2021-02-05 10:34:51
无名之门,,游戏截图,x****aoxi0717,"['https://kol-fans.fp.ps.netease.com/file/601d1d0ca7f252453aba0648OUIprDrX03', 'https://kol-fans.fp.ps.netease.com/file/601d1d0fa7f252612accb4f2zSrMLyMF03']",2021-02-05 10:25:19
希望这段友谊可以维持下去～,,游戏截图,15321****18,"['https://kol-fans.fp.ps.netease.com/file/601cf1876f049466025b20729fP0NEfa03', 'https://kol-fans.fp.ps.netease.com/file/601cf1887f9d2a7d773be410g3AB6fwH03']",2021-02-05 07:19:36
帅哥撑伞,,游戏截图,13041****12,['https://kol-fans.fp.ps.netease.com/file/601ceab096dee4564bdf0fa08QKfIDEg03'],2021-02-05 06:50:25
爱了爱了虽然不知道谁放的彩虹但真的好好看,,游戏截图,祈彧肆染,['https://kol-fans.fp.ps.netease.com/file/601ce6a85e60273f03eef427oFMDzvzV03'],2021-02-05 06:33:13
？？？孤狼落泪,,游戏截图,小梅,['https://kol-fans.fp.ps.netease.com/file/601ce14e8b742755b54ab393qTqwBi3H03'],2021-02-05 06:10:22
打卡早上9点的雨林彩虹,,游戏截图,才不是奶糖,"['https://kol-fans.fp.ps.netease.com/file/601ccae3143cfa888c3e189cUUNi10RX03', 'https://kol-fans.fp.ps.netease.com/file/601ccae32786fd03f49bef51pEeT499Q03', 'https://kol-fans.fp.ps.netease.com/file/601ccae32786fd11c1885a7bP2seFa8Q03']",2021-02-05 04:34:44
🌟,,游戏截图,桔里里,['https://kol-fans.fp.ps.netease.com/file/601cb312143cfa85f30ecd9538Yo50dO03'],2021-02-05 02:53:07
灿烂的星河,,游戏截图,故辰,['https://kol-fans.fp.ps.netease.com/file/601bf3fb5e602777e561cb8aLYp37cFy03'],2021-02-04 13:17:48
因为有你，期待永远,,游戏截图,尔尔,"['https://kol-fans.fp.ps.netease.com/file/601bc71096dee423f0ad1d53d5OA3pYa03', 'https://kol-fans.fp.ps.netease.com/file/601bc7117f9d2a604cac220aXrOEl3Z203', 'https://kol-fans.fp.ps.netease.com/file/601bc711a7f2522c0a9eeaccUa9aJodR03', 'https://kol-fans.fp.ps.netease.com/file/601bc7115e60279edc0410fbXLCmcPfw03']",2021-02-04 10:06:11
超大只和他jio底的我QAQ,,游戏截图,江江,['https://kol-fans.fp.ps.netease.com/file/601b114c8b7427454d662928GFj80eGc03'],2021-02-03 21:10:36
妈妈有人亲亲😳,,游戏截图,江江,['https://kol-fans.fp.ps.netease.com/file/601b10fda7f25257f447ae23FNvFdzhm03'],2021-02-03 21:09:17
到最后也要蹭蹭毕业物品:D,,游戏截图,18767****72,['https://kol-fans.fp.ps.netease.com/file/601abf832786fd6d0db8561aaHO8CFHk03'],2021-02-03 15:21:40
以前和现在,,游戏截图,短笛,"['https://kol-fans.fp.ps.netease.com/file/601ab8445e60277438db3f12CY81Ujr803', 'https://kol-fans.fp.ps.netease.com/file/601ab845a7f252406d9a2707KUfzkfq003', 'https://kol-fans.fp.ps.netease.com/file/601ab8455e602766dbc5ca30LbiMJ61i03', 'https://kol-fans.fp.ps.netease.com/file/601ab8452786fd06e8f8ba8f4xNss0gH03']",2021-02-03 14:50:46
还可以吧,,同人绘,短笛,['https://kol-fans.fp.ps.netease.com/file/601ab7c25e60277438db3cc8TiugImLB03'],2021-02-03 14:48:35
第一次献祭的亚子,,以前的截图,嘎嘎,"['https://kol-fans.fp.ps.netease.com/file/601aac2d143cfa1d9fda06c7ax4zGwLc03', 'https://kol-fans.fp.ps.netease.com/file/601aac2ea7f252791f5811f3o4uSvhtq03', 'https://kol-fans.fp.ps.netease.com/file/601aac31143cfa953f9c8cb2wHUFulfc03', 'https://kol-fans.fp.ps.netease.com/file/601aac327f9d2a03457ecec89rkAJIBq03']",2021-02-03 13:59:14
今日孤独,,游戏截图,嘎嘎,"['https://kol-fans.fp.ps.netease.com/file/601aaac78b742755e35c87d8agsyzr4x03', 'https://kol-fans.fp.ps.netease.com/file/601aaac8143cfa953f9c853e3li6PwYc03', 'https://kol-fans.fp.ps.netease.com/file/601aaaca96dee4603f2a1fd0IdgtqiF003', 'https://kol-fans.fp.ps.netease.com/file/601aaacb5e60272991fb22c3BGuhxHPV03']",2021-02-03 13:53:16
和监护人沙雕的一天哈哈哈哈哈哈,,游戏截图,18663****58389312,"['https://kol-fans.fp.ps.netease.com/file/601aa8a8a7f252539a8b1695dhzEWcwO03', 'https://kol-fans.fp.ps.netease.com/file/601aa8a85e602711a9805eacNZzsDctP03', 'https://kol-fans.fp.ps.netease.com/file/601aa8a82786fd53d95554feZ31VwKIg03', 'https://kol-fans.fp.ps.netease.com/file/601aa8a9143cfa0c6f4c205fLmuG2Ak703']",2021-02-03 13:44:09
练功的最佳地方,,游戏截图,小洛,"['https://kol-fans.fp.ps.netease.com/file/601a78a88b742705e7c9b1f9RjF4gEjg03', 'https://kol-fans.fp.ps.netease.com/file/601a78a8143cfa48e3ef62b96lHl6FKd03', 'https://kol-fans.fp.ps.netease.com/file/601a78a996dee487492511baffl7bKr803', 'https://kol-fans.fp.ps.netease.com/file/601a78aa5e6027297858e663Vlk5JeL003']",2021-02-03 10:19:22
又变成一个人了啊,,游戏截图,15056****09,"['https://kol-fans.fp.ps.netease.com/file/601a6f35a7f2524081bd92a8AFLKuWuN03', 'https://kol-fans.fp.ps.netease.com/file/601a6f37a7f252782bcd29714h44frsG03']",2021-02-03 09:39:03
带最喜欢的人一起看日落,,游戏截图,才不是奶糖,"['https://kol-fans.fp.ps.netease.com/file/601a3ff32786fd48619e94e5XwQLkxI003', 'https://kol-fans.fp.ps.netease.com/file/601a3ff46f0494618d0c7ffc4fZZQKkj03', 'https://kol-fans.fp.ps.netease.com/file/601a3ff45e60272488df9eefgoYyUXUu03']",2021-02-03 06:17:25
因光而遇,,游戏截图,15135****14,"['https://kol-fans.fp.ps.netease.com/file/601a3b575e60272488df8a5cUC4oHNhi03', 'https://kol-fans.fp.ps.netease.com/file/601a3b587f9d2a7f2b33368dN6x040Xu03', 'https://kol-fans.fp.ps.netease.com/file/601a3b588b7427154c04b639rrl9mPg903', 'https://kol-fans.fp.ps.netease.com/file/601a3b587f9d2a7db88f29631dPot7gZ03']",2021-02-03 05:57:45
和沐子的快乐对望(？,,和沐子的快乐日常,嘎嘎,"['https://kol-fans.fp.ps.netease.com/file/601a06ba96dee46983b24d00GT7V3H4O03', 'https://kol-fans.fp.ps.netease.com/file/601a06bda7f25245a828ead2lyVuUxov03']",2021-02-03 02:13:18
没有必要的回忆，最后只剩一个人了呢,,游戏截图,小洛,"['https://kol-fans.fp.ps.netease.com/file/601957d7143cfa6e9a3a81666IzKqPdK03', 'https://kol-fans.fp.ps.netease.com/file/601957d72786fd0ae96d2156uUi5qb7A03', 'https://kol-fans.fp.ps.netease.com/file/601957d76f0494159677ec216eaQs7A203', 'https://kol-fans.fp.ps.netease.com/file/601957d75e60270e3a7d3b0cI6o0SfZ103']",2021-02-02 13:47:04
万丈深渊，你们爱了吗,,游戏截图,小洛,"['https://kol-fans.fp.ps.netease.com/file/6019555e96dee46523d5bc1cqgGICr8b03', 'https://kol-fans.fp.ps.netease.com/file/6019555e96dee4592e0aeddbecrVOrWi03', 'https://kol-fans.fp.ps.netease.com/file/6019555f2786fd9a4cf665adN5iIRHKZ03', 'https://kol-fans.fp.ps.netease.com/file/6019555fa7f2522887f81574AU6ZuJem03']",2021-02-02 13:36:31
在云野和墓土衣柜旁的养老生活,,游戏截图,17748****79,['https://kol-fans.fp.ps.netease.com/file/601810018b74271bf2b9e47alemO65Nu03'],2021-02-01 14:28:18
闲来无事画的嘎,,是个菜鸟欢迎指点,嘎嘎,['https://kol-fans.fp.ps.netease.com/file/601806be143cfa5a6e75e1235i2tLCl703'],2021-02-01 13:48:47
孤狼日常（实在无聊搞了个永无）,,日常,x****010222,"['https://kol-fans.fp.ps.netease.com/file/6017cffa6f04946bc2ee0fc8AmtRBiPo03', 'https://kol-fans.fp.ps.netease.com/file/6017cffa96dee4639a8afc7b1E3Z5hJs03', 'https://kol-fans.fp.ps.netease.com/file/6017cffaa7f252097676fad7v3dauk9S03', 'https://kol-fans.fp.ps.netease.com/file/6017cffa6f04942948ee867aACJ0B2cc03']",2021-02-01 09:55:07
-,,同人绘,光之旅人,['https://kol-fans.fp.ps.netease.com/file/6017c826a7f252408e533cdfj4Tg6CoQ03'],2021-02-01 09:21:42
和小红（弃清）打卡？,,游戏截图,郗子,"['https://kol-fans.fp.ps.netease.com/file/60178b41a7f252675b16731aHxKavzb603', 'https://kol-fans.fp.ps.netease.com/file/60178b425e602740bd7c82154hU4JuYI03', 'https://kol-fans.fp.ps.netease.com/file/60178b43a7f2525c8adf85f6WZBvGHsj03', 'https://kol-fans.fp.ps.netease.com/file/60178b4396dee47043315a531DJvLlrC03']",2021-02-01 05:01:57
三个蘑菇崽崽缺个卡卡🌚✨👍🏿,,游戏截图,13534****05,['https://kol-fans.fp.ps.netease.com/file/601759458b74271793de6981Li1sOCu003'],2021-02-01 01:28:38
孤狼靠贴图做的结婚照（?）,,游戏截图,18134****82,"['https://kol-fans.fp.ps.netease.com/file/601756275e602738964eb8a6bWia6Nsb03', 'https://kol-fans.fp.ps.netease.com/file/601756275e6027744f1346a3tNjXyRKA03', 'https://kol-fans.fp.ps.netease.com/file/60175627143cfa42d42affc9NzbQidFi03']",2021-02-01 01:15:20
回忆,,游戏截图,奇奇,"['https://kol-fans.fp.ps.netease.com/file/6016f566143cfa54ee7ff0a6Rbe9WP2u03', 'https://kol-fans.fp.ps.netease.com/file/6016f566143cfa4d171aa79bUOWIkdR003', 'https://kol-fans.fp.ps.netease.com/file/6016f5668b74273eba4bf78fZZD9C9vs03', 'https://kol-fans.fp.ps.netease.com/file/6016f5677f9d2a4ecf9e06e89lI8KphN03']",2021-01-31 18:22:32
画好了！画着画着脱离了原本要画的黄色调…………,,同人绘,音音-作品可转载，禁止商用,['https://kol-fans.fp.ps.netease.com/file/6016d7e8a7f2526740928575Q6hO7Ei503'],2021-01-31 16:16:41
你也不在了。,,游戏截图,墨之.,"['https://kol-fans.fp.ps.netease.com/file/60167627143cfa161a962b2aabUeFuRT03', 'https://kol-fans.fp.ps.netease.com/file/601676282786fd71e86f88455spKRw9s03', 'https://kol-fans.fp.ps.netease.com/file/601676285e60277bf34b8954hkOkx8vV03']",2021-01-31 09:19:37
我曾以为你会是我的，现在，我不再痴心妄想了,,游戏截图,鸠,"['https://kol-fans.fp.ps.netease.com/file/601666cc8b742732774f9c22DOOU6MuM03', 'https://kol-fans.fp.ps.netease.com/file/601666cc5e6027697a1ccf18RviKeLGt03', 'https://kol-fans.fp.ps.netease.com/file/601666cc5e602790455ba759oCBO0R6f03', 'https://kol-fans.fp.ps.netease.com/file/601666cc2786fd1815059c735og5pNiC03']",2021-01-31 08:14:05
无题,,游戏截图,a****purple,['https://kol-fans.fp.ps.netease.com/file/60163b8b96dee41c8b92d0ccAC93qZ7503'],2021-01-31 05:09:32
好久没画了，这阵子没怎么上线。今天孩子有伞了 颜色改天再搞吧~先就酱紫,,同人绘,音音-作品可转载，禁止商用,['https://kol-fans.fp.ps.netease.com/file/60157518a7f2523c36eff91fgi9MXQIT03'],2021-01-30 15:02:48
被情所伤的朋友,,游戏截图,小洛,"['https://kol-fans.fp.ps.netease.com/file/60153d43143cfa013a5ac59eAZPK3m5T03', 'https://kol-fans.fp.ps.netease.com/file/60153d44a7f2527546217e73QhAJDUSl03', 'https://kol-fans.fp.ps.netease.com/file/60153d4596dee42bb00beb7825DtEF0x03']",2021-01-30 11:04:38
偷拍的👀👀和崽子的日常,,游戏截图,银月,['https://kol-fans.fp.ps.netease.com/file/60153b88a7f25270d66262a2wfzHlaKQ03'],2021-01-30 10:57:13
迷失海底,,游戏截图,阿四,"['https://kol-fans.fp.ps.netease.com/file/60152694a7f25272535e6fb6c4ShGfyx03', 'https://kol-fans.fp.ps.netease.com/file/601526956f04940c37c8ca7cDzLiP1AH03']",2021-01-30 09:27:49
通往天堂的路？,,游戏截图,小洛,"['https://kol-fans.fp.ps.netease.com/file/601524caa7f252661d87b4e2dJTez1eL03', 'https://kol-fans.fp.ps.netease.com/file/601524cb8b74276561e243a53vM7NHaz03', 'https://kol-fans.fp.ps.netease.com/file/601524cb5e60276c021d52933k7LiKW003']",2021-01-30 09:20:11
光遇,,游戏截图,18301****59569625,"['https://kol-fans.fp.ps.netease.com/file/6014a0317f9d2a4a709c93a1vJBjXPZl03', 'https://kol-fans.fp.ps.netease.com/file/6014a0316f049421d7412414OsTyipaF03', 'https://kol-fans.fp.ps.netease.com/file/6014a0317f9d2a34c39f3822xpKhBb4r03', 'https://kol-fans.fp.ps.netease.com/file/6014a0318b74270d6e333152zys6ojM403']",2021-01-29 23:54:26
可出而不可及,,游戏截图,某只皮皮虾,"['https://kol-fans.fp.ps.netease.com/file/6014587696dee4440750a7a93I0RIs8003', 'https://kol-fans.fp.ps.netease.com/file/6014587796dee4440750a7ablr9UhNhE03', 'https://kol-fans.fp.ps.netease.com/file/601458778b7427165dba4fdfqiEUgTJx03', 'https://kol-fans.fp.ps.netease.com/file/6014587796dee433f9fb669euGZe6Pda03']",2021-01-29 18:48:24
朝思暮想，满眼皆是你,,游戏截图,某只皮皮虾,"['https://kol-fans.fp.ps.netease.com/file/601457675e60271f8c5c7379jvhsAmsx03', 'https://kol-fans.fp.ps.netease.com/file/601457686f04944472879205hMvaWvts03', 'https://kol-fans.fp.ps.netease.com/file/6014576896dee411f8470367oaDIRalQ03']",2021-01-29 18:43:52
和他遇见的第六十八天,,游戏截图,16683****79,"['https://kol-fans.fp.ps.netease.com/file/6014470396dee44d05c5a152psJvpaw103', 'https://kol-fans.fp.ps.netease.com/file/601447047f9d2a78f0f78432PsUMkeqI03', 'https://kol-fans.fp.ps.netease.com/file/601447042786fd5530fb95f2BNf9bSKS03']",2021-01-29 17:33:57
自拍这种东西三分天注定，七分靠滤镜,,游戏截图,z****31077,"['https://kol-fans.fp.ps.netease.com/file/60143396143cfa6d6801dd6008XUmKXa03', 'https://kol-fans.fp.ps.netease.com/file/601433968b74277cbfbd80d8UlaKpq9103', 'https://kol-fans.fp.ps.netease.com/file/60143397143cfa56521cd31cALFPMolD03', 'https://kol-fans.fp.ps.netease.com/file/60143397a7f2521df3a2a6a1KBz7E0Og03']",2021-01-29 16:11:05
对于千鸟总有特别的喜欢,,游戏截图,18113****15,"['https://kol-fans.fp.ps.netease.com/file/6013f585a7f25266f6611c4bOY2VPjrD03', 'https://kol-fans.fp.ps.netease.com/file/6013f58696dee487d8682e85AYTMLiV403', 'https://kol-fans.fp.ps.netease.com/file/6013f586a7f2522b49b8d8d7lvzOPU9h03']",2021-01-29 11:46:15
经典打卡。,,游戏截图,15142****88,"['https://kol-fans.fp.ps.netease.com/file/6013cc6b5e60272d48e5de17VJ5aq7t903', 'https://kol-fans.fp.ps.netease.com/file/6013cc6b96dee4109d18fb2biYiXXXog03', 'https://kol-fans.fp.ps.netease.com/file/6013cc6b7f9d2a57d4b9ea40VVvpaWWx03', 'https://kol-fans.fp.ps.netease.com/file/6013cc6b143cfa4423cfa1c7DXb2ceVY03']",2021-01-29 08:50:52
，，，,,游戏截图,17862****13,"['https://kol-fans.fp.ps.netease.com/file/6012a3997f9d2a68311310c5ZR2DNzqS03', 'https://kol-fans.fp.ps.netease.com/file/6012a3996f04946521286127R2LCuw6z03', 'https://kol-fans.fp.ps.netease.com/file/6012a39a6f04942052bd422fLMP5A7x303']",2021-01-28 11:44:28
思绪如雨丝般缠绵 不经意地飘回那个雨夜 我们靠近灯柱感受着温暖 又在伞下聆听雨滴声声落,,同人绘,17373****03,['https://kol-fans.fp.ps.netease.com/file/60128b972786fd901dd7dbbb9XHGZip403'],2021-01-28 10:01:59
。。。。。,,同人绘,17373****03,"['https://kol-fans.fp.ps.netease.com/file/60128b3c143cfa9b90141f1diRNkdO7h03', 'https://kol-fans.fp.ps.netease.com/file/60128b3d143cfa90b7bb148cldfwz3Mz03', 'https://kol-fans.fp.ps.netease.com/file/60128b3d143cfa77441cd80beLMccMsO03', 'https://kol-fans.fp.ps.netease.com/file/60128b3ea7f25267ffe6c3b30zoomXtx03']",2021-01-28 10:00:32
音乐,,游戏截图,逸,"['https://kol-fans.fp.ps.netease.com/file/60127f3196dee48bf1f655aarKNfBgVR03', 'https://kol-fans.fp.ps.netease.com/file/60127f315e6027355deea00cUSfWFlUI03']",2021-01-28 09:09:05
大型碰瓷现场,,游戏截图,零度,"['https://kol-fans.fp.ps.netease.com/file/601212b22786fd7baa85801esV9ofxDI03', 'https://kol-fans.fp.ps.netease.com/file/601212b27f9d2a2cba24b662xEpJhcci03']",2021-01-28 01:26:10
﻿女子天团正式出道,,游戏截图,零度,['https://kol-fans.fp.ps.netease.com/file/6012129d5e60276cca665c52igYb59RN03'],2021-01-28 01:25:49
卡卡的自我修养,,游戏截图,零度,"['https://kol-fans.fp.ps.netease.com/file/601212812786fd54cd9ccb9bIvZM4X4E03', 'https://kol-fans.fp.ps.netease.com/file/601212812786fd4f5c6945ce64zMk8UT03']",2021-01-28 01:25:21
带崽日常,,游戏截图,零度,"['https://kol-fans.fp.ps.netease.com/file/6012126e8b742755522e56c8dZ6aKFMj03', 'https://kol-fans.fp.ps.netease.com/file/6012126e7f9d2a2dd3016202y2sySxSg03']",2021-01-28 01:25:02
大佬的雨伞 爱了,,游戏截图,零度,"['https://kol-fans.fp.ps.netease.com/file/601212597f9d2a03460d933e6DPVSStX03', 'https://kol-fans.fp.ps.netease.com/file/601212592786fd7c72d17494RwZrwbM303']",2021-01-28 01:24:41
打卡 爱心云,,游戏截图,零度,"['https://kol-fans.fp.ps.netease.com/file/6012123a7f9d2a03460d9323qglCFbNO03', 'https://kol-fans.fp.ps.netease.com/file/6012123a2786fd192fb3acd5fweBoAAk03']",2021-01-28 01:24:11
阿努比斯天团,,游戏截图,零度,"['https://kol-fans.fp.ps.netease.com/file/6012121b96dee46c170f3e90b9xKkJlx03', 'https://kol-fans.fp.ps.netease.com/file/6012121b96dee45b1178361363cVVueJ03', 'https://kol-fans.fp.ps.netease.com/file/6012121b96dee4494581b5c2iDgo1W9303', 'https://kol-fans.fp.ps.netease.com/file/6012121ba7f2520bed01c7a1D5ml6ijI03']",2021-01-28 01:23:39
8个小矮人 我也不知道哪个是我了,,游戏截图,零度,['https://kol-fans.fp.ps.netease.com/file/601211f06f04940ca8534d1cSAJZH94703'],2021-01-28 01:22:57
懂的都懂，光遇人传人现象😂 ,,无标签,17722****55,"['https://kol-fans.fp.ps.netease.com/file/6011ff0f5e6027172ca6e59bi2UrPLzd03', 'https://kol-fans.fp.ps.netease.com/file/6011ff102786fd4d92ac9659v6ieF1qJ03', 'https://kol-fans.fp.ps.netease.com/file/6011ff1196dee4869cdaf9057iTamZCP03']",2021-01-28 00:02:25
光遇日常景点打卡,,游戏截图,18383****91,"['https://kol-fans.fp.ps.netease.com/file/601198028b74274cb4deb399Tg0vKWlj03', 'https://kol-fans.fp.ps.netease.com/file/601198077f9d2a3b626d2171fpwGkfui03', 'https://kol-fans.fp.ps.netease.com/file/601198088b7427347ce2f2cfkRp5WBXb03', 'https://kol-fans.fp.ps.netease.com/file/6011980a96dee430264d6b08gAMzK1e203']",2021-01-27 16:42:59
菇菇好好康,,游戏截图,18020****72,['https://kol-fans.fp.ps.netease.com/file/6011690596dee403b82d49f8B8G8jvLD03'],2021-01-27 13:22:13
希望能一直陪在你身边,,游戏截图,江柠一夏,"['https://kol-fans.fp.ps.netease.com/file/60110da88b74271605fd057biZo2CzWU03', 'https://kol-fans.fp.ps.netease.com/file/60110da96f049430ef3c5dbaUSiQmMlb03', 'https://kol-fans.fp.ps.netease.com/file/60110daa96dee44254f74dbbwsEhIxvd03']",2021-01-27 06:52:27
这是我哇咔咔的天下,,游戏截图,哇咔咔,"['https://kol-fans.fp.ps.netease.com/file/6010f5e796dee47dc2fa3e6boQhVfmBi03', 'https://kol-fans.fp.ps.netease.com/file/6010f5e87f9d2a015468a163g28CwBhv03']",2021-01-27 05:11:04
对影成三人～,,游戏截图,g****780366,['https://kol-fans.fp.ps.netease.com/file/600f88e796dee46b2e961143Xw8CeEGd03'],2021-01-26 03:13:43
天降光之崽子,,游戏截图,南栀,['https://kol-fans.fp.ps.netease.com/file/600f05c66f04942790b8b601mHs4J2Wh03'],2021-01-25 17:54:15
暖jiojio~,,游戏截图,狐狸儿~,['https://kol-fans.fp.ps.netease.com/file/600e28de5e60275165cf8540jO1koYLj03'],2021-01-25 02:11:42
带你来光遇，你却让别人带你跑图！,,游戏截图,狐狸儿~,['https://kol-fans.fp.ps.netease.com/file/600e24ff96dee44cbb5194209yDBDFaW03'],2021-01-25 01:55:11
看着我的老宝贝睡觉,,游戏截图,狐狸儿~,['https://kol-fans.fp.ps.netease.com/file/600e23c56f04946f0e29cbbf0lxir4qs03'],2021-01-25 01:49:57
狼牙山五壮士,,游戏截图,宸,"['https://kol-fans.fp.ps.netease.com/file/600dde61a7f2526335fc1c8bBgy5DkBW03', 'https://kol-fans.fp.ps.netease.com/file/600dde61143cfa556a7fd109BBYCl5My03']",2021-01-24 20:53:54
浮生若梦,,游戏截图,宸,"['https://kol-fans.fp.ps.netease.com/file/600dde3b6f049462d258a362iVNDBsdZ03', 'https://kol-fans.fp.ps.netease.com/file/600dde3c96dee4836bb1799b1NV3KmJp03']",2021-01-24 20:53:17
风过阵阵，雨雾蒙蒙 丝丝缕缕，欲窥过往,,游戏截图,宸,"['https://kol-fans.fp.ps.netease.com/file/600ddded8b742734de46d771HIB0izSi03', 'https://kol-fans.fp.ps.netease.com/file/600dddef8b742758d55ab471BEoXsmx503', 'https://kol-fans.fp.ps.netease.com/file/600dddf16f049462d258a306ycdIJRlx03', 'https://kol-fans.fp.ps.netease.com/file/600dddf37f9d2a6147ffefd5j5X2MFje03']",2021-01-24 20:52:04
鸟之谷,,游戏截图,宸,"['https://kol-fans.fp.ps.netease.com/file/600ddd9a96dee41f5dcc6ba2MADmUDxS03', 'https://kol-fans.fp.ps.netease.com/file/600ddd9b143cfa7454aa369bTju8mjWp03', 'https://kol-fans.fp.ps.netease.com/file/600ddd9d5e6027544d3bac2foaz6Fget03', 'https://kol-fans.fp.ps.netease.com/file/600ddd9e5e60279a3af2d2568A9Q3RyJ03']",2021-01-24 20:50:38
换上萌新套装陪你一起看这锦绣山河,,游戏截图,阿阮,['https://kol-fans.fp.ps.netease.com/file/600d9fc1143cfa4d7ca6db84rEDvWIr103'],2021-01-24 16:26:41
寻.遇,,同人绘,雨笛rainflute,"['https://kol-fans.fp.ps.netease.com/file/600d7e882786fd9dec2333f17UCUbkpt03', 'https://kol-fans.fp.ps.netease.com/file/600d7e882786fd97bde1ae4fJHNS1QTk03', 'https://kol-fans.fp.ps.netease.com/file/600d7e88143cfa586e84d196L0zT7vpY03', 'https://kol-fans.fp.ps.netease.com/file/600d7e88a7f2521eb64040fdEdj9BKHq03']",2021-01-24 14:04:57
斗篷打湿了，烤烤🌚,,游戏截图,郗子,"['https://kol-fans.fp.ps.netease.com/file/600d6480143cfa6e1e47796eBvm2xbXa03', 'https://kol-fans.fp.ps.netease.com/file/600d6481a7f25276b7922e0axyeHidLk03']",2021-01-24 12:13:53
千鸟城夜晚,,好看,15890****71,"['https://kol-fans.fp.ps.netease.com/file/600d11b3a7f2523b8d6298eeTxBqIvd803', 'https://kol-fans.fp.ps.netease.com/file/600d11b35e60277efac2cd82izg6ofNl03']",2021-01-24 06:20:36
自闭,,游戏截图,光,['https://kol-fans.fp.ps.netease.com/file/600d037c8b74276f6796cc7cqP4325Gq03'],2021-01-24 05:19:57
啊，雨妈超棒！！,,同人绘,柠檬www,['https://kol-fans.fp.ps.netease.com/file/600d00286f049446beaadcdc1fzrfCVq03'],2021-01-24 05:05:46
小～无～翼～,,游戏截图,15387****66632514,"['https://kol-fans.fp.ps.netease.com/file/600cda6d7f9d2a1aaa12d426Guz1P0oW03', 'https://kol-fans.fp.ps.netease.com/file/600cda707f9d2a1f27ee9611FlfZ7Xo903']",2021-01-24 02:24:51
打卡,,游戏截图,茶萘,"['https://kol-fans.fp.ps.netease.com/file/600c20e3143cfa9e509ac60e09Ve3jUy03', 'https://kol-fans.fp.ps.netease.com/file/600c20e396dee40ac7180fcaaTHKqNyW03', 'https://kol-fans.fp.ps.netease.com/file/600c20e36f04944743ac9607k9zKqgLF03', 'https://kol-fans.fp.ps.netease.com/file/600c20e45e602745927f6d92scE8zW4i03']",2021-01-23 13:13:08
追     悼     会,,游戏截图,凛気,['https://kol-fans.fp.ps.netease.com/file/600c1c568b74272a333a7f02X5NyRBBp03'],2021-01-23 12:53:43
好喜欢平菇头啊,,同人绘,15272****21461131,['https://kol-fans.fp.ps.netease.com/file/600c173ba7f2527f4058a5dcJSKVhlpR03'],2021-01-23 12:31:56
2021年了不打算抱只帅气的狮子回家嘛,,游戏截图,鑫,"['https://kol-fans.fp.ps.netease.com/file/600bc322143cfa0cdc0a2b4eHuhwG2Zd03', 'https://kol-fans.fp.ps.netease.com/file/600bc322a7f2526fb9b223edF5uITqVT03', 'https://kol-fans.fp.ps.netease.com/file/600bc3238b7427686c34e785jA4yo7pE03', 'https://kol-fans.fp.ps.netease.com/file/600bc3232786fd7fabfdc64cHU3eeC4703']",2021-01-23 06:33:08
献给寒假跑暴风眼的你,,游戏截图,爨.,['https://kol-fans.fp.ps.netease.com/file/600ba993a7f2525b6ab81604SFlW5M7003'],2021-01-23 04:44:04
蓝色蝴蝶！萌新激动,,游戏截图,13316****76,['https://kol-fans.fp.ps.netease.com/file/600813f55e60273bd00c9b8fkzHtHMYR03'],2021-01-20 11:28:53
。。。。,,同人绘,17373****03,"['https://kol-fans.fp.ps.netease.com/file/6008024c6f0494777f4f44cffmu5wBcb03', 'https://kol-fans.fp.ps.netease.com/file/6008024e8b742716637db8f9CCTiRe0Z03', 'https://kol-fans.fp.ps.netease.com/file/6008024f143cfa75291c5917oezVRzcU03', 'https://kol-fans.fp.ps.netease.com/file/60080250143cfa5bf38ea1e7w2OTyJlq03']",2021-01-20 10:13:38
你好呀🖤🖤,,手作,s****a642r,"['https://kol-fans.fp.ps.netease.com/file/6007a5bea7f2521b72b77ac5aw8D2GoG03', 'https://kol-fans.fp.ps.netease.com/file/6007a5bf6f0494280ff2b5d5BR63z5pp03']",2021-01-20 03:38:40
棉花球,,游戏截图,15545****67,['https://kol-fans.fp.ps.netease.com/file/6007a17d7f9d2a46f26550aaVQ5mNcvj03'],2021-01-20 03:20:30
因为是你,,游戏截图,z****07302001,"['https://kol-fans.fp.ps.netease.com/file/60079e796f04946395a24d4eoSzUHGQh03', 'https://kol-fans.fp.ps.netease.com/file/60079e7a6f0494334f6abc29qYslSDBv03', 'https://kol-fans.fp.ps.netease.com/file/60079e7a96dee40a0c83437afhBUmu8a03', 'https://kol-fans.fp.ps.netease.com/file/60079e7a5e602725bd1b5b99SMlt0Z0L03']",2021-01-20 03:07:40
星星雨,,同人绘,17373****03,"['https://kol-fans.fp.ps.netease.com/file/6006e02b5e60271638e38947Sg7EH0Gv03', 'https://kol-fans.fp.ps.netease.com/file/6006e02d7f9d2a0220e23334RuNMPMGj03', 'https://kol-fans.fp.ps.netease.com/file/6006e0306f049462557cd1f2sh5dqjBI03', 'https://kol-fans.fp.ps.netease.com/file/6006e0326f0494371c1e15d4viiNuugW03']",2021-01-19 13:35:57
快看，闪闪发光诶☺️ ,,游戏截图,13518****66,['https://kol-fans.fp.ps.netease.com/file/6006cd226f049401a8c88e62JBdh5WUq03'],2021-01-19 12:14:27
平平无奇,,游戏截图,康康,['https://kol-fans.fp.ps.netease.com/file/60066b0296dee460acb2e53fcylrYRS403'],2021-01-19 05:15:46
有趣的灵魂 终将串没  2021.1.19凌晨12点半--1点 遇境的狗头花椰菜,,游戏截图,18186****04,['https://kol-fans.fp.ps.netease.com/file/600648185e6027425826260aGOafk1Vu03'],2021-01-19 02:46:49
我们要一起做更多的壁纸,,游戏截图,不怎么甜,"['https://kol-fans.fp.ps.netease.com/file/600635ff143cfa763016e326TUJ0z2KJ03', 'https://kol-fans.fp.ps.netease.com/file/600636006f049456902f1f7d2o1uFUoO03']",2021-01-19 01:29:37
一个人的光遇，一个人的风景，哪有那么多的陪伴，能陪伴自己的，除了自己还有谁,,游戏截图,c****qianye,"['https://kol-fans.fp.ps.netease.com/file/6004a92f6f04944de8770a8fitqrVosG03', 'https://kol-fans.fp.ps.netease.com/file/6004a92f2786fd640bc1fd9bCj0HoFb303', 'https://kol-fans.fp.ps.netease.com/file/6004a92f96dee441ccdd827bRbp32yX703', 'https://kol-fans.fp.ps.netease.com/file/6004a9305e60274d82ce3c54xhYaq11y03']",2021-01-17 21:16:33
一个人的光遇，然后被喂了狗粮，气的原地爆炸,,游戏截图,c****qianye,"['https://kol-fans.fp.ps.netease.com/file/6004a63696dee4253de5bdf1ISY7rG7503', 'https://kol-fans.fp.ps.netease.com/file/6004a637a7f25254c533dec96FpRrPcb03', 'https://kol-fans.fp.ps.netease.com/file/6004a6402786fd726a8d0a7cMfTF9vws03', 'https://kol-fans.fp.ps.netease.com/file/6004a6406f049436ddd6a4cc5GrtW8yF03']",2021-01-17 21:04:02
光遇的风景美极了。,,游戏截图,19951****31,"['https://kol-fans.fp.ps.netease.com/file/6003e2555e60278e440dc22fYIYKYRIv03', 'https://kol-fans.fp.ps.netease.com/file/6003e255a7f2527c53e187e9NaD9Kxp103', 'https://kol-fans.fp.ps.netease.com/file/6003e2558b74271b08f5bf05txmgaPgv03', 'https://kol-fans.fp.ps.netease.com/file/6003e2555e6027175bb87e140sy1A38P03']",2021-01-17 07:08:06
快乐的跑图一天,,叽叽喳喳的小王八,18177****57,['https://kol-fans.fp.ps.netease.com/file/6000e67b143cfa043671f564RcTt5CbF03'],2021-01-15 00:48:59
国际服的过去,,萱,15581****71,['https://kol-fans.fp.ps.netease.com/file/60004ef67f9d2a3f30937101t3r8EPyI03'],2021-01-14 14:02:30
牙希来了,小泉泉，牙希永远喜欢你啊，你不要离开我好不好,同人绘,19803****18,[],2021-01-14 10:20:56
点蜡观彼岸,,游戏截图,15511****48,"['https://kol-fans.fp.ps.netease.com/file/5fffb6555e6027938cfe41c78cky58by03', 'https://kol-fans.fp.ps.netease.com/file/5fffb6567f9d2a6629c947e1Uk6slWsH03']",2021-01-14 03:11:18
当初的她还会为我而舞吗,,游戏截图,小谢,"['https://kol-fans.fp.ps.netease.com/file/5ffeb92c2786fd57a7dff3c5Q7vT11Kg03', 'https://kol-fans.fp.ps.netease.com/file/5ffeb92c2786fd61454ea32bFS3LzFNX03']",2021-01-13 09:11:08
因光而遇,,游戏截图,15933****82,"['https://kol-fans.fp.ps.netease.com/file/5ffe88076f04943fafbd827czl4aQtlU03', 'https://kol-fans.fp.ps.netease.com/file/5ffe88072786fd4137357813IW3yPCem03']",2021-01-13 05:41:28
飞过彩虹,,游戏截图,18588****34,"['https://kol-fans.fp.ps.netease.com/file/5ffe5b608b74276c48bf0864NURNsycJ03', 'https://kol-fans.fp.ps.netease.com/file/5ffe5b605e60273f0169e518UJ9XbCpQ03']",2021-01-13 02:30:56
七翼啦,,游戏截图,橘猫,"['https://kol-fans.fp.ps.netease.com/file/5ffdc371143cfa8bcc141e30RMasjvWR03', 'https://kol-fans.fp.ps.netease.com/file/5ffdc37196dee403e6b51162N6YXpMYG03', 'https://kol-fans.fp.ps.netease.com/file/5ffdc3717f9d2a2be088b841fJvC01IJ03', 'https://kol-fans.fp.ps.netease.com/file/5ffdc371a7f2525ad6886c7c1l2mxeih03']",2021-01-12 15:42:42
光遇的风景很好看.我想和你一起看.,,游戏截图,m****20080622,"['https://kol-fans.fp.ps.netease.com/file/5ffd250ea7f2527ded9e6fb5c3UcGXvM03', 'https://kol-fans.fp.ps.netease.com/file/5ffd25106f049464ec5b90eepouhgaRB03', 'https://kol-fans.fp.ps.netease.com/file/5ffd2512143cfa76dd3879d8u9JTaYZm03', 'https://kol-fans.fp.ps.netease.com/file/5ffd25138b742775834620c8dlW9W1hw03']",2021-01-12 04:27:01
小金人,,游戏截图,15893****36,['https://kol-fans.fp.ps.netease.com/file/5ffc90ac8b74273e96d24ab6J0dYZRYO02'],2021-01-11 17:53:48
我和我妹的合照w,,同人绘,槲,['https://kol-fans.fp.ps.netease.com/file/5ffbfce802c9a17f6fbdb44bD935hiwQ02'],2021-01-11 07:23:20
哇 十一翼唉,,游戏截图,18362****69,['https://kol-fans.fp.ps.netease.com/file/5ffb0a2569b21a18743f642dgQsNxJsW02'],2021-01-10 14:07:34
雨林红斗三小只，耶～,,游戏截图,阿妖,['https://kol-fans.fp.ps.netease.com/file/5ffae30b143cfa6eb4cc4b8batQ2La5x02'],2021-01-10 11:20:43
今天是我来到光遇两月整，第一次十翼www好激动,,游戏截图,NIGHT.夜.,['https://kol-fans.fp.ps.netease.com/file/5ffaaab17f9d2a045730267as9QIVyRZ02'],2021-01-10 07:20:17
﻿cp,,游戏截图,l****001108,['https://kol-fans.fp.ps.netease.com/file/5ffaa5c596dee401fa37ec6cLBUoUWSz02'],2021-01-10 07:00:10
真不戳,,卡卡,13333****73,"['https://kol-fans.fp.ps.netease.com/file/5ffa61c496dee46c412992eaEzL12AED02', 'https://kol-fans.fp.ps.netease.com/file/5ffa61c5a7f2526ce17f67f02Q1of58Y02', 'https://kol-fans.fp.ps.netease.com/file/5ffa61c56f049434bff02539mBaqTLa302']",2021-01-10 02:09:09
真不错,,游戏截图,19163****13,['https://kol-fans.fp.ps.netease.com/file/5ff8a67c7f9d2a6dafc8073acgh5X72S02'],2021-01-08 18:37:48
重新再来,,游戏截图,15021****65,"['https://kol-fans.fp.ps.netease.com/file/5ff87cdb5e60275cb982f3cdEqH3H8RS02', 'https://kol-fans.fp.ps.netease.com/file/5ff87cdb69b21a50deb0623fyjtLf4MO02']",2021-01-08 15:40:11
光遇,,游戏截图,13867****71,"['https://kol-fans.fp.ps.netease.com/file/5ff824dea7f25273f5e51c64k1aokP1K02', 'https://kol-fans.fp.ps.netease.com/file/5ff824df96dee44bac65c211OouPQPjD02', 'https://kol-fans.fp.ps.netease.com/file/5ff824df143cfa3d1f77f99fEiOD3LzG02', 'https://kol-fans.fp.ps.netease.com/file/5ff824e0a7f25222ec3402edriUE5R3A02']",2021-01-08 09:24:50
一只雨妈,,Cosplay,萝梦,"['https://kol-fans.fp.ps.netease.com/file/5ff8121d5e60278440860616UIoC65TE02', 'https://kol-fans.fp.ps.netease.com/file/5ff8121d7f9d2a2ee11b966auN7txDLu02', 'https://kol-fans.fp.ps.netease.com/file/5ff8121d143cfa9f3f2fefcdst45ivom02', 'https://kol-fans.fp.ps.netease.com/file/5ff8121e02c9a131033799c03ifT9mqg02']",2021-01-08 08:04:46
高手过招,,游戏截图,星河之间再无你,['https://kol-fans.fp.ps.netease.com/file/5ff7aefc02c9a1338d583f5bqCKIMvwF02'],2021-01-08 01:01:49
和一只陌生的菇菇跨年,,游戏截图,j****9511mk,"['https://kol-fans.fp.ps.netease.com/file/5ff6965b7f9d2a4344e19f06l4kIecDe02', 'https://kol-fans.fp.ps.netease.com/file/5ff6965c7f9d2a57861d23884jxJXPzP02', 'https://kol-fans.fp.ps.netease.com/file/5ff6965e143cfa5145f8b346xEKoFOUi02', 'https://kol-fans.fp.ps.netease.com/file/5ff6965e143cfa5145f8b3477oV5gFSI02']",2021-01-07 05:04:37
和闺蜜一块儿去失色谷,,游戏截图,一只小撒币,['https://kol-fans.fp.ps.netease.com/file/5ff691765e6027215461d4e5PXN5824p02'],2021-01-07 04:43:34
记,,游戏截图,1****97307,"['https://kol-fans.fp.ps.netease.com/file/5ff6863c143cfa3cf484690fPRL8qSCq02', 'https://kol-fans.fp.ps.netease.com/file/5ff6863c96dee412788da8378XlZc8c602', 'https://kol-fans.fp.ps.netease.com/file/5ff6863c96dee49c23e4c4b4gPQYibg602']",2021-01-07 03:55:41
“在嘛？”“在。”“在吗？”.....“在吗？”........不在了,,游戏截图,1****97307,"['https://kol-fans.fp.ps.netease.com/file/5ff68529143cfa8a7407a33d8LsoF0e502', 'https://kol-fans.fp.ps.netease.com/file/5ff68529143cfa2d4b386ed7HCRcR87O02', 'https://kol-fans.fp.ps.netease.com/file/5ff6852902c9a133c1e78b521PpRiJvS02', 'https://kol-fans.fp.ps.netease.com/file/5ff68529143cfa8a7407a33elW1CijoH02']",2021-01-07 03:51:06
一只菇的旅途,,游戏截图,1****97307,"['https://kol-fans.fp.ps.netease.com/file/5ff6817969b21a0873fa05cajKNkiPZG02', 'https://kol-fans.fp.ps.netease.com/file/5ff681795e60270e3220bfa6JEaQ127i02', 'https://kol-fans.fp.ps.netease.com/file/5ff681795e60275f1c6d8d03ktGSolxN02', 'https://kol-fans.fp.ps.netease.com/file/5ff681796f0494426c177424MJjXVoZy02']",2021-01-07 03:35:22
什么事情还是刚刚开始的时候比较美好,,游戏截图,15270****18,"['https://kol-fans.fp.ps.netease.com/file/5ff50c8d7f9d2a71601904b7tDRkQmpT02', 'https://kol-fans.fp.ps.netease.com/file/5ff50c8e5e602770d7830d01B78EsiHi02']",2021-01-06 01:04:14
和固玩的日常,,游戏截图,是悠悠球,"['https://kol-fans.fp.ps.netease.com/file/5ff5054596dee43698069395NyuByD0E02', 'https://kol-fans.fp.ps.netease.com/file/5ff5054502c9a199abf39ea7jCri30Po02', 'https://kol-fans.fp.ps.netease.com/file/5ff505456f049459bf32d44dbcrX8D8m02']",2021-01-06 00:33:10
因为你我从来没有羡慕过其他👧,,游戏截图,13539****49,['https://kol-fans.fp.ps.netease.com/file/5ff4ffca5e6027753adb3262PjdBeMGq02'],2021-01-06 00:09:47
冬寒春自暖,,游戏截图,幻梦星河,['https://kol-fans.fp.ps.netease.com/file/5ff4ff455e6027099e496d42Xr0K07AA02'],2021-01-06 00:07:34
被帅哥围绕着的呆瓜,,游戏截图,蛋蛋超不乖,['https://kol-fans.fp.ps.netease.com/file/5ff4d8e5a7f2526e009a96feCMFSDBoO02'],2021-01-05 21:23:49
很高兴遇见你们,,游戏截图,蛋蛋超不乖,"['https://kol-fans.fp.ps.netease.com/file/5ff4d7c996dee40c1f1f1242JP4aKfDm02', 'https://kol-fans.fp.ps.netease.com/file/5ff4d7caa7f25272013a2163aBE1UBsA02', 'https://kol-fans.fp.ps.netease.com/file/5ff4d7ca5e60272eeed75a1025bl4uIg02', 'https://kol-fans.fp.ps.netease.com/file/5ff4d7cb69b21a6425c3af42jAaYHCmc02']",2021-01-05 21:19:08
世界不会因为你乱发脾气就会变得美好,,同人绘,18577****01,"['https://kol-fans.fp.ps.netease.com/file/5ff4b2f15e6027202ebda3a4XZe04Zkh02', 'https://kol-fans.fp.ps.netease.com/file/5ff4b2f296dee496d520b63frZtdi0sN02']",2021-01-05 18:41:54
斗笠鸭与小鸟🐦,,壁纸,t****uoqing1,['https://kol-fans.fp.ps.netease.com/file/5ff4accca7f25246436c5c28zsClBafU02'],2021-01-05 18:15:41
遇见,,游戏截图,t****uoqing1,"['https://kol-fans.fp.ps.netease.com/file/5ff4ac6402c9a134ac46948f4MKxiLoO02', 'https://kol-fans.fp.ps.netease.com/file/5ff4ac667f9d2a2cbd92dc9eSAvcMdwa02', 'https://kol-fans.fp.ps.netease.com/file/5ff4ac67143cfa6cd8723499DeEdCDUd02', 'https://kol-fans.fp.ps.netease.com/file/5ff4ac676f049433b5b5c718rvI5381702']",2021-01-05 18:14:00
认识他就像一个故事，不会完结的故事,,游戏截图,NNNA,"['https://kol-fans.fp.ps.netease.com/file/5ff4a19c6f049443eacce0a0riBmBzmg02', 'https://kol-fans.fp.ps.netease.com/file/5ff4a19d7f9d2a57b728cc8aOH5SVF3H02', 'https://kol-fans.fp.ps.netease.com/file/5ff4a19d7f9d2a67cd8e15caQqAOl56E02', 'https://kol-fans.fp.ps.netease.com/file/5ff4a19d143cfa2875bf2f7fZbNTZ7XL02']",2021-01-05 17:27:59
嗯，大家都被迫合照🌚,,游戏截图,18937****19895853,"['https://kol-fans.fp.ps.netease.com/file/5ff47cc969b21a8b0b720df1DgCAo2zd02', 'https://kol-fans.fp.ps.netease.com/file/5ff47cc96f04942b4de07362fNCpDbzB02', 'https://kol-fans.fp.ps.netease.com/file/5ff47cc969b21a883596ec5bC3Oxaui002', 'https://kol-fans.fp.ps.netease.com/file/5ff47cca7f9d2a45402bd03egX7sh2l102']",2021-01-05 14:50:50
是不是很帅，是的，很帅,,游戏截图,w****349839,"['https://kol-fans.fp.ps.netease.com/file/5ff460b802c9a11c945c40acWcFtGSPL02', 'https://kol-fans.fp.ps.netease.com/file/5ff460b86f049454cca43a1aQoHOzd5l02', 'https://kol-fans.fp.ps.netease.com/file/5ff460b86f04945a7f3e4562Cjz8AO5Q02']",2021-01-05 12:51:05
相遇,,游戏截图,18204****61,['https://kol-fans.fp.ps.netease.com/file/5ff3f41069b21a80781e5dc40HUcoNkf02'],2021-01-05 05:07:29
很不错的呢,,视频,零度,['https://kol-fans.fp.ps.netease.com/file/5ff3bb3b143cfa4c66563f7eEhQl0ypF02'],2021-01-05 01:04:59
崽崽弹得就很棒！！！鼓掌~~~~,,视频,零度,['https://kol-fans.fp.ps.netease.com/file/5ff3bb1f5e602730cbc830eeePUVtvSi02'],2021-01-05 01:04:32
一切都就此结束了···,,游戏截图,零度,"['https://kol-fans.fp.ps.netease.com/file/5ff3bae0143cfa6eb46e7a1616O5UEgd02', 'https://kol-fans.fp.ps.netease.com/file/5ff3bae05e6027592d105e5fxWYcxezD02']",2021-01-05 01:03:28
来自崽崽的痴迷,,游戏截图,零度,['https://kol-fans.fp.ps.netease.com/file/5ff3ba977f9d2a300ac0df4fWASfX0D502'],2021-01-05 01:02:15
谁家的小驯鹿跑出来了,,游戏截图,零度,"['https://kol-fans.fp.ps.netease.com/file/5ff3ba7d69b21a131b9adf3fNEx7T9Xk02', 'https://kol-fans.fp.ps.netease.com/file/5ff3ba7d5e602764b2abae77f8Q6NqEH02']",2021-01-05 01:01:49
全家福哦,,游戏截图,零度,"['https://kol-fans.fp.ps.netease.com/file/5ff3ba5769b21a131b9adf1aYiiFriAM02', 'https://kol-fans.fp.ps.netease.com/file/5ff3ba586f0494786d8654afeLY1Zmbp02', 'https://kol-fans.fp.ps.netease.com/file/5ff3ba5802c9a14cc58483adRHl4oECr02', 'https://kol-fans.fp.ps.netease.com/file/5ff3ba585e602764b2abae58Lh6ic0Gk02']",2021-01-05 01:01:13
悄咪咪的偷看哦~,,游戏截图,零度,"['https://kol-fans.fp.ps.netease.com/file/5ff3ba265e60276d7305b081oapoqdDC02', 'https://kol-fans.fp.ps.netease.com/file/5ff3ba265e60270639b8ee1eqxQN1ZLx02', 'https://kol-fans.fp.ps.netease.com/file/5ff3ba266f04945c8799e790PaMYQQc402']",2021-01-05 01:00:22
菇与骨,,游戏截图,零度,['https://kol-fans.fp.ps.netease.com/file/5ff3ba047f9d2a38d0e1c926NtiP5TbA02'],2021-01-05 00:59:48
看猴子！！1,,游戏截图,零度,['https://kol-fans.fp.ps.netease.com/file/5ff3b9e596dee4294b33ee0aQKoAwhhW02'],2021-01-05 00:59:18
嗯？兄弟你从何而来？,,游戏截图,零度,"['https://kol-fans.fp.ps.netease.com/file/5ff3b9c5143cfa257fcaf9e98quYwhE902', 'https://kol-fans.fp.ps.netease.com/file/5ff3b9c502c9a10af8938418tOiuCdeF02']",2021-01-05 00:58:46
朋友走着走着就黑了,,游戏截图,零度,['https://kol-fans.fp.ps.netease.com/file/5ff3b9a569b21a979f977fe4Kq3zyM6S02'],2021-01-05 00:58:13
圣诞老人与他的孙子,,游戏截图,零度,"['https://kol-fans.fp.ps.netease.com/file/5ff3b9805e602764b2abad9fC5mtLNdr02', 'https://kol-fans.fp.ps.netease.com/file/5ff3b98069b21a677d2d6fbbtPrPS2uk02', 'https://kol-fans.fp.ps.netease.com/file/5ff3b98102c9a1620850ef88x5P1cIZ902']",2021-01-05 00:57:37
wifi信号,,游戏截图,零度,['https://kol-fans.fp.ps.netease.com/file/5ff3b9356f0494786d8653dcl72wRYMQ02'],2021-01-05 00:56:21
自古红蓝出CP,,游戏截图,小白枫,['https://kol-fans.fp.ps.netease.com/file/5ff328126f04946687c75d06Oi7mg5qr02'],2021-01-04 14:37:06
对光遇的夕阳情有独钟,,游戏截图,w****349839,"['https://kol-fans.fp.ps.netease.com/file/5ff2b22ba7f25214573a0e91iM3AAHg202', 'https://kol-fans.fp.ps.netease.com/file/5ff2b22b6f0494030fcbadddUDLrKdAA02', 'https://kol-fans.fp.ps.netease.com/file/5ff2b22b6f04946b8b1a2447Rw8gX7Nv02']",2021-01-04 06:14:04
昨天晚上9 40多分的时候 我再回去的时候就找不到他了 ,,找人,15271****54,['https://kol-fans.fp.ps.netease.com/file/5ff26518143cfa6c76aeed8eeLfZE29J02'],2021-01-04 00:45:13
不散,,游戏截图,15932****17,['https://kol-fans.fp.ps.netease.com/file/5ff2625e69b21a39f7cfbe19hYfSILHp02'],2021-01-04 00:33:35
掉翼日常,,游戏截图,h****zr,"['https://kol-fans.fp.ps.netease.com/file/5ff1ea12143cfa2ea6542151Fq7OLiZs02', 'https://kol-fans.fp.ps.netease.com/file/5ff1ea126f049436c538ea4aJgmiTT6q02', 'https://kol-fans.fp.ps.netease.com/file/5ff1ea1269b21a52b1fa22005joiWWEf02']",2021-01-03 16:00:19
(  ･᷄ὢ･᷅),,游戏截图,18921****62,['https://kol-fans.fp.ps.netease.com/file/5ff1d250143cfa07badaff28eABd5Klj02'],2021-01-03 14:18:57
耶,,游戏截图,18127****62,['https://kol-fans.fp.ps.netease.com/file/5ff18e937f9d2a7eb1bb2ba4BjXatUND02'],2021-01-03 09:29:56
和妈咪的亲亲！,,游戏截图,19974****30,['https://kol-fans.fp.ps.netease.com/file/5ff08b2296dee4574d00bdcfGQgr86L002'],2021-01-02 15:02:59
元旦快乐*^_^*,,游戏截图,17381****43,['https://kol-fans.fp.ps.netease.com/file/5fefbf63a7f252314f231f95J1lT6Nq902'],2021-01-02 00:33:40
新年快乐🎆,,游戏截图,15264****12,['https://kol-fans.fp.ps.netease.com/file/5fef509b02c9a15bd12f1bf0xffeKH9d02'],2021-01-01 16:40:59
双份可爱,,游戏截图,www逸,"['https://kol-fans.fp.ps.netease.com/file/5fef33a469b21a0508f91200OpfqwSuP02', 'https://kol-fans.fp.ps.netease.com/file/5fef33a502c9a13cf814bd88UA3YZvpG02']",2021-01-01 14:37:26
光的救赎,,游戏截图,18838****25,"['https://kol-fans.fp.ps.netease.com/file/5fef14b069b21a7d6686e462TsOMR7bK02', 'https://kol-fans.fp.ps.netease.com/file/5fef14b1a7f2522011bede28ijhscSoj02', 'https://kol-fans.fp.ps.netease.com/file/5fef14b15e60276d6c0efc39f3ZZQiNZ02', 'https://kol-fans.fp.ps.netease.com/file/5fef14b1143cfa13ff2dafb6Sw86HsLY02']",2021-01-01 12:25:25
小屋子里有什么呢,,游戏截图,郗子,['https://kol-fans.fp.ps.netease.com/file/5feefea896dee47dc017c0b6mxOZu8Yh02'],2021-01-01 10:51:21
新年快乐！,,游戏截图,郗子,['https://kol-fans.fp.ps.netease.com/file/5feefe7e96dee41ccc1345dabFUAbaFI02'],2021-01-01 10:50:39
霞谷风光,,游戏截图,m****9228431,['https://kol-fans.fp.ps.netease.com/file/5feee8055e602724035ad9b1FYxThwGG02'],2021-01-01 09:14:46
云上漫步,,游戏截图,狸糖,"['https://kol-fans.fp.ps.netease.com/file/5feee06802c9a139f13ff52f5F8rF3I302', 'https://kol-fans.fp.ps.netease.com/file/5feee068143cfa64f763445bcm3Xkgp102', 'https://kol-fans.fp.ps.netease.com/file/5feee06996dee422962c9893pF1zgOVT02', 'https://kol-fans.fp.ps.netease.com/file/5feee06969b21a9e14440b8ch0XaSH3T02']",2021-01-01 08:42:18
初晨,,游戏截图,狸糖,['https://kol-fans.fp.ps.netease.com/file/5feedd537f9d2a0e947e8160ChtXzDiu02'],2021-01-01 08:29:08
我和你,,同人文,y****70439891,['https://kol-fans.fp.ps.netease.com/file/5feedc2b02c9a12c378e79e7wgXkMS9B02'],2021-01-01 08:24:16
一直都在,,留存,钟恒,['https://kol-fans.fp.ps.netease.com/file/5fee125e96dee43a96a91fc1AsaTHvsb02'],2020-12-31 18:03:11
太漂亮了！！,,游戏截图,林狼子TT,['https://kol-fans.fp.ps.netease.com/file/5fedd6b17f9d2a2a73f4a49f4A1GKV1702'],2020-12-31 13:48:34
第一次捏超轻粘土,,手作,13606****68,"['https://kol-fans.fp.ps.netease.com/file/5feb821d5e6027631dc63903EUkvSaZw02', 'https://kol-fans.fp.ps.netease.com/file/5feb821d96dee48a0a8ee922lj8RJCO402']",2020-12-29 19:23:09
由画而生,,游戏截图,草莓味的小晓,"['https://kol-fans.fp.ps.netease.com/file/5feb456e02c9a1197693c057UeOoyCmA02', 'https://kol-fans.fp.ps.netease.com/file/5feb4577a7f2520653d40332q70sNH5102', 'https://kol-fans.fp.ps.netease.com/file/5feb45796f04944a75bd3180vZZ4zC3A02', 'https://kol-fans.fp.ps.netease.com/file/5feb457a6f049416096ace9bPVwh5zkZ02']",2020-12-29 15:04:27
﻿走吧！去试练！,,游戏截图,九月,"['https://kol-fans.fp.ps.netease.com/file/5feae714a7f252100a5e07b696dQkq3k02', 'https://kol-fans.fp.ps.netease.com/file/5feae714143cfa75f62b8539BhYBoVg102']",2020-12-29 08:21:41
一只菇,,Cosplay,九月,['https://kol-fans.fp.ps.netease.com/file/5feac8bc143cfa733cb208a7whabBgvJ02'],2020-12-29 06:12:13
我们的光,,游戏截图,安,"['https://kol-fans.fp.ps.netease.com/file/5feac09f143cfa28729b24484J2zW0jg02', 'https://kol-fans.fp.ps.netease.com/file/5feac0a002c9a13fe3c8e0bc3uBWuUy702', 'https://kol-fans.fp.ps.netease.com/file/5feac0a0a7f2520cc166dd84PcsW48pN02', 'https://kol-fans.fp.ps.netease.com/file/5feac0a096dee41af558362ba7JV75f102']",2020-12-29 05:37:37
将我们的故事埋藏在光里,,同人文,安,['https://kol-fans.fp.ps.netease.com/file/5feabe0ea7f2521e12b68446rTM5y7Kv02'],2020-12-29 05:26:44
光遇孤狼,,游戏截图,13699****25,"['https://kol-fans.fp.ps.netease.com/file/5feab6757f9d2a259d895110QZtRjALi02', 'https://kol-fans.fp.ps.netease.com/file/5feab6765e6027230b649655kudriRyl02', 'https://kol-fans.fp.ps.netease.com/file/5feab676143cfa6f55e63f3bpkfmUvCw02', 'https://kol-fans.fp.ps.netease.com/file/5feab6775e602767dc9d9e7dTj2xAzGf02']",2020-12-29 04:54:17
关于《光遇》人物服饰 「锦鲤」的设计投稿,,服饰设计,m****2966780_1,['https://kol-fans.fp.ps.netease.com/file/5fe83d506f049462591dac62eP7Hhiyw02'],2020-12-27 07:52:50
送你一朵小红花,,灵感,星花,"['https://kol-fans.fp.ps.netease.com/file/5fe8252269b21a6d6f827c0f4Xpk6U8o02', 'https://kol-fans.fp.ps.netease.com/file/5fe8252396dee47ba55c700927AJa0lj02']",2020-12-27 06:09:40
魔法使徒,,游戏截图,无浩,"['https://kol-fans.fp.ps.netease.com/file/5fe7c816a7f25263f91bcd6ckZHQzmgx02', 'https://kol-fans.fp.ps.netease.com/file/5fe7c816143cfa8cbd81bd5dtilCKvDL02', 'https://kol-fans.fp.ps.netease.com/file/5fe7c81702c9a108e0b33d38P6QlDx9k02', 'https://kol-fans.fp.ps.netease.com/file/5fe7c8185e60275f2efd4dcc7mQ96JrX02']",2020-12-26 23:32:40
奇奇怪怪的斗篷,,同人绘,17310****23,['https://kol-fans.fp.ps.netease.com/file/5fe6940a96dee4545f265ba4rrQNohtf02'],2020-12-26 01:38:19
Merry Christmas ,,圣诞节,l****r_pcc,['https://kol-fans.fp.ps.netease.com/file/5fe60025143cfa78eb6128a24bCrN0cT02'],2020-12-25 15:07:17
"圣诞快乐,至我的亲友们",,同人绘,tide,"['https://kol-fans.fp.ps.netease.com/file/5fe5ea177f9d2a7876023c21syFSFAdl02', 'https://kol-fans.fp.ps.netease.com/file/5fe5ea1996dee453274795fetHIBofoO02', 'https://kol-fans.fp.ps.netease.com/file/5fe5ea1b6f04942294a80e4b85Y6morB02', 'https://kol-fans.fp.ps.netease.com/file/5fe5ea1c5e60278859d93bc4IgHvPFpS02']",2020-12-25 13:33:18
帅帅的,,同人绘,音音-作品可转载，禁止商用,['https://kol-fans.fp.ps.netease.com/file/5fe57af97f9d2a19ced4f69cXswbi8Nf02'],2020-12-25 05:39:06
相见时难难别亦难,,游戏截图,伶柒,['https://kol-fans.fp.ps.netease.com/file/5fe4896802c9a1888679359auiiUOC7A02'],2020-12-24 12:28:25
感谢我的“监护人”为我作画,,同人绘,伶柒,['https://kol-fans.fp.ps.netease.com/file/5fe47b05143cfa940158cddcEecuh1Xq02'],2020-12-24 11:27:02
圣诞节溜娃的一天,,游戏截图,伶柒,"['https://kol-fans.fp.ps.netease.com/file/5fe47a3302c9a10383e0f10b5k6aHfSX02', 'https://kol-fans.fp.ps.netease.com/file/5fe47a34143cfa865b161baadIVTWst202', 'https://kol-fans.fp.ps.netease.com/file/5fe47a3496dee46fa86a2da2Ed0QCsjd02', 'https://kol-fans.fp.ps.netease.com/file/5fe47a346f04946fbbab43bbU8kOgxvW02']",2020-12-24 11:23:33
好冷啊,,游戏截图,16620****20,['https://kol-fans.fp.ps.netease.com/file/5fe40856143cfa1637047672kNzI03Jk02'],2020-12-24 03:17:43
嗷呜！是谁！啊！是小圣诞老人！,,游戏截图,嘉嘉嘉嘉,['https://kol-fans.fp.ps.netease.com/file/5fe3bae002c9a1738ed4d34exAKTcDp402'],2020-12-23 21:47:12
我是派螃蟹一并打包来送礼物的圣诞快递员,,游戏截图,15386****01,"['https://kol-fans.fp.ps.netease.com/file/5fe3a5976f0494274fd5f551s8rHJo4C02', 'https://kol-fans.fp.ps.netease.com/file/5fe3a598143cfa1fa62654a3zmFvFlJD02', 'https://kol-fans.fp.ps.netease.com/file/5fe3a59802c9a169d02e93fceMUX0GeI02', 'https://kol-fans.fp.ps.netease.com/file/5fe3a59802c9a12bd92c5919bb2XK2U702']",2020-12-23 20:16:25
哎！你们不要吵架啊…,,游戏截图,18177****94,['https://kol-fans.fp.ps.netease.com/file/5fe3584f6f049457c3b3d53dO3amBvP702'],2020-12-23 14:46:40
平 平 无 奇 光 翼 糖,,手作,北河,['https://kol-fans.fp.ps.netease.com/file/5fe328aca7f2521b89873777GAvRsr2C02'],2020-12-23 11:23:25
光遇的好bug真的带来了很多快乐！qvq（？不顺,,游戏截图,顾子/幻,['https://kol-fans.fp.ps.netease.com/file/5fe31292a7f2520bb25ee100iRjb1N1W02'],2020-12-23 09:49:07
之前陪你乘风破浪的那个人她还在吗？,,游戏截图,星河之间再无你,"['https://kol-fans.fp.ps.netease.com/file/5fe3078da7f25240773671faxybhNw7q02', 'https://kol-fans.fp.ps.netease.com/file/5fe3078d7f9d2a630ba35510q4Qbl3PE02']",2020-12-23 09:02:05
前途似海，来日方长,,游戏截图,伶柒,"['https://kol-fans.fp.ps.netease.com/file/5fe2e0d369b21a66a128b0f327w7YOWx02', 'https://kol-fans.fp.ps.netease.com/file/5fe2e0d37f9d2a20721a6b33t4l3Epjt02']",2020-12-23 06:16:52
和我小娇妻绾绾第一次去千鸟城,,游戏截图,z****07088512,['https://kol-fans.fp.ps.netease.com/file/5fe2c5c496dee43c9381a483fRJlJN2t02'],2020-12-23 04:21:24
萌新时期的自己,,游戏截图,厌食,"['https://kol-fans.fp.ps.netease.com/file/5fe2bf6f143cfa517dad4047m6xFkw7902', 'https://kol-fans.fp.ps.netease.com/file/5fe2bf6f6f04941ae1015992YWxDM0dQ02']",2020-12-23 03:54:24
璀璨的霞谷,,游戏截图,13955****29,['https://kol-fans.fp.ps.netease.com/file/5fe2395302c9a15d2e665c04QgN36uMZ02'],2020-12-22 18:22:12
师父，我们不能吃完螃蟹就跑掉！,,游戏截图,不怎么甜,['https://kol-fans.fp.ps.netease.com/file/5fe17a2e5e602761a30aac6aiGFqJFKt02'],2020-12-22 04:46:39
奔跑吧！师父！,,游戏截图,星河之间再无你,['https://kol-fans.fp.ps.netease.com/file/5fe1576a69b21a44be392d97do07hfcm02'],2020-12-22 02:18:18
奇怪的姿势增加了！,,游戏截图,小勺子,"['https://kol-fans.fp.ps.netease.com/file/5fe0bef802c9a15915f7dda6i1NUIoDF02', 'https://kol-fans.fp.ps.netease.com/file/5fe0bef9a7f2525c7a19e44f478fFirF02']",2020-12-21 15:27:53
在水里~安静~,,游戏截图,小勺子,"['https://kol-fans.fp.ps.netease.com/file/5fe0be9e7f9d2a0bfb112459DPPlVeHF02', 'https://kol-fans.fp.ps.netease.com/file/5fe0be9e7f9d2a2d95f798e67ziHVJNg02', 'https://kol-fans.fp.ps.netease.com/file/5fe0be9f5e60273c9cbe919eQtua09kj02']",2020-12-21 15:26:24
当房间里有七个人是好友，而你是那个孤狼,,游戏截图,小勺子,"['https://kol-fans.fp.ps.netease.com/file/5fe0be7696dee49ada2dabfdXKsQNN0p02', 'https://kol-fans.fp.ps.netease.com/file/5fe0be7696dee4909d5d6645GlIFWqkS02', 'https://kol-fans.fp.ps.netease.com/file/5fe0be7696dee48f96607d1aggeHidQJ02', 'https://kol-fans.fp.ps.netease.com/file/5fe0be777f9d2a0bfb1124231MDwRdGO02']",2020-12-21 15:25:45
我所遇到的可爱的陌生朋友们~,,游戏截图,小勺子,"['https://kol-fans.fp.ps.netease.com/file/5fe0be3e5e60272a0228a2bd4BK68iir02', 'https://kol-fans.fp.ps.netease.com/file/5fe0be3e6f0494525a4dc164KVl5s5CV02', 'https://kol-fans.fp.ps.netease.com/file/5fe0be3f5e6027120bc961ebOtfS9qsT02']",2020-12-21 15:24:47
和朋友们在一起的美好瞬间~（二）,,游戏截图,小勺子,"['https://kol-fans.fp.ps.netease.com/file/5fe0be015e60272554f875efmLqjc3VO02', 'https://kol-fans.fp.ps.netease.com/file/5fe0be0296dee40abca057f0IQKfJQPY02', 'https://kol-fans.fp.ps.netease.com/file/5fe0be025e60273c9cbe9056VB4lBwXd02', 'https://kol-fans.fp.ps.netease.com/file/5fe0be02143cfa9944305081tHVOWNVk02']",2020-12-21 15:23:47
和朋友们在一起的美好瞬间！（一）,,游戏截图,小勺子,"['https://kol-fans.fp.ps.netease.com/file/5fe0bdcd69b21a2620a8f3fdQT90sCSl02', 'https://kol-fans.fp.ps.netease.com/file/5fe0bdcd02c9a17a41eb04f52UIiPBeY02', 'https://kol-fans.fp.ps.netease.com/file/5fe0bdcd6f04944404f99db8F8Q6D59i02', 'https://kol-fans.fp.ps.netease.com/file/5fe0bdce6f04944404f99db9g3ebO3ut02']",2020-12-21 15:22:55
不错,,游戏截图,15931****18,"['https://kol-fans.fp.ps.netease.com/file/5fe0ade87f9d2a492d8b413a83oql9VI02', 'https://kol-fans.fp.ps.netease.com/file/5fe0ade87f9d2a323ade7323RlDg5iNK02']",2020-12-21 14:15:05
光之世界创造者光之鸟,,同人绘,冰箱,['https://kol-fans.fp.ps.netease.com/file/5fe0102e5e602739b5025e852HMHjXRC02'],2020-12-21 03:02:07
孙女长得太像我了怎么办,,游戏截图,阿雪,['https://kol-fans.fp.ps.netease.com/file/5fdf755d02c9a190730f27bbzucAaydN02'],2020-12-20 16:01:34
过去＆现在,,游戏截图,小白枫,"['https://kol-fans.fp.ps.netease.com/file/5fdf3f8769b21a19e81612b9FTQuWVAj02', 'https://kol-fans.fp.ps.netease.com/file/5fdf3f886f04944cfd42eaddGtHSggoR02', 'https://kol-fans.fp.ps.netease.com/file/5fdf3f895e60278369aab969hTtzxE9a02', 'https://kol-fans.fp.ps.netease.com/file/5fdf3f8902c9a165ef62a1e7OGY1E0xW02']",2020-12-20 12:11:54
看风景的时候遇到一只小无翼,,同人绘,18582****31,['https://kol-fans.fp.ps.netease.com/file/5fdf1f7169b21a72c50d764cFiU8D9fL02'],2020-12-20 09:54:58
是菇菇，啊崩了,,同人绘,日常,['https://kol-fans.fp.ps.netease.com/file/5fdecf0a143cfa1beb149a7aoCUwfJbj02'],2020-12-20 04:11:55
我只想和你多待一会，一会也好，求你不要离开我啊,,游戏截图,小白枫,"['https://kol-fans.fp.ps.netease.com/file/5fde2c5d5e60271b94e4331afWf2MuJ702', 'https://kol-fans.fp.ps.netease.com/file/5fde2c5d5e602719e38ac23bDc67KWmN02']",2020-12-19 16:37:49
人体气球卡卡版,,游戏截图,13237****77,['https://kol-fans.fp.ps.netease.com/file/5fde1223a7f252127d1b4beduqwlyxQA02'],2020-12-19 14:45:56
耶੭ ᐕ)੭*⁾⁾,,同人绘,Pear,['https://kol-fans.fp.ps.netease.com/file/5fddee41a7f2523a9667d5fb9DIdAQTu02'],2020-12-19 12:12:50
和叶子认识很久了吧，初三了。总感觉自己很自私，没时间和她玩耍，还要她帮我管理哈哈哈哈，辛苦叶子了，希望我们会一直下去——小紫,,同人文,a****purple,"['https://kol-fans.fp.ps.netease.com/file/5fdd776f7f9d2a2928d4a318Z7z2EI4r02', 'https://kol-fans.fp.ps.netease.com/file/5fdd776f69b21a0611897d15Pwi07HzO02']",2020-12-19 03:45:51
黑人抬棺,,游戏截图,13601****67,['https://kol-fans.fp.ps.netease.com/file/5fdc92515e60275d7f7f3ba6qs1OQ6DG02'],2020-12-18 11:28:17
有面具了有面具了！,,同人绘,音音-作品可转载，禁止商用,['https://kol-fans.fp.ps.netease.com/file/5fdc519aa7f25215fee57e6b7oD8Tkb302'],2020-12-18 06:52:11
一个人的光遇,,照片diy,繁星无我,"['https://kol-fans.fp.ps.netease.com/file/5fdb70af143cfa01fae4a7045RS0yvs302', 'https://kol-fans.fp.ps.netease.com/file/5fdb70b096dee48382cf0ebbr2xFXpig02', 'https://kol-fans.fp.ps.netease.com/file/5fdb70b102c9a149596414b6lZWDowE502', 'https://kol-fans.fp.ps.netease.com/file/5fdb70b37f9d2a4722cbd5b6K9AK6aA302']",2020-12-17 14:52:44
菇菇,,同人绘,音音-作品可转载，禁止商用,['https://kol-fans.fp.ps.netease.com/file/5fdb47525e6027017d83093dQwW8xRiV02'],2020-12-17 11:56:02
因为有光，所以相遇..,,游戏截图,18076****27,"['https://kol-fans.fp.ps.netease.com/file/5fd9992d02c9a15fed5434f4rb1liaYi02', 'https://kol-fans.fp.ps.netease.com/file/5fd9992d6f04946795466630Tk1odGqI02']",2020-12-16 05:20:45
遗忘方舟 被遗忘的人……,,游戏截图,15100****83,['https://kol-fans.fp.ps.netease.com/file/5fd85cee143cfa5e5f7d1883HvSGT7k102'],2020-12-15 06:51:26
你还记得我吗？我会永远记得你！,,手作,狼,"['https://kol-fans.fp.ps.netease.com/file/5fd7155f5e60278bddc4f58cMgpR7TI702', 'https://kol-fans.fp.ps.netease.com/file/5fd7155f7f9d2a2c29e6bd8apuqGRUiS02', 'https://kol-fans.fp.ps.netease.com/file/5fd71560143cfa828e8eeb6b9lQbZq7h02']",2020-12-14 07:33:52
感谢你的陪伴,,游戏截图,18833****80710688,['https://kol-fans.fp.ps.netease.com/file/5fd6825c7f9d2a0cf9bedd4bJaTGxiTv02'],2020-12-13 21:06:37
黑白头像，又是帅帅的一天,,同人绘,仲一,"['https://kol-fans.fp.ps.netease.com/file/5fd626417f9d2a1d7ca26040riPR5hru02', 'https://kol-fans.fp.ps.netease.com/file/5fd62641a7f25244a40072e9ur4gfZ9f02', 'https://kol-fans.fp.ps.netease.com/file/5fd6264196dee49c2508baaaA0QRTWqW02', 'https://kol-fans.fp.ps.netease.com/file/5fd626417f9d2a0dbc7c1701yq9Gu0iB02']",2020-12-13 14:33:38
我也是有伞的人了！！,,游戏截图,亦涵,"['https://kol-fans.fp.ps.netease.com/file/5fd5ff075e6027446ea43b55gFIb6ZCS02', 'https://kol-fans.fp.ps.netease.com/file/5fd5ff0769b21a2296822f02g2H1WpAw02', 'https://kol-fans.fp.ps.netease.com/file/5fd5ff085e60279ee7db5ba9sNbGtfut02']",2020-12-13 11:46:16
呃，监控室有点危险,,游戏截图,小洛,"['https://kol-fans.fp.ps.netease.com/file/5fd5180002c9a12c75163f0daQEJryO002', 'https://kol-fans.fp.ps.netease.com/file/5fd518006f04944634182f20CXx7Q5oa02']",2020-12-12 19:20:33
与你前行,,同人绘,厦柯,['https://kol-fans.fp.ps.netease.com/file/5fd50b9f02c9a17ed05525ac6mFLp1uf02'],2020-12-12 18:27:44
日常,,游戏截图,挽救伊下,"['https://kol-fans.fp.ps.netease.com/file/5fd4e113143cfa42bc9130a4EV60vK9g02', 'https://kol-fans.fp.ps.netease.com/file/5fd4e11596dee4549c256235JKeOhPU602', 'https://kol-fans.fp.ps.netease.com/file/5fd4e1165e6027749ce49d399cwyroIA02', 'https://kol-fans.fp.ps.netease.com/file/5fd4e117a7f2522b675fe103h7KR8H9e02']",2020-12-12 15:26:16
画风真的很爱！,,游戏截图,18614****58,['https://kol-fans.fp.ps.netease.com/file/5fd4d1426f04943c7c7f809b9SiKmVjC02'],2020-12-12 14:18:43
老头好，老头有低保，老头没了还能找！,,游戏截图,15850****74,['https://kol-fans.fp.ps.netease.com/file/5fd4676f69b21a6ca698a185wTjt3X9c02'],2020-12-12 06:47:11
雨妈临摹,,同人绘,15003****16,['https://kol-fans.fp.ps.netease.com/file/5fd4154602c9a15447f5800d4tQbJuMC02'],2020-12-12 00:56:39
﻿这是干嘛，上个厕所还有人跟着😂,,游戏截图,王小七,['https://kol-fans.fp.ps.netease.com/file/5fd37d9d69b21a9f84b2bfa0LBNGIhCq02'],2020-12-11 14:09:34
干饭人，干饭魂，今天你们干饭了吗？,,游戏截图,是阿奈哇,"['https://kol-fans.fp.ps.netease.com/file/5fd2f7f569b21a48d541365aQAtIPi1A02', 'https://kol-fans.fp.ps.netease.com/file/5fd2f7f696dee432ec814512iMsS8dDM02', 'https://kol-fans.fp.ps.netease.com/file/5fd2f7f6143cfa5e9e480d197Aihjuat02']",2020-12-11 04:39:18
余光中遇见你,,游戏截图,15547****08,"['https://kol-fans.fp.ps.netease.com/file/5fd25617143cfa1594090932voGqSsiY02', 'https://kol-fans.fp.ps.netease.com/file/5fd256196f049453a6f4e382PiTCIRw102', 'https://kol-fans.fp.ps.netease.com/file/5fd2561902c9a16ee463c603UPe4rmAu02', 'https://kol-fans.fp.ps.netease.com/file/5fd2561a7f9d2a1324fc028dTyOlgTkm02']",2020-12-10 17:08:44
光之陪伴 一个孤单的光崽在光遇的世界遇见了她的朋友。我所踏的路便是一片光芒万丈，与朋友携手走过的便是一片温暖与美好。,,游戏截图,18786****67,"['https://kol-fans.fp.ps.netease.com/file/5fd254355e60272baeba6e04rO0l9chG02', 'https://kol-fans.fp.ps.netease.com/file/5fd25435143cfa70f13abb4at3Bwm3MZ02', 'https://kol-fans.fp.ps.netease.com/file/5fd2543669b21a16d4fb7fb6B5IEMMhi02', 'https://kol-fans.fp.ps.netease.com/file/5fd2543696dee462a232c13bMQQeXYqP02']",2020-12-10 17:00:39
👏,,游戏截图,z****92289970,"['https://kol-fans.fp.ps.netease.com/file/5fd244a2143cfa221e8d91feQ9LIwQFb02', 'https://kol-fans.fp.ps.netease.com/file/5fd244a26f049426e2084431AUUAVBiJ02', 'https://kol-fans.fp.ps.netease.com/file/5fd244a269b21a4ac342890dUOMOU9Ca02', 'https://kol-fans.fp.ps.netease.com/file/5fd244a202c9a122d9ae3bffVZaAOF4302']",2020-12-10 15:54:12
蝴蝶结 白鸟 自古红蓝出CP,,同人绘,音音-作品可转载，禁止商用,['https://kol-fans.fp.ps.netease.com/file/5fd0dfdd5e60271b5fab7727TAOlOCHi02'],2020-12-09 14:31:57
活捉一个小可爱~,,同人绘,杉杉,['https://kol-fans.fp.ps.netease.com/file/5fd0a50069b21a340b0f77fb23MJXimb02'],2020-12-09 10:20:48
两只卡卡~~,,同人绘,杉杉,['https://kol-fans.fp.ps.netease.com/file/5fd0a4dc6f04944724b1d5a7gGjjEkhY02'],2020-12-09 10:20:13
我和光,,游戏截图,15248****58,"['https://kol-fans.fp.ps.netease.com/file/5fcf8d1a5e6027483be0bb41VSjZCYxo02', 'https://kol-fans.fp.ps.netease.com/file/5fcf8d1a5e6027415fec2914OFxN61JE02', 'https://kol-fans.fp.ps.netease.com/file/5fcf8d1aa7f25272d1fa21924NgOBiiz02', 'https://kol-fans.fp.ps.netease.com/file/5fcf8d1a7f9d2a2c7e1c2e5eEF0FDBYX02']",2020-12-08 14:26:35
2020.12.8《看到快乐了》,,游戏截图,a****purple,"['https://kol-fans.fp.ps.netease.com/file/5fcf85cd7f9d2a5f3e5d7278H0fH8HiH02', 'https://kol-fans.fp.ps.netease.com/file/5fcf85cd6f04940279cf5a94g46Qiw0j02']",2020-12-08 13:55:26
雨妈。其实没画完  画不下去了= =,,同人绘,音音-作品可转载，禁止商用,['https://kol-fans.fp.ps.netease.com/file/5fcf5fb27f9d2a4a09dc2148edxv1Yks02'],2020-12-08 11:12:51
那些我遇见的他们,,手作,狼,"['https://kol-fans.fp.ps.netease.com/file/5fcee7b4143cfa740a154823xw1xb6JS02', 'https://kol-fans.fp.ps.netease.com/file/5fcee7b45e60270eecb87021QZSAaLuo02', 'https://kol-fans.fp.ps.netease.com/file/5fcee7b5143cfa6d9bc38cd3MGcQmX6v02', 'https://kol-fans.fp.ps.netease.com/file/5fcee7b55e602773275c1e03ZifJBP1y02']",2020-12-08 02:40:56
水试炼为什么变黑,,同人文,15018****40,"['https://kol-fans.fp.ps.netease.com/file/5fcee78c69b21a77e20361c8RUtvSGIv02', 'https://kol-fans.fp.ps.netease.com/file/5fcee7955e60276de5a353997uKTZBhj02']",2020-12-08 02:40:32
直接梦回开服（之前没截图很可惜,,游戏截图,汽盐,['https://kol-fans.fp.ps.netease.com/file/5fce746d96dee498d8290224TdepeJeZ02'],2020-12-07 18:29:02
也许还有机会回到的从前,,游戏截图,17372****99,"['https://kol-fans.fp.ps.netease.com/file/5fcd1b3d5e60273a1a298334Fs1LPSe802', 'https://kol-fans.fp.ps.netease.com/file/5fcd1b3d69b21a06d83d87b1lkOQNFvk02', 'https://kol-fans.fp.ps.netease.com/file/5fcd1b3d69b21a91b09c7cd0hFZMFWHZ02', 'https://kol-fans.fp.ps.netease.com/file/5fcd1b3e7f9d2a080e8a11899L7MXqKF02']",2020-12-06 17:56:14
我和我的朋友,,游戏截图,我是只羊,['https://kol-fans.fp.ps.netease.com/file/5fccea2a02c9a13cad635ed10w3x612P02'],2020-12-06 14:26:50
。。。,,手作,鹿鸣,['https://kol-fans.fp.ps.netease.com/file/5fccbfada7f2521026d8c1c1ImO2tAqQ02'],2020-12-06 11:25:33
红色遇镜,,倾,倾,"['https://kol-fans.fp.ps.netease.com/file/5fcc59b45e60270492f75417s1DdB3GC02', 'https://kol-fans.fp.ps.netease.com/file/5fcc59b496dee47af809058dWcRiH9gD02']",2020-12-06 04:10:29
就这样吧，一直一直,,游戏截图,宸,"['https://kol-fans.fp.ps.netease.com/file/5fcc4112143cfa38dbe24680golJyQtz02', 'https://kol-fans.fp.ps.netease.com/file/5fcc41136f049461823b96769mN1EdiO02']",2020-12-06 02:25:23
一个人弹琴一个人思念,,游戏截图,宸,['https://kol-fans.fp.ps.netease.com/file/5fcc40ec69b21a08ad374ae1XuTh7mpT02'],2020-12-06 02:24:45
抱歉公主，来晚了,,游戏截图,宸,['https://kol-fans.fp.ps.netease.com/file/5fcc40cc02c9a113d023fe6dbk5m98TO02'],2020-12-06 02:24:13
因光而遇,,游戏截图,宸,"['https://kol-fans.fp.ps.netease.com/file/5fcc40a869b21a88648dcf052gj8s0G402', 'https://kol-fans.fp.ps.netease.com/file/5fcc40aa5e60272790dd74f1T79AUiZ002', 'https://kol-fans.fp.ps.netease.com/file/5fcc40aa143cfa2b4209c58bP4ycWkIQ02']",2020-12-06 02:23:38
官方大大别骂我 ,,手作,13122****76,"['https://kol-fans.fp.ps.netease.com/file/5fcb99687f9d2a7eccd818d5b2zY4t5p02', 'https://kol-fans.fp.ps.netease.com/file/5fcb99685e602782d1f40035M01eZ1p202', 'https://kol-fans.fp.ps.netease.com/file/5fcb99696f049478b1612e6dMFad80Se02', 'https://kol-fans.fp.ps.netease.com/file/5fcb9969143cfa2768a6675d2O3AN3oI02']",2020-12-05 14:30:02
遇见你是我的幸运，我会一直陪着你的（*＾-＾*）,,游戏截图,小白枫,"['https://kol-fans.fp.ps.netease.com/file/5fcb97f96f04947410e1d3bbTRrTHVmd02', 'https://kol-fans.fp.ps.netease.com/file/5fcb97fa5e6027570b4b7d1dIH8fteBI02', 'https://kol-fans.fp.ps.netease.com/file/5fcb97fa5e6027712b1ab758hIWqvwPt02', 'https://kol-fans.fp.ps.netease.com/file/5fcb97fb02c9a124ac61c287IHApmjex02']",2020-12-05 14:23:56
妹妹头和武士裤很搭哈哈,,同人绘,音音-作品可转载，禁止商用,['https://kol-fans.fp.ps.netease.com/file/5fcb8eb469b21a6bd0227dc0MhpPqxQ302'],2020-12-05 13:44:20
光遇小可爱们,,游戏截图,13531****47,"['https://kol-fans.fp.ps.netease.com/file/5fcb5ec36f049421947ade48pT5ylqhI02', 'https://kol-fans.fp.ps.netease.com/file/5fcb5ec45e60271a25b10a31JWRhPzjm02', 'https://kol-fans.fp.ps.netease.com/file/5fcb5ec47f9d2a72fc0a8866LgoT4gi102', 'https://kol-fans.fp.ps.netease.com/file/5fcb5ec496dee46f250085f00izVyzyu02']",2020-12-05 10:19:49
孤独的娃一个人来打开(╥﹏╥),,游戏截图,光遇.木子,"['https://kol-fans.fp.ps.netease.com/file/5fcb57d06f04944635967c0bSzIc7U9p02', 'https://kol-fans.fp.ps.netease.com/file/5fcb57d05e60277155f0bbceUBwykDgZ02', 'https://kol-fans.fp.ps.netease.com/file/5fcb57d096dee4962d0d7e0fD2hF5LGe02', 'https://kol-fans.fp.ps.netease.com/file/5fcb57d102c9a14fdca330a8i94cKVPc02']",2020-12-05 09:50:09
船倒了，回不去了,,游戏截图,小洛,"['https://kol-fans.fp.ps.netease.com/file/5fca7d8169b21a7e74e56d5caaK5XKj802', 'https://kol-fans.fp.ps.netease.com/file/5fca7d817f9d2a75e63e089ai97qGGMG02', 'https://kol-fans.fp.ps.netease.com/file/5fca7d81143cfa501ceda4c9B8X2OPmJ02']",2020-12-04 18:18:42
进攻！棉花糖军队，哇嗷,,游戏截图,小洛,"['https://kol-fans.fp.ps.netease.com/file/5fca7b105e6027942035214848IbErqG02', 'https://kol-fans.fp.ps.netease.com/file/5fca7b107f9d2a0d4e0bc9b2SBImxMJg02', 'https://kol-fans.fp.ps.netease.com/file/5fca7b1002c9a14dc70a0e21xmm5Y09y02', 'https://kol-fans.fp.ps.netease.com/file/5fca7b1169b21a7e74e56b070TgrGTsa02']",2020-12-04 18:08:17
温柔的倒影,,游戏截图,抖音嘉嘉601141739,['https://kol-fans.fp.ps.netease.com/file/5fca5c6802c9a13220a8870aUxr6uuJL02'],2020-12-04 15:57:28
第一次去献祭，没走到头，光翼就被砸掉完了,,游戏截图,充电宝,"['https://kol-fans.fp.ps.netease.com/file/5fc9b51069b21a5a2c52aa4esdjwXY5x02', 'https://kol-fans.fp.ps.netease.com/file/5fc9b5106f049404b3c18451m524hDUo02', 'https://kol-fans.fp.ps.netease.com/file/5fc9b51196dee47d0b8f30e9KzbJ0csR02', 'https://kol-fans.fp.ps.netease.com/file/5fc9b511a7f25246f03d3c4bFOF5Pyzs02']",2020-12-04 04:03:30
各做日常,,视频,充电宝,['https://kol-fans.fp.ps.netease.com/file/5fc9b214143cfa34f26bf2c6uzu81iEO02'],2020-12-04 03:50:46
日常,,视频,充电宝,['https://kol-fans.fp.ps.netease.com/file/5fc9b19f5e60271024ce17cc7RXUAgi402'],2020-12-04 03:48:49
是菇菇哇ヾ(´∀｀。ヾ),,Cosplay,19885****08,"['https://kol-fans.fp.ps.netease.com/file/5fc9998d7f9d2a0bdf61b0f770mccRVe02', 'https://kol-fans.fp.ps.netease.com/file/5fc9998d02c9a12253283986QlBBFBFS02', 'https://kol-fans.fp.ps.netease.com/file/5fc9998f143cfa30f8d0108dd7BCXb9402']",2020-12-04 02:06:08
风景,,游戏截图,19831****83,"['https://kol-fans.fp.ps.netease.com/file/5fc97ed37f9d2a28923adf74aeoao4c802', 'https://kol-fans.fp.ps.netease.com/file/5fc97ed369b21a87c0a9ad01YbHfJbK102']",2020-12-04 00:12:04
拼搏过后，回到最初的地方，找回最初的自己,,游戏截图,15197****12,['https://kol-fans.fp.ps.netease.com/file/5fc977b3143cfa716a487b24tdP0o8gj02'],2020-12-03 23:41:40
日月同辉,,百鸟,15023****15,['https://kol-fans.fp.ps.netease.com/file/5fc966357f9d2a261835db21xZ6mQKLI02'],2020-12-03 22:27:02
Morning~,,游戏截图,15069****97,"['https://kol-fans.fp.ps.netease.com/file/5fc8ff1269b21a2a9cf0de6b7maQJEe902', 'https://kol-fans.fp.ps.netease.com/file/5fc8ff12143cfa6ce1c071a1aGyF7OHk02']",2020-12-03 15:06:59
日常（重生的大门前真的很适合办婚礼呀）,,游戏截图,13290****27,"['https://kol-fans.fp.ps.netease.com/file/5fc7852e5e60279ae776baa0OcIYZ2BI02', 'https://kol-fans.fp.ps.netease.com/file/5fc7852e6f049436d514d4cdO7RYqycf02', 'https://kol-fans.fp.ps.netease.com/file/5fc7852e143cfa49bc4f3c4bKzv0VVRL02', 'https://kol-fans.fp.ps.netease.com/file/5fc7852e5e6027786374c34dECvBeWHi02']",2020-12-02 12:14:39
温暖又可爱,,游戏截图,15835****95,['https://kol-fans.fp.ps.netease.com/file/5fc752156f049406567a2085Q9hVLxMi02'],2020-12-02 08:36:38
遇见崽崽,,游戏截图,Yng没有点,"['https://kol-fans.fp.ps.netease.com/file/5fc737957f9d2a4db3573424tIowkE9j02', 'https://kol-fans.fp.ps.netease.com/file/5fc73795143cfa88c3b288d84X8WqqcG02', 'https://kol-fans.fp.ps.netease.com/file/5fc737965e60273514b9b8aadRCUPo7Y02', 'https://kol-fans.fp.ps.netease.com/file/5fc737967f9d2a0390160bd10bDzZyco02']",2020-12-02 06:43:34
最初遇见光遇的欣喜,,同人绘,Yng没有点,['https://kol-fans.fp.ps.netease.com/file/5fc735166f049416498c19c8cELeE4QL02'],2020-12-02 06:32:54
滑雪走起,,同人绘,音音-作品可转载，禁止商用,['https://kol-fans.fp.ps.netease.com/file/5fc65be87f9d2a6552f4918brsq7DYsj02'],2020-12-01 15:06:17
奶骨表情包（9张）,,同人绘,音音-作品可转载，禁止商用,"['https://kol-fans.fp.ps.netease.com/file/5fc63e7a69b21a157bc94b278vJzNEuv02', 'https://kol-fans.fp.ps.netease.com/file/5fc63e7a6f049450ab890d16g8O8GqvB02', 'https://kol-fans.fp.ps.netease.com/file/5fc63e7a5e602734c7bb4254iFuTXIbo02', 'https://kol-fans.fp.ps.netease.com/file/5fc63e7a5e602747579e823b5TzHPLXJ02']",2020-12-01 13:00:43
云野的蛆！,,游戏截图,妍妍,"['https://kol-fans.fp.ps.netease.com/file/5fc62a567f9d2a20b139f75bp3Tx8ag602', 'https://kol-fans.fp.ps.netease.com/file/5fc62a5702c9a15c48c1e943DXLqwywE02', 'https://kol-fans.fp.ps.netease.com/file/5fc62a5702c9a1099ef6e56d0Bha9CRP02', 'https://kol-fans.fp.ps.netease.com/file/5fc62a575e6027812cf7996coUOJi72x02']",2020-12-01 11:34:47
大朋友带着小朋友，嘿嘿(º﹃º ),,游戏截图,13404****32,"['https://kol-fans.fp.ps.netease.com/file/5fc5c05402c9a1200128f1f25dUHcYsK02', 'https://kol-fans.fp.ps.netease.com/file/5fc5c054a7f252074761020dWHHOccTk02', 'https://kol-fans.fp.ps.netease.com/file/5fc5c055143cfa10293cab5cfemSTENm02', 'https://kol-fans.fp.ps.netease.com/file/5fc5c05596dee41eb20ed801JmLMuiDB02']",2020-12-01 04:02:30
偷笑小啾啾,,游戏截图,15575****09,['https://kol-fans.fp.ps.netease.com/file/5fc5956096dee407cc08dadeHazKUUNA02'],2020-12-01 00:59:14
这风景还挺好,,游戏截图,小林子,"['https://kol-fans.fp.ps.netease.com/file/5fc4fd5b5e6027933e31685abCy9MNkJ02', 'https://kol-fans.fp.ps.netease.com/file/5fc4fd5b143cfa989b4d2810Sa8UNEYB02', 'https://kol-fans.fp.ps.netease.com/file/5fc4fd5b6f04940e4363c259ets8wyJG02', 'https://kol-fans.fp.ps.netease.com/file/5fc4fd5b7f9d2a0a69c4fef1eL9tuB7J02']",2020-11-30 14:10:36
女孩子果然是最可爱的,,游戏截图,13705****87,"['https://kol-fans.fp.ps.netease.com/file/5fc46e8d02c9a1843269252bm7TQOdh302', 'https://kol-fans.fp.ps.netease.com/file/5fc46e8e96dee40d9c585337S8TZbaBT02', 'https://kol-fans.fp.ps.netease.com/file/5fc46e8e143cfa29f7cfdfbeKciHvWzD02']",2020-11-30 04:01:18
......,,同人绘,养乐多,['https://kol-fans.fp.ps.netease.com/file/5fc3adbf69b21a47fb9f13017bFa7z7B02'],2020-11-29 14:18:40
又是赌身高的一天,,画画,一块十分喜欢光遇的饼干,['https://kol-fans.fp.ps.netease.com/file/5fc346557f9d2a38e62707d1TpRMz90q02'],2020-11-29 06:57:27
第一次来办公室,,游戏截图,13066****78,['https://kol-fans.fp.ps.netease.com/file/5fc2e23502c9a10ba1e0c380QH9PYF1V02'],2020-11-28 23:50:14
打卡每天,,游戏截图,17373****03,"['https://kol-fans.fp.ps.netease.com/file/5fc245b87f9d2a220a23791aPWCLqeK602', 'https://kol-fans.fp.ps.netease.com/file/5fc245b97f9d2a5878d41ea3IBzDxKm602', 'https://kol-fans.fp.ps.netease.com/file/5fc245bb02c9a1397e501656Oj8pJFJd02', 'https://kol-fans.fp.ps.netease.com/file/5fc245bc02c9a164b89f6f31cfk9tbMy02']",2020-11-28 12:42:38
两丫鬟一保镖坐骑护送小主去暮土,,游戏截图,15386****01,['https://kol-fans.fp.ps.netease.com/file/5fc227cd5e60278200c4e4597Ho8PZTT02'],2020-11-28 10:34:53
当别人上你朋友的号时☹,,游戏截图,17385****319615,['https://kol-fans.fp.ps.netease.com/file/5fc1ee866f0494452b55e521lHyhazqs02'],2020-11-28 06:30:31
画一张我自己的光崽,,同人绘,李妙妙,['https://kol-fans.fp.ps.netease.com/file/5fc1e5c57f9d2a2a39efcadeXUHmhof702'],2020-11-28 05:53:09
光是遇见,,游戏截图,耳朵,"['https://kol-fans.fp.ps.netease.com/file/5fc1e564143cfa8cc2e350f2O10ja0ht02', 'https://kol-fans.fp.ps.netease.com/file/5fc1e56596dee433505ad2d9cJVur5FJ02', 'https://kol-fans.fp.ps.netease.com/file/5fc1e566143cfa34f4339ddaCSTNkefm02', 'https://kol-fans.fp.ps.netease.com/file/5fc1e56602c9a18f306e4491K1gCrWop02']",2020-11-28 05:51:37
如果是夜晚就好了,,游戏截图,轻语,['https://kol-fans.fp.ps.netease.com/file/5fc1d4b57f9d2a362ff2032aRfaXTcR302'],2020-11-28 04:40:21
固玩 睡神 小揪揪,,同人绘,音音-作品可转载，禁止商用,['https://kol-fans.fp.ps.netease.com/file/5fc12aba02c9a1397fa7217cAdlWxpta02'],2020-11-27 16:35:07
带崽崽看风景❤️,,游戏截图,小洛,"['https://kol-fans.fp.ps.netease.com/file/5fc0c9195e60279c96cbe3dbHOUvYmdP02', 'https://kol-fans.fp.ps.netease.com/file/5fc0c919143cfa98373cd86cJmpaS4wQ02', 'https://kol-fans.fp.ps.netease.com/file/5fc0c919143cfa0a071655deJSi3mmSZ02', 'https://kol-fans.fp.ps.netease.com/file/5fc0c919143cfa847ce75c8e5L0HyF0102']",2020-11-27 09:38:34
﻿链接,,游戏截图,小谢,['https://kol-fans.fp.ps.netease.com/file/5fc0659e5e60278a3b60493fyR9X8tDV02'],2020-11-27 02:34:06
开开心心的测试服,,测试服,w****618481508,['https://kol-fans.fp.ps.netease.com/file/5fc00e7f5e6027677a9d7800GwG5VYTT02'],2020-11-26 20:22:23
水之试炼卡bug,,游戏截图,18019****20,['https://kol-fans.fp.ps.netease.com/file/5fbf401169b21a058b952de2ix3vCdbY02'],2020-11-26 05:41:38
无翼的一天,,游戏截图,風冷澈,"['https://kol-fans.fp.ps.netease.com/file/5fbf18a35e6027260bb55ec84xlmQgz702', 'https://kol-fans.fp.ps.netease.com/file/5fbf18a496dee467d98adf54MeE78Loh02', 'https://kol-fans.fp.ps.netease.com/file/5fbf18a47f9d2a022de9907bcpGUVmLr02', 'https://kol-fans.fp.ps.netease.com/file/5fbf18a4143cfa2f040bf155xSbaFkmi02']",2020-11-26 02:53:25
光遇的那些美景,,游戏截图,阿染,"['https://kol-fans.fp.ps.netease.com/file/5fbe36885e60273cb79e64aasJ7PxGyi02', 'https://kol-fans.fp.ps.netease.com/file/5fbe36887f9d2a753eff07barjLhFY8802', 'https://kol-fans.fp.ps.netease.com/file/5fbe368869b21a1f834d3031kbh4G0le02', 'https://kol-fans.fp.ps.netease.com/file/5fbe36887f9d2a753eff07bb8N6vBIR402']",2020-11-25 10:48:41
滴不尽相思血泪抛红豆，开不完春柳春花满画楼。,,游戏截图,15016****61,['https://kol-fans.fp.ps.netease.com/file/5fbe2dc87f9d2a3b032a847fSwsOXNfL02'],2020-11-25 10:11:21
兄弟借个火 诶 你咋没了,,视频,零度,['https://kol-fans.fp.ps.netease.com/file/5fbde33f02c9a1876736e110vocrJ90r02'],2020-11-25 04:53:20
跑图日常-帅,,视频,零度,['https://kol-fans.fp.ps.netease.com/file/5fbde32269b21a084168dde9bHi6odUt02'],2020-11-25 04:52:51
棉花糖的秘密会议,,视频,零度,['https://kol-fans.fp.ps.netease.com/file/5fbde301143cfa9b4028dbaaXS4H6IvV02'],2020-11-25 04:52:18
光球,,视频,零度,['https://kol-fans.fp.ps.netease.com/file/5fbde2e696dee47ae60e3132QN9yvAfE02'],2020-11-25 04:51:51
二哈：我不知道我是不是狗 但你们是真的狗 转死你们,,视频,零度,['https://kol-fans.fp.ps.netease.com/file/5fbde2ca02c9a13e469eec2d9prxyqN302'],2020-11-25 04:51:23
献祭路,,游戏截图,零度,['https://kol-fans.fp.ps.netease.com/file/5fbde29a7f9d2a3cced2e809Xeyf6IWw02'],2020-11-25 04:50:34
日常跑图叠叠乐,,游戏截图,零度,"['https://kol-fans.fp.ps.netease.com/file/5fbde28596dee48916d8baeffzwKT6Jh02', 'https://kol-fans.fp.ps.netease.com/file/5fbde2867f9d2a243b6173f9VZkTiOtP02']",2020-11-25 04:50:14
日常挂机,,游戏截图,零度,"['https://kol-fans.fp.ps.netease.com/file/5fbde25b69b21a311c6d0fbcRmPT0WzS02', 'https://kol-fans.fp.ps.netease.com/file/5fbde25b69b21a2537a55d49CjsOPgKw02']",2020-11-25 04:49:31
十八岁禁止观看,,游戏截图,零度,['https://kol-fans.fp.ps.netease.com/file/5fbde23b69b21a084168dc87yFiJ0gSi02'],2020-11-25 04:48:59
双子休憩,,游戏截图,零度,['https://kol-fans.fp.ps.netease.com/file/5fbde205143cfa43c6085cac7xKuMmge02'],2020-11-25 04:48:05
蜡烛精,,游戏截图,零度,['https://kol-fans.fp.ps.netease.com/file/5fbde1e95e60279445b69849M1qjirwi02'],2020-11-25 04:47:37
日晒棉花糖,,游戏截图,零度,['https://kol-fans.fp.ps.netease.com/file/5fbde1d56f0494789218b2d9OvPbD9NT02'],2020-11-25 04:47:17
小鸭子,,游戏截图,18201****25,['https://kol-fans.fp.ps.netease.com/file/5fbcfa586f04940a7babbabd9CQdskik02'],2020-11-24 12:19:36
我的光遇记忆,,游戏截图,18213****75,"['https://kol-fans.fp.ps.netease.com/file/5fbcf0ed5e60274e0d75fe934F69y1m102', 'https://kol-fans.fp.ps.netease.com/file/5fbcf0f169b21a50125424b8Hqo2t8KR02', 'https://kol-fans.fp.ps.netease.com/file/5fbcf0f4143cfa355694cc8dQjfljNYz02', 'https://kol-fans.fp.ps.netease.com/file/5fbcf0f602c9a10e5cec097d3vdELKcA02']",2020-11-24 11:39:40
认真🌚💦 ,,游戏截图,18766****72,['https://kol-fans.fp.ps.netease.com/file/5fbce67369b21a4a49a6df87r5tOhMiP02'],2020-11-24 10:54:43
纪念晨岛毕业,,游戏截图,August,['https://kol-fans.fp.ps.netease.com/file/5fbcdc49143cfa91d7e11896q9iwHWPx02'],2020-11-24 10:11:22
希望她能一直在我身边,,❤️ ,17839****75,['https://kol-fans.fp.ps.netease.com/file/5fbc934b143cfa6029349213KuEAfGKy02'],2020-11-24 04:59:57
雨娘,,同人绘,杉杉,['https://kol-fans.fp.ps.netease.com/file/5fbc08f669b21a4b6d5fe804zXzP6QC902'],2020-11-23 19:09:42
安卓国服的小伙伴们看这里·~,,同人绘,杉杉,['https://kol-fans.fp.ps.netease.com/file/5fbc08e696dee46860078731w2Gb13zU02'],2020-11-23 19:09:26
奥利给,,游戏截图,18102****51,['https://kol-fans.fp.ps.netease.com/file/5fbbd328143cfa2084450461Lt1vmA1c02'],2020-11-23 15:20:09
光遇滴梦幻鲲鲲,,同人绘,15605****05,['https://kol-fans.fp.ps.netease.com/file/5fbbb5c37f9d2a6c7c0915b2II6oX2Ez02'],2020-11-23 13:14:43
某鱼上偶遇的安卓大佬，发来的截图很有感觉，就凭感觉画的这张。大佬很喜欢我很开心(●'◡'●),,同人绘,杉杉,"['https://kol-fans.fp.ps.netease.com/file/5fbba70c7f9d2a2356006206ovrpdsc702', 'https://kol-fans.fp.ps.netease.com/file/5fbba70c5e6027473910cc7dTJ8p9feT02']",2020-11-23 12:11:56
日落的瞬间,,游戏截图,17375****66,['https://kol-fans.fp.ps.netease.com/file/5fbb885b143cfa442cfe55e3AFtrdNkw02'],2020-11-23 10:00:59
一眼万年,,游戏截图,17375****66,['https://kol-fans.fp.ps.netease.com/file/5fbb883702c9a1759e71780dpJryS87I02'],2020-11-23 10:00:23
我独占你，但这只是一场独角戏,,游戏截图,17375****66,['https://kol-fans.fp.ps.netease.com/file/5fbb87fe69b21a5592b600e9mmfgXtCN02'],2020-11-23 09:59:26
我希望与你一同飞行,,游戏截图,17375****66,['https://kol-fans.fp.ps.netease.com/file/5fbb87047f9d2a3d3c673fb6WlCVTdiF02'],2020-11-23 09:55:16
在这无色之地，我与你一同坠落,,游戏截图,17375****66,['https://kol-fans.fp.ps.netease.com/file/5fbb86537f9d2a3fc93f7580XDIgb8s502'],2020-11-23 09:52:20
感谢陪伴,,游戏截图,17375****66,['https://kol-fans.fp.ps.netease.com/file/5fbb85f67f9d2a574395f18bNIWaF89Z02'],2020-11-23 09:50:46
仙客来游云外巅,,游戏截图,三十六,['https://kol-fans.fp.ps.netease.com/file/5fbb0e9a96dee49a3367998cNhvws7H102'],2020-11-23 01:21:30
#暴风眼第二阶段直飞 ，萌新看下，虽然我也是萌新，上次蹭了一个大佬这样飞的，然后我自己来练，结果发现真的挺好用的。然后就随便录个视频，可能有帮助有需要的人。 #,,视频,玩杰吖,['https://kol-fans.fp.ps.netease.com/file/5fba11777f9d2a0b4de78026vsQPrbVD02'],2020-11-22 07:21:29
听讲座时画的，希望喜欢😍,,同人绘,我叫肉丝iOS,['https://kol-fans.fp.ps.netease.com/file/5fba09ad02c9a123e50521f3EgMZkR8502'],2020-11-22 06:48:14
抽根小烟压压惊,,游戏截图,19939****35,['https://kol-fans.fp.ps.netease.com/file/5fb95e3b69b21a74de67290dDOEbLdiX02'],2020-11-21 18:36:43
噗～与皮皮虾擦肩而过，吓本卡卡西一跳,,游戏截图,小洛,"['https://kol-fans.fp.ps.netease.com/file/5fb95bd369b21a653c8f674dAU8stAgH02', 'https://kol-fans.fp.ps.netease.com/file/5fb95bd35e602732c3ce5cc60aFzCemd02']",2020-11-21 18:26:27
抓拍瞬间，帅爆了。,,游戏截图,清鹿,['https://kol-fans.fp.ps.netease.com/file/5fb94cd25e602798cb060f33hgxXpAjF02'],2020-11-21 17:22:26
雨妈-性别男,,同人绘,音音-作品可转载，禁止商用,['https://kol-fans.fp.ps.netease.com/file/5fb91ce7143cfa931cd81c86j6Miigv802'],2020-11-21 13:58:00
我在遇境看日落,,游戏截图,15279****64,['https://kol-fans.fp.ps.netease.com/file/5fb9110469b21a99905e2154UrFqqIsH02'],2020-11-21 13:07:17
好馋蝴蝶结a,,同人绘,菜园就是人下人,['https://kol-fans.fp.ps.netease.com/file/5fb90c685e602765c77c47a1BIaXjFsQ02'],2020-11-21 12:47:37
孤狼的悲哀,,游戏截图,17821****79,['https://kol-fans.fp.ps.netease.com/file/5fb8f446143cfa17c2fd607eayh5FkWR02'],2020-11-21 11:04:39
请问白鸟帅哥会选择谁🌚（猜对有奖）,,游戏截图,15853****08,['https://kol-fans.fp.ps.netease.com/file/5fb8f08869b21a4cb5dfba60av7lmW1W02'],2020-11-21 10:48:41
请签收：光遇超阔爱壁纸,,同人绘,15853****08,"['https://kol-fans.fp.ps.netease.com/file/5fb8f01e143cfa7da850f21bkxNRhZvu02', 'https://kol-fans.fp.ps.netease.com/file/5fb8f01e5e6027272157fe70CKt07Llv02']",2020-11-21 10:46:54
200-203,,游戏截图,渡,"['https://kol-fans.fp.ps.netease.com/file/5fb8efec02c9a18e830fb95e11qGFitz02', 'https://kol-fans.fp.ps.netease.com/file/5fb8efec7f9d2a22a0426b99DytHXxIv02', 'https://kol-fans.fp.ps.netease.com/file/5fb8efed143cfa700d3652fbVMc4YpiW02']",2020-11-21 10:46:05
今天在遗忘方舟的小船上邂逅了一个蝴蝶结小伙伴，答应给他话一个~，结慌慌张张交任务。画完了也不知道该怎么给这位陌生的小伙伴，我甚至忘记问他叫什么名字。。。好尴尬呀,,同人绘,杉杉,"['https://kol-fans.fp.ps.netease.com/file/5fb8d4026f049435f8c04db93jdp7BHT02', 'https://kol-fans.fp.ps.netease.com/file/5fb8d4037f9d2a569a22ead3p0OXs5rA02']",2020-11-21 08:46:59
这个小伙伴叫鹤白，第一次收到好多蜡烛，解锁了聊天功能，是个很可爱的硬妹~只要我有蜡烛，每天都会送给她小心心,,同人绘,杉杉,"['https://kol-fans.fp.ps.netease.com/file/5fb8b3ff69b21a4b3190b063H7JztEoa02', 'https://kol-fans.fp.ps.netease.com/file/5fb8b3ff69b21a77ccf455edigkPiifZ02']",2020-11-21 06:30:23
黑与白,,游戏截图,才不是奶糖,"['https://kol-fans.fp.ps.netease.com/file/5fb8aafa5e6027301bc469a88FIijRjL02', 'https://kol-fans.fp.ps.netease.com/file/5fb8aafa96dee4969c8bdc518XQTYKiW02']",2020-11-21 05:51:54
可能有时候我词不达意，但遇见你我真的很开心！,,游戏截图,才不是奶糖,"['https://kol-fans.fp.ps.netease.com/file/5fb8aa2c69b21a163b14d83cCTakZLxR02', 'https://kol-fans.fp.ps.netease.com/file/5fb8aa2c69b21a89951f3a16CkfKOioN02']",2020-11-21 05:48:28
监控室哈，小心我正在盯着你,,游戏截图,小洛,"['https://kol-fans.fp.ps.netease.com/file/5fb8a03a96dee420e0d00bd2s3xEGUh302', 'https://kol-fans.fp.ps.netease.com/file/5fb8a03a5e6027997fa6d6aacPlZ6bVc02']",2020-11-21 05:06:03
☀️,,游戏截图,15959****42,['https://kol-fans.fp.ps.netease.com/file/5fb7fc127f9d2a2c24a09ebd6dVW6qd202'],2020-11-20 17:25:38
重生之路…,,游戏截图,18027****29,['https://kol-fans.fp.ps.netease.com/file/5fb7f1b57f9d2a09b0087b8dTUqQeNAr02'],2020-11-20 16:41:26
温馨的夜晚，是有你的陪伴✨,,游戏截图,小無,"['https://kol-fans.fp.ps.netease.com/file/5fb7b31396dee40f8f40d831LlHlHVtC02', 'https://kol-fans.fp.ps.netease.com/file/5fb7b313143cfa04d664169bavs7173i02']",2020-11-20 12:14:12
截图,,游戏截图,n****0028976,['https://kol-fans.fp.ps.netease.com/file/5fb7a2bc5e60274c560f3701doNGCkil02'],2020-11-20 11:04:29
唯美治愈的光遇,,游戏截图,清鹿,['https://kol-fans.fp.ps.netease.com/file/5fb79e2202c9a126178f2a3ewSwMf6sU02'],2020-11-20 10:44:51
我的小宝贝,,游戏截图,啊墨,['https://kol-fans.fp.ps.netease.com/file/5fb79b285e60278255c7436ad7tIV24j02'],2020-11-20 10:32:09
好可爱鸭~,,同人绘,杉杉,"['https://kol-fans.fp.ps.netease.com/file/5fb7974069b21a480ff60c6eatH3hiqB02', 'https://kol-fans.fp.ps.netease.com/file/5fb797405e6027271bc30cbcrbBYigii02']",2020-11-20 10:15:28
今天第一次去暴风眼碰见的大佬，没有蜡烛送给大佬，就画一张大佬好了~谢谢大佬的秋千和耐心的指导,,同人绘,杉杉,"['https://kol-fans.fp.ps.netease.com/file/5fb79650143cfa5e0e259820hKstQ3Yt02', 'https://kol-fans.fp.ps.netease.com/file/5fb7965069b21a3afac96e0dbcCfzM7I02']",2020-11-20 10:11:28
﻿景色,,游戏截图,18844****75,"['https://kol-fans.fp.ps.netease.com/file/5fb7298996dee44c521acfecebiE8AAA02', 'https://kol-fans.fp.ps.netease.com/file/5fb7298a96dee4418090b56f2MIWEDRU02', 'https://kol-fans.fp.ps.netease.com/file/5fb7298a7f9d2a1f374b73d5fBxDQIrk02', 'https://kol-fans.fp.ps.netease.com/file/5fb7298a6f04944a579668f8RGXsZVds02']",2020-11-20 02:27:24
解救孤狼,,我和她,18364****56,"['https://kol-fans.fp.ps.netease.com/file/5fb6eba8143cfa5b1ce1a758g6CmSyEm02', 'https://kol-fans.fp.ps.netease.com/file/5fb6eba82786fd385cfad13f3jRhDLm102']",2020-11-19 22:03:20
我的游戏角色，第一次画没注意大小，糊了,,同人绘,充电宝,['https://kol-fans.fp.ps.netease.com/file/5fb61cc096dee411e22377646T4UQxD502'],2020-11-19 07:20:33
黑白简笔绘,,同人绘,新吉子哇,"['https://kol-fans.fp.ps.netease.com/file/5fb4bfd05e6027c83d76a4c1U3HZclvP02', 'https://kol-fans.fp.ps.netease.com/file/5fb4bfd15e6027b80023b0e8HTNkLy8002', 'https://kol-fans.fp.ps.netease.com/file/5fb4bfd2143cfa4de2b684b3QFHWihl302', 'https://kol-fans.fp.ps.netease.com/file/5fb4bfd37f9d2a19780192e3a1slA36j02']",2020-11-18 06:31:50
双子!,,双子,b****1224,['https://kol-fans.fp.ps.netease.com/file/5fb493f22786fd951386b79dTXkihzwP02'],2020-11-18 03:24:35
白鸟！,,同人绘,b****1224,['https://kol-fans.fp.ps.netease.com/file/5fb493487f9d2a44ba7815abexk5fIaj02'],2020-11-18 03:21:45
这能给我掉出个监护人吗,,游戏截图,玩杰吖,['https://kol-fans.fp.ps.netease.com/file/5fb40d755e60271541067f29aqmbMY8Q02'],2020-11-17 17:50:45
可可爱爱的奶卡，你爱了吗😍 ,,同人绘,东西,['https://kol-fans.fp.ps.netease.com/file/5fb3eb322786fd1c9b3a81a0CmAPlvye02'],2020-11-17 15:24:35
原谅我有些许潦草的线条,,同人绘,瓶子与三三的日常,"['https://kol-fans.fp.ps.netease.com/file/5fb398046f04948f1035f86epQMPucsV02', 'https://kol-fans.fp.ps.netease.com/file/5fb398045e60274da019bcaciRodYCVi02']",2020-11-17 09:29:41
圣岛度假的一天,,游戏截图,也甜,"['https://kol-fans.fp.ps.netease.com/file/5fb2837c5e60270bd15f2607Z6sHafVx02', 'https://kol-fans.fp.ps.netease.com/file/5fb2837c6f0494ac0404cbcdJNrPgEJw02', 'https://kol-fans.fp.ps.netease.com/file/5fb2837c7f9d2a755d8556eaoa4Kt9Iu02', 'https://kol-fans.fp.ps.netease.com/file/5fb2837c143cfa99bade5dbcU6wcQFKv02']",2020-11-16 13:49:50
白鸟式疑问❓,,同人绘,15777****29,['https://kol-fans.fp.ps.netease.com/file/5fb272bf96dee4cb3d72f356X3T2C1pW02'],2020-11-16 12:38:24
分享日常美图,,游戏截图,ンッベビネッビオーロ,"['https://kol-fans.fp.ps.netease.com/file/5fb25d0c143cfa6a932e402cZomdmi1002', 'https://kol-fans.fp.ps.netease.com/file/5fb25d0d143cfa5e61cd5a55OPIKNjLY02', 'https://kol-fans.fp.ps.netease.com/file/5fb25d0d6f0494b324568611RJBehdDg02', 'https://kol-fans.fp.ps.netease.com/file/5fb25d0d143cfa6a932e40307eMuiwqV02']",2020-11-16 11:05:50
温暖的灵魂终会相遇,,游戏截图,13635****44,"['https://kol-fans.fp.ps.netease.com/file/5fb1e3ee2786fd66519a80008dhhYPuR02', 'https://kol-fans.fp.ps.netease.com/file/5fb1e3ee96dee486f1b8c9b94d1XM5Lm02', 'https://kol-fans.fp.ps.netease.com/file/5fb1e3ee5e60276b27eda394P739oS6902', 'https://kol-fans.fp.ps.netease.com/file/5fb1e3ef6f0494630537562duidBMiqa02']",2020-11-16 02:29:04
不再孤单,,游戏截图,溪彤,"['https://kol-fans.fp.ps.netease.com/file/5fb136d97f9d2acf4022d5ca8AjyvEga02', 'https://kol-fans.fp.ps.netease.com/file/5fb136d9143cfa669e77fc23lMiNgUhB02', 'https://kol-fans.fp.ps.netease.com/file/5fb136da143cfa657d9c9fffHe6aHiSu02', 'https://kol-fans.fp.ps.netease.com/file/5fb136da8b74276f990571d7SxRZLOB202']",2020-11-15 14:10:34
调画质找我,,游戏截图,18921****62,"['https://kol-fans.fp.ps.netease.com/file/5fb12f987f9d2ab50ab80d52SW68khyP02', 'https://kol-fans.fp.ps.netease.com/file/5fb12fa26f0494beb1c1a13faPIPyzKK02', 'https://kol-fans.fp.ps.netease.com/file/5fb12faa96dee4de4c685689iqV2bBmk02', 'https://kol-fans.fp.ps.netease.com/file/5fb12fb28b74275dbc5863aa23atGqxP02']",2020-11-15 13:40:13
与崽,,游戏截图,闹市,['https://kol-fans.fp.ps.netease.com/file/5fb127702786fdb4af95c84aqo9OeuKT02'],2020-11-15 13:04:48
双面海,,游戏截图,闹市,['https://kol-fans.fp.ps.netease.com/file/5fb126d56f0494c79ebff850KI8EMF0s02'],2020-11-15 13:02:14
朋友,,同人绘,月,['https://kol-fans.fp.ps.netease.com/file/5fb10c54143cfa2bce2c250cb6sVgWD502'],2020-11-15 11:09:09
圣岛,,游戏截图,Y颜,"['https://kol-fans.fp.ps.netease.com/file/5fb0c5a65e6027f5a3e71af1SsNXRVDm02', 'https://kol-fans.fp.ps.netease.com/file/5fb0c5a66f0494916d9d85b0TTq98E1e02', 'https://kol-fans.fp.ps.netease.com/file/5fb0c5a62786fdabd11e70fdYl6ePz3802']",2020-11-15 06:07:35
跑图小息来一顿野外烧烤，这个地方不错,,游戏截图,日常,"['https://kol-fans.fp.ps.netease.com/file/5fb09efb6f0494e98fe37e73HPe6qu6e02', 'https://kol-fans.fp.ps.netease.com/file/5fb09efb143cfa9d7ef1549evlysj0Q202', 'https://kol-fans.fp.ps.netease.com/file/5fb09efb8b74276709f093efoLlBUVS702']",2020-11-15 03:22:35
光遇摸鱼,,同人绘,ンッベビネッビオーロ,['https://kol-fans.fp.ps.netease.com/file/5fb096bf96dee473acd2ab01usmKMa6g02'],2020-11-15 02:47:27
故事系列：从前有一个叫憨憨的旅行者，她用相机记录经历过的有趣事情,,故事系列,旅行者憨憨,"['https://kol-fans.fp.ps.netease.com/file/5fb083d46f049432e031ffdfDvV1eWOK02', 'https://kol-fans.fp.ps.netease.com/file/5fb083d496dee4dc2f07c1d7O4uXH2VL02', 'https://kol-fans.fp.ps.netease.com/file/5fb083d48b7427167e6b87b6IiSZrzyA02', 'https://kol-fans.fp.ps.netease.com/file/5fb083d52786fd66f69f8448huSrEH8402']",2020-11-15 01:26:46
大与小,,游戏截图,贫道法号-符华上仙,['https://kol-fans.fp.ps.netease.com/file/5fb01c432786fd53b7fd6d96RarM5xhN02'],2020-11-14 18:04:51
今日份美图请收下,,游戏截图,空城不空,"['https://kol-fans.fp.ps.netease.com/file/5fafc075143cfa7c02fb45765CVK2Pt002', 'https://kol-fans.fp.ps.netease.com/file/5fafc0765e6027c9e176959bYy0A137N02', 'https://kol-fans.fp.ps.netease.com/file/5fafc0765e6027d7312d01e8c2FxQBKF02']",2020-11-14 11:33:10
那一刻暖到,,游戏截图,溪彤,"['https://kol-fans.fp.ps.netease.com/file/5faf98c3143cfa44ff99f178Pi23YJX002', 'https://kol-fans.fp.ps.netease.com/file/5faf98c37f9d2a507e1787cc8c40rmem02', 'https://kol-fans.fp.ps.netease.com/file/5faf98c38b74271faea3fb2dZGcatZ5c02', 'https://kol-fans.fp.ps.netease.com/file/5faf98c32786fdbc869ea40507toKiuq02']",2020-11-14 08:43:48
四小无翼：你是谁 我是谁 他是谁,,小揪揪,新吉子哇,['https://kol-fans.fp.ps.netease.com/file/5faea7f85e6027131c097010RiYxLbNv02'],2020-11-13 15:36:25
感谢圣岛季的带来,,游戏截图,日常,"['https://kol-fans.fp.ps.netease.com/file/5fae6a9c7f9d2a0526760be6rjrS6xJk02', 'https://kol-fans.fp.ps.netease.com/file/5fae6a9d7f9d2ac17cd5d89cKvWozAmJ02']",2020-11-13 11:14:38
菜花我一口一个,,同人绘,13734****52,"['https://kol-fans.fp.ps.netease.com/file/5fae656096dee4678fc32e6fH6UFWP9C02', 'https://kol-fans.fp.ps.netease.com/file/5fae656196dee45f79fe156bJDeYxjzc02']",2020-11-13 10:52:17
温暖的灵魂终将相遇,,游戏截图,m****r6698,"['https://kol-fans.fp.ps.netease.com/file/5fad37c996dee47b6bc80669WEpoHW1802', 'https://kol-fans.fp.ps.netease.com/file/5fad37c9143cfae82749f3a5ozlg3x3b02', 'https://kol-fans.fp.ps.netease.com/file/5fad37c92786fd09455d5caazjcH45iN02', 'https://kol-fans.fp.ps.netease.com/file/5fad37c98b742752a4f27286L85hCOj502']",2020-11-12 13:25:31
萌新时拍的几张场景,,游戏截图,日常,"['https://kol-fans.fp.ps.netease.com/file/5fad176b2786fd2d8b20b37bj6MS0sPY02', 'https://kol-fans.fp.ps.netease.com/file/5fad176b6f04943bf61a7b1aSWK7MXp202', 'https://kol-fans.fp.ps.netease.com/file/5fad176b6f049456a9564dc1fTH01t0J02']",2020-11-12 11:07:24
遇见了……小天使？,,游戏截图,19978****40,"['https://kol-fans.fp.ps.netease.com/file/5fabaf4d6f04941b7c624901qVmYGCcj02', 'https://kol-fans.fp.ps.netease.com/file/5fabaf4d7f9d2a73e04d30dfHE8VXPKX02']",2020-11-11 09:30:54
遇见本身就是最美好的事,,游戏截图,才不是奶糖,['https://kol-fans.fp.ps.netease.com/file/5faaa58f7f9d2ac8047234e3sJQ6drlD02'],2020-11-10 14:37:03
就这么一直转下去得了,,视频,零度,['https://kol-fans.fp.ps.netease.com/file/5faa4fb88b74273d5175ba286ZjKlOLm02'],2020-11-10 08:30:49
三人挂机必有小黑,,游戏截图,零度,['https://kol-fans.fp.ps.netease.com/file/5faa4f938b74274ab8b21620JcoATCj002'],2020-11-10 08:30:12
日常跑图,,游戏截图,零度,['https://kol-fans.fp.ps.netease.com/file/5faa4f7b6f0494a4117b96403mr7duYR02'],2020-11-10 08:29:47
人传人 吓死人,,游戏截图,零度,['https://kol-fans.fp.ps.netease.com/file/5faa4f6196dee4a73da5b438Ah2UDTsG02'],2020-11-10 08:29:21
朋友说是她的高光时刻,,游戏截图,零度,['https://kol-fans.fp.ps.netease.com/file/5faa4f497f9d2a90c21a39c79hVuUO4K02'],2020-11-10 08:28:57
异国公主灰头土脸的一天,,游戏截图,零度,['https://kol-fans.fp.ps.netease.com/file/5faa4f2a6f04949b0feaf4dfqi8LR4Nx02'],2020-11-10 08:28:26
第一次当演员 纪念下,,游戏截图,零度,['https://kol-fans.fp.ps.netease.com/file/5faa4ef97f9d2aa50ebc122dwpWwYE9702'],2020-11-10 08:27:37
被小南瓜踩在脚底下了~,,游戏截图,零度,['https://kol-fans.fp.ps.netease.com/file/5faa4edf5e6027f421a017cdVBw4ksIY02'],2020-11-10 08:27:12
一轮红月,,游戏截图,零度,['https://kol-fans.fp.ps.netease.com/file/5faa4ebf6f0494c5d4c3957cHTtcFIC902'],2020-11-10 08:26:39
傻雕在线求锤,,游戏截图,零度,['https://kol-fans.fp.ps.netease.com/file/5faa4e9a143cfaeaf2f4b1a5W6tvegtD02'],2020-11-10 08:26:02
姿势就那么一摆啊 小老头就屁颠屁颠的来,,游戏截图,零度,"['https://kol-fans.fp.ps.netease.com/file/5faa4e73143cfacf00b3a57fNX6HI0PT02', 'https://kol-fans.fp.ps.netease.com/file/5faa4e7396dee44b8c70010eEAPAlcK402']",2020-11-10 08:25:23
南瓜叠叠乐,,游戏截图,零度,['https://kol-fans.fp.ps.netease.com/file/5faa4e4a96dee449705aba8aUuvplhS802'],2020-11-10 08:24:42
可可爱爱小巫师,,游戏截图,零度,['https://kol-fans.fp.ps.netease.com/file/5faa4e1b96dee449705aba1abrEtTYiF02'],2020-11-10 08:23:55
南瓜+芬达,,游戏截图,零度,"['https://kol-fans.fp.ps.netease.com/file/5faa4dff96dee44b8c6fffd3WgrF5E0k02', 'https://kol-fans.fp.ps.netease.com/file/5faa4dff8b74274ab8b21380eeRelRca02']",2020-11-10 08:23:27
背影,,游戏截图,光仔兽=,['https://kol-fans.fp.ps.netease.com/file/5fa9d3ee143cfa2de49d248eRK0bwWqw02'],2020-11-09 23:42:39
是画的卡卡和菇菇,,同人绘,日常,"['https://kol-fans.fp.ps.netease.com/file/5fa953af143cfa5488448ca3IhoI5VYe02', 'https://kol-fans.fp.ps.netease.com/file/5fa953af143cfa42ed26cf41xNwuDmLN02', 'https://kol-fans.fp.ps.netease.com/file/5fa953b27f9d2a224da1280aRUJk4SNs02', 'https://kol-fans.fp.ps.netease.com/file/5fa953b27f9d2a224da1280cREPZz1XF02']",2020-11-09 14:35:31
和监护人看云,,游戏截图,19932****19,['https://kol-fans.fp.ps.netease.com/file/5fa94ac92786fdcf9b07d50cyXxdqFUL02'],2020-11-09 13:57:30
太tm好玩,,游戏截图,13101****96,"['https://kol-fans.fp.ps.netease.com/file/5fa92918143cfa0a35fc0ba61pvM1k8Q02', 'https://kol-fans.fp.ps.netease.com/file/5fa929195e602719fefe775d5Cj3Jt2v02']",2020-11-09 11:33:45
向着光,,游戏截图,m****677786,"['https://kol-fans.fp.ps.netease.com/file/5fa90a956f04946bd9252322v9Qf9jpG02', 'https://kol-fans.fp.ps.netease.com/file/5fa90a958b74270895a5cb2fswARRflz02', 'https://kol-fans.fp.ps.netease.com/file/5fa90a9596dee4f4a83b86bfHx0Gszsb02']",2020-11-09 09:23:34
孤狼玩家ing,,游戏截图,玩杰吖,['https://kol-fans.fp.ps.netease.com/file/5fa8951b96dee4cbbe8a3a1bPblSarZR02'],2020-11-09 01:02:57
今日份的快乐,,游戏截图,15978****26,"['https://kol-fans.fp.ps.netease.com/file/5fa8854d8b74275b17c0ad36jMFOKw8h02', 'https://kol-fans.fp.ps.netease.com/file/5fa8854d143cfa99387ecfe71XKDiJCk02', 'https://kol-fans.fp.ps.netease.com/file/5fa8854d7f9d2a95474dffb4Xf60PmKj02', 'https://kol-fans.fp.ps.netease.com/file/5fa8854e96dee449a240105bQYXrhEeB02']",2020-11-08 23:54:55
c!好可爱，好像一口吃掉,,游戏截图,水机进水了怎么解决？,"['https://kol-fans.fp.ps.netease.com/file/5fa7c3635e60278d4dc46cc6KTidb2hw02', 'https://kol-fans.fp.ps.netease.com/file/5fa7c36496dee43cc79aee24hlDVidhS02', 'https://kol-fans.fp.ps.netease.com/file/5fa7c364143cfa5fca04eb7bjgOsSjA902', 'https://kol-fans.fp.ps.netease.com/file/5fa7c3647f9d2a2da6abf9f3oBHtN8fo02']",2020-11-08 10:07:32
结束也是开始,,游戏截图,18339****48,['https://kol-fans.fp.ps.netease.com/file/5fa7a9906f04949a0c28c7aaXcxDyVag02'],2020-11-08 08:17:21
鸭鸭表情包,,游戏截图,岁见,['https://kol-fans.fp.ps.netease.com/file/5fa7a85c5e6027d2bc5d6cfeNhbMgxU902'],2020-11-08 08:12:13
#小蝴蝶的早期黑帮大队#,,游戏截图,喵喵,"['https://kol-fans.fp.ps.netease.com/file/5fa77e078b742739d90ecb374Rj096Ik02', 'https://kol-fans.fp.ps.netease.com/file/5fa77e07143cfa8fdf2c41436DlupW5A02']",2020-11-08 05:11:36
#最好看的风景与你看才有意义…,,游戏截图,喵喵,"['https://kol-fans.fp.ps.netease.com/file/5fa77d005e6027e69e1731d7z57d67yp02', 'https://kol-fans.fp.ps.netease.com/file/5fa77d0096dee4ed842e79c7WKdAXGHA02', 'https://kol-fans.fp.ps.netease.com/file/5fa77d006f04940b06f07b29c99hQh1i02']",2020-11-08 05:07:12
云野后的城堡,,游戏截图,晓影sama,['https://kol-fans.fp.ps.netease.com/file/5fa75ef72786fdd3a79f57e2FQ4CvCqr02'],2020-11-08 02:59:04
与她的圣岛,,游戏截图,晓影sama,['https://kol-fans.fp.ps.netease.com/file/5fa75ede8b7427a75b9690a13ueB5o9l02'],2020-11-08 02:58:39
﻿直视冥龙,,游戏截图,晓影sama,['https://kol-fans.fp.ps.netease.com/file/5fa75eb28b7427cb5e96411cWcy5LZJe02'],2020-11-08 02:57:54
隐藏在平菇中的南瓜头大家发现了吗,,游戏截图,13433****99,['https://kol-fans.fp.ps.netease.com/file/5fa6cece8b7427ec55836be0D7R21eow02'],2020-11-07 16:43:59
哇咔咔的日常,,游戏截图,哇咔咔,"['https://kol-fans.fp.ps.netease.com/file/5fa6bc88143cfa7f40937691JLXwoUsp02', 'https://kol-fans.fp.ps.netease.com/file/5fa6bc888b74278bb81c2ee2FYfQfsWa02', 'https://kol-fans.fp.ps.netease.com/file/5fa6bc885e6027ac34977645brbTRAqB02']",2020-11-07 15:26:01
又是成为充电宝的一天,,游戏截图,13764****53,['https://kol-fans.fp.ps.netease.com/file/5fa678847f9d2a98e8217869KEwPoH6f02'],2020-11-07 10:35:48
只是一只孤狼,,游戏截图,阿白不乖,"['https://kol-fans.fp.ps.netease.com/file/5fa671385e60279ed03a097bY4Mb9A6g02', 'https://kol-fans.fp.ps.netease.com/file/5fa67139143cfa951be375c77iqWTA2i02', 'https://kol-fans.fp.ps.netease.com/file/5fa671395e60278f66c72f2bdae7XPmI02', 'https://kol-fans.fp.ps.netease.com/file/5fa67139143cfa951be375c8pbaAasMk02']",2020-11-07 10:04:42
安卓国服互火有吗,,游戏截图,日月,['https://kol-fans.fp.ps.netease.com/file/5fa65bb32786fde7508438e3v8C8zfiq02'],2020-11-07 08:32:51
荒凉,,游戏截图,13527****86,['https://kol-fans.fp.ps.netease.com/file/5fa64c732786fd6a59c647c001IhxYrh02'],2020-11-07 07:27:48
一眼回眸,,游戏截图,13527****86,['https://kol-fans.fp.ps.netease.com/file/5fa64bfc2786fd72d112df96H4uALfhg02'],2020-11-07 07:25:48
叠猫猫,,游戏截图,13527****86,['https://kol-fans.fp.ps.netease.com/file/5fa64b886f0494e87d1ad01elEumhpz002'],2020-11-07 07:23:53
🍒，你永远是最棒哒！我也会一直陪着你( •̀ ω •́ )✧,,游戏截图,小白枫,['https://kol-fans.fp.ps.netease.com/file/5fa6065e5e602709d0c464e4sONBIRxq02'],2020-11-07 02:28:46
一个人慢慢的献祭,,游戏截图,13548****39,"['https://kol-fans.fp.ps.netease.com/file/5fa5f3c38b7427358640f7a8ItTroyU202', 'https://kol-fans.fp.ps.netease.com/file/5fa5f3c45e60277586aca8246dTPLRU502', 'https://kol-fans.fp.ps.netease.com/file/5fa5f3c45e602763739432497mYPGis102']",2020-11-07 01:09:25
我会一直陪着你，不是我想而是我会,,游戏截图,安安,"['https://kol-fans.fp.ps.netease.com/file/5fa588dd2786fd87749c7c96chyLqSdr02', 'https://kol-fans.fp.ps.netease.com/file/5fa588dd5e60275a47490963ZR9X0xC502', 'https://kol-fans.fp.ps.netease.com/file/5fa588dd2786fd696305e7d0Z0H6i7Uj02', 'https://kol-fans.fp.ps.netease.com/file/5fa588dd2786fdab765dc0dbdb4wEEQN02']",2020-11-06 17:33:18
雨妈，自己现在的装扮,,同人绘,音音-作品可转载，禁止商用,['https://kol-fans.fp.ps.netease.com/file/5fa552fe96dee467b714181cEbJ9gKhq02'],2020-11-06 13:43:26
找～,,游戏截图,18576****01,"['https://kol-fans.fp.ps.netease.com/file/5fa419926f0494a5479e4f55cWIZepu402', 'https://kol-fans.fp.ps.netease.com/file/5fa419935e6027f968a393d9AhE7A9lQ02', 'https://kol-fans.fp.ps.netease.com/file/5fa419946f04945c27c7082d8JIs8Mim02', 'https://kol-fans.fp.ps.netease.com/file/5fa419946f0494a5479e4f5csrucEP6l02']",2020-11-05 15:26:13
时光流转，众星浮沉，何人 于岁月浅弹？,,游戏截图,18079****33,"['https://kol-fans.fp.ps.netease.com/file/5fa34bf796dee42b2c78c7152daNsfdq02', 'https://kol-fans.fp.ps.netease.com/file/5fa34bf75e60272c28c9f32eTDEfKmII02', 'https://kol-fans.fp.ps.netease.com/file/5fa34bf78b742766b7a0c83cgTJlCj4a02', 'https://kol-fans.fp.ps.netease.com/file/5fa34bf87f9d2ae9b4331392mkG6XdZY02']",2020-11-05 00:48:57
温暖的灵魂终将相遇,,叮当猫,nana.,"['https://kol-fans.fp.ps.netease.com/file/5fa2c69d96dee4d21efdb213Wh7Z1ptW02', 'https://kol-fans.fp.ps.netease.com/file/5fa2c69e96dee4aef735f0c3obSYFi4202', 'https://kol-fans.fp.ps.netease.com/file/5fa2c69e143cfa23817deb5bNhSvS1xj02', 'https://kol-fans.fp.ps.netease.com/file/5fa2c69f143cfa2ab620812bDQhsvEV402']",2020-11-04 15:20:02
不给糖就算了,,游戏截图,18537****80,['https://kol-fans.fp.ps.netease.com/file/5fa200268b742753d081abbeq7TwsIfW02'],2020-11-04 01:13:11
只是偷偷壁个咚,,游戏截图,z****31077,['https://kol-fans.fp.ps.netease.com/file/5fa16fbc96dee4e7477dde1aBbickW8m02'],2020-11-03 14:57:01
还好是你，也庆幸是你,,游戏截图,宸,"['https://kol-fans.fp.ps.netease.com/file/5fa0f87b5e6027f705580ae3U84Eh8NM02', 'https://kol-fans.fp.ps.netease.com/file/5fa0f87b2786fd47ff07f49eRICYlwyW02']",2020-11-03 06:28:12
我也在某一天的清晨，想念过你,,游戏截图,宸,"['https://kol-fans.fp.ps.netease.com/file/5fa0f84c143cfa81f9f243142Zomzs1N02', 'https://kol-fans.fp.ps.netease.com/file/5fa0f84c96dee466ece95070CAj4leX302', 'https://kol-fans.fp.ps.netease.com/file/5fa0f84d2786fd713ee510daskZIdURG02', 'https://kol-fans.fp.ps.netease.com/file/5fa0f84d5e6027f7640756e83IoSiZa602']",2020-11-03 06:27:26
和尚本无欲，但是是你，所以有了欲,,游戏截图,宸,"['https://kol-fans.fp.ps.netease.com/file/5fa0f7af6f0494333f1fe619tFPaX91g02', 'https://kol-fans.fp.ps.netease.com/file/5fa0f7b08b742718917c1148UiMe6FKG02']",2020-11-03 06:24:48
以月光之名，紧紧拥抱你,,游戏截图,宸,"['https://kol-fans.fp.ps.netease.com/file/5fa0f59996dee439ed4f7cf6MkGLiHot02', 'https://kol-fans.fp.ps.netease.com/file/5fa0f5996f0494dbb738b90aYCb1H57D02']",2020-11-03 06:15:54
🦋,,游戏截图,宸,['https://kol-fans.fp.ps.netease.com/file/5fa0f5262786fd51ae8b7f2ehDG27oz302'],2020-11-03 06:13:59
从此君王不早朝,,游戏截图,宸,"['https://kol-fans.fp.ps.netease.com/file/5fa0f4b5143cfa9f2107edfbQFxJiTCt02', 'https://kol-fans.fp.ps.netease.com/file/5fa0f4b56f0494ca18879988qN2xYrc902', 'https://kol-fans.fp.ps.netease.com/file/5fa0f4b68b74276d50e33b0fGjfIcYFD02', 'https://kol-fans.fp.ps.netease.com/file/5fa0f4b67f9d2a30441a78b1ti8JSICJ02']",2020-11-03 06:12:07
菇菇这么可爱，为什么不是女孩子？,,歪头菇,AirTea灬九黎,['https://kol-fans.fp.ps.netease.com/file/5fa0cb917f9d2ab95da6f8f4EEU2yFO502'],2020-11-03 03:16:34
想和你，早安，午安，晚安,,游戏截图,宸,"['https://kol-fans.fp.ps.netease.com/file/5fa00d096f04945aa4de97daDSCZkKj302', 'https://kol-fans.fp.ps.netease.com/file/5fa00d0996dee483eb4007c0jBj3Xoqp02', 'https://kol-fans.fp.ps.netease.com/file/5fa00d0a8b74279ff64f8e97r5LMOwSP02']",2020-11-02 13:43:38
我的彩虹，只会给你看,,游戏截图,宸,"['https://kol-fans.fp.ps.netease.com/file/5fa00cb22786fd7dfbf106221PdQ5Y6i02', 'https://kol-fans.fp.ps.netease.com/file/5fa00cb25e60270a37a22ec9qHMmWzc502', 'https://kol-fans.fp.ps.netease.com/file/5fa00cb32786fd86fc5e475eMqU7Tvx802', 'https://kol-fans.fp.ps.netease.com/file/5fa00cb396dee4a59488ae6aeNyh37Ds02']",2020-11-02 13:42:12
万圣节快乐，来捉迷藏吧,,游戏截图,宸,"['https://kol-fans.fp.ps.netease.com/file/5fa00c362786fd86fc5e467fiLFq84x602', 'https://kol-fans.fp.ps.netease.com/file/5fa00c3796dee44b6779cb48EjeAHTaz02', 'https://kol-fans.fp.ps.netease.com/file/5fa00c385e60270cdc49d8db7htZ7DlU02', 'https://kol-fans.fp.ps.netease.com/file/5fa00c382786fd6f75603b509XPSx09X02']",2020-11-02 13:40:09
献给孤狼玩家,,视频,木吉果,['https://kol-fans.fp.ps.netease.com/file/5f9fd9072786fddcf32d2f99lSr8JKJA02'],2020-11-02 10:01:49
丸子头,,同人绘,h****iraku,['https://kol-fans.fp.ps.netease.com/file/5f9fcb9b143cfabb9aa9f245hTYgRd6B02'],2020-11-02 09:04:28
故事从这里开始,,游戏截图,19198****36,['https://kol-fans.fp.ps.netease.com/file/5f9ee2948b7427b06bda702eg3ZpBzT102'],2020-11-01 16:30:13
粉红海(*≧▽≦)ﾉｼ)),,游戏截图,柴,"['https://kol-fans.fp.ps.netease.com/file/5f9ed1a88b7427639bde5925DjW6QCeS02', 'https://kol-fans.fp.ps.netease.com/file/5f9ed1a96f04940893d62587fvBSAiII02']",2020-11-01 15:18:02
你还记得跟你第一个点火的人长什么样吗,一天，你来到这个世界，你心中肯定充满了未知，突然一个小黑人走过来，跟你点了火......,同人文,小白枫,[],2020-11-01 15:10:18
蹭好友烟花（左边背背下面那个）,,游戏截图,小白枫,['https://kol-fans.fp.ps.netease.com/file/5f9ecbc48b7427f5efbd69bfTAp1L1qu02'],2020-11-01 14:52:53
嘿嘿每日打卡,,游戏截图,13567****29,"['https://kol-fans.fp.ps.netease.com/file/5f9e54165e602751653594c0z2ddaMPK02', 'https://kol-fans.fp.ps.netease.com/file/5f9e541896dee47f75a65eaaPOiQNlxo02', 'https://kol-fans.fp.ps.netease.com/file/5f9e541a96dee475f9f0fbf56Dy1p2uh02', 'https://kol-fans.fp.ps.netease.com/file/5f9e541b5e60275d29a17cc5XAQ051N002']",2020-11-01 06:22:26
万圣节快乐,,同人绘,音音-作品可转载，禁止商用,['https://kol-fans.fp.ps.netease.com/file/5f9d71e97f9d2aa4182d22fcW9ajNUyM02'],2020-10-31 14:17:14
喜欢雨林和禁阁，种草种草（呃，伊甸只是不太想去。。。找翼太累）,,游戏截图,月殇,"['https://kol-fans.fp.ps.netease.com/file/5f9d3ace143cfa803d208475yh7030Ui02', 'https://kol-fans.fp.ps.netease.com/file/5f9d3ace96dee418e4478ad6jhLqdiBd02', 'https://kol-fans.fp.ps.netease.com/file/5f9d3ace96dee418e4478ad8oY2hpYU602', 'https://kol-fans.fp.ps.netease.com/file/5f9d3ace8b7427033c63bd9b31qTAk9Y02']",2020-10-31 10:22:07
遇见着你，也爱着你,,游戏截图,青水秋,"['https://kol-fans.fp.ps.netease.com/file/5f9d1b8f96dee4256ed7e6bdfp4k2FKa02', 'https://kol-fans.fp.ps.netease.com/file/5f9d1b907f9d2abd16a99c04afeZaYiJ02', 'https://kol-fans.fp.ps.netease.com/file/5f9d1b908b7427883e09ee9b3E34eefF02']",2020-10-31 08:08:49
正经人谁跑晨岛啊qaq,,游戏截图,艾.米,['https://kol-fans.fp.ps.netease.com/file/5f9cd8f3143cfa2282db47f5vH0F9mow02'],2020-10-31 03:24:36
温暖的灵魂终会相遇,,游戏截图,13875****57,"['https://kol-fans.fp.ps.netease.com/file/5f9c32255e6027ac7a56d68fAoiZOKoK02', 'https://kol-fans.fp.ps.netease.com/file/5f9c32257f9d2a26d85077052rbWy9Gd02']",2020-10-30 15:32:54
帅我一脸,,泠,15888****00,"['https://kol-fans.fp.ps.netease.com/file/5f9c08395e6027611d2dd788BSuZxMEd02', 'https://kol-fans.fp.ps.netease.com/file/5f9c08398b7427b6d31fa373IdRG7HDh02']",2020-10-30 12:34:02
空气咚被发现╯□╰,,游戏截图,13695****79,"['https://kol-fans.fp.ps.netease.com/file/5f9bd1a66f04940e4844e0e5clUaOqGo02', 'https://kol-fans.fp.ps.netease.com/file/5f9bd1a796dee40b0d5ac7bcxwdu8sq602', 'https://kol-fans.fp.ps.netease.com/file/5f9bd1a8143cfa51f8a95ee5N4bv3FV602']",2020-10-30 08:41:12
又是一年的万圣节🎃,,游戏截图,mhryeon,"['https://kol-fans.fp.ps.netease.com/file/5f9b89d68b74278ee0d82dcdPNUsNeK702', 'https://kol-fans.fp.ps.netease.com/file/5f9b89d66f04945b2bb7b82fQM9g6NUz02', 'https://kol-fans.fp.ps.netease.com/file/5f9b89d75e6027521b08e53425u6dtAF02', 'https://kol-fans.fp.ps.netease.com/file/5f9b89d76f04942085c2d5a0jQ8mws0t02']",2020-10-30 03:34:49
日常的看龙,,游戏截图,Tom来了,['https://kol-fans.fp.ps.netease.com/file/5f9b833f8b7427d09d4de3158iUZiXyS02'],2020-10-30 03:06:40
千鸟城打卡！！,,游戏截图,13828****75,['https://kol-fans.fp.ps.netease.com/file/5f9b215c8b742725d8865937ofwKEwIW02'],2020-10-29 20:09:00
遇见你，到现在,,游戏截图,夜晚prime,"['https://kol-fans.fp.ps.netease.com/file/5f9af49e7f9d2ad8d36130cdEUmKoLMo02', 'https://kol-fans.fp.ps.netease.com/file/5f9af49f143cfa4b597ab76846aUT3eQ02', 'https://kol-fans.fp.ps.netease.com/file/5f9af49f96dee480db9f117eItFDpikk02', 'https://kol-fans.fp.ps.netease.com/file/5f9af4a0143cfa2ffcc7f069Om9S1CZa02']",2020-10-29 16:58:12
加油，你可以的！！！,,游戏截图,17803****87,['https://kol-fans.fp.ps.netease.com/file/5f9aa1f2143cfa2909450984biiDzdNN02'],2020-10-29 11:05:23
血夜与龙共舞,,游戏截图,z****31077,['https://kol-fans.fp.ps.netease.com/file/5f9a8a3b96dee49d6ef37ae7hRydGY2D02'],2020-10-29 09:24:11
和路人一起拍照吧！,,游戏截图,二亓,"['https://kol-fans.fp.ps.netease.com/file/5f9a817c7f9d2af7b5ed32e6PumFpxTH02', 'https://kol-fans.fp.ps.netease.com/file/5f9a817c8b7427f170de23b0tLS7DfUF02', 'https://kol-fans.fp.ps.netease.com/file/5f9a817c7f9d2a0009d192c5uPctUHKW02', 'https://kol-fans.fp.ps.netease.com/file/5f9a817d2786fdc264e01ec1F1PazFLF02']",2020-10-29 08:46:53
高冷正太,,同人绘,音音-作品可转载，禁止商用,['https://kol-fans.fp.ps.netease.com/file/5f9a798d2786fd3b9a775f70hWpJMa9v02'],2020-10-29 08:13:01
☀️☀️,,游戏截图,笑笑笑笑笑,"['https://kol-fans.fp.ps.netease.com/file/5f9a3f808b74272816fd326dHE922ZIJ02', 'https://kol-fans.fp.ps.netease.com/file/5f9a3f815e602740ec9949aaxGlcuNzt02']",2020-10-29 04:05:21
俩lsp，救命,,游戏截图,十七,['https://kol-fans.fp.ps.netease.com/file/5f9a2f2a7f9d2af831821c8ayaWLJClR02'],2020-10-29 02:55:38
🌈彩虹与你,,游戏截图,13527****86,['https://kol-fans.fp.ps.netease.com/file/5f9a2a9c5e60279927e429d7mhO23IdM02'],2020-10-29 02:36:13
这一生沧廖无依，第一次的重生,,游戏截图,18731****05,"['https://kol-fans.fp.ps.netease.com/file/5f9a08b5143cfa2b3bc6cbf419XlTyxN02', 'https://kol-fans.fp.ps.netease.com/file/5f9a08b596dee45de1bfe871BLW0SQQR02']",2020-10-29 00:11:34
棉花糖一日游,,游戏截图,13050****53,['https://kol-fans.fp.ps.netease.com/file/5f9806c27f9d2a15be4c929f0LzKROjI02'],2020-10-27 11:38:42
温柔的人一定会相遇,,游戏截图,18346****41,"['https://kol-fans.fp.ps.netease.com/file/5f97d7f26f04943cc18c16904LTjlLZh02', 'https://kol-fans.fp.ps.netease.com/file/5f97d7f3143cfaa7665d73dcCFWcp2Ug02', 'https://kol-fans.fp.ps.netease.com/file/5f97d7f3143cfaa7665d73ddApsEhm5O02', 'https://kol-fans.fp.ps.netease.com/file/5f97d7f396dee48b98407cffVTZOjD0u02']",2020-10-27 08:19:00
温暖的灵魂已相遇,,游戏截图,15893****16,['https://kol-fans.fp.ps.netease.com/file/5f9686a26f0494ca40660c09i4cHxZCz02'],2020-10-26 08:19:47
碎片,,游戏截图,13568****98,"['https://kol-fans.fp.ps.netease.com/file/5f962cf55e6027a74cb6b6baYpFruyRD02', 'https://kol-fans.fp.ps.netease.com/file/5f962cf57f9d2ab1ff7d5105I4CwuKij02', 'https://kol-fans.fp.ps.netease.com/file/5f962cf56f04945574b569cdivbiqDzl02', 'https://kol-fans.fp.ps.netease.com/file/5f962cf55e6027d316d9dddeysiK0tTb02']",2020-10-26 01:57:11
抱抱狮子,,同人绘,岁见,['https://kol-fans.fp.ps.netease.com/file/5f952dd16f04946f87bc76b379cWQcJE02'],2020-10-25 07:48:33
我可以跟在你身后 像影子追着光梦游,,同人绘,单荣康,['https://kol-fans.fp.ps.netease.com/file/5f952b328b742708083ea3563ed33aGW02'],2020-10-25 07:37:22
﻿遇,,游戏截图,玖玖a,"['https://kol-fans.fp.ps.netease.com/file/5f95197e7f9d2a5a8a9e03cf3dRFgWXd02', 'https://kol-fans.fp.ps.netease.com/file/5f95197e143cfaa945b12eacZFiodFKv02']",2020-10-25 06:21:51
跟他认识的一周年,,游戏截图,孤九🌈,"['https://kol-fans.fp.ps.netease.com/file/5f94f84b96dee4728fe2d4e87imKrRN002', 'https://kol-fans.fp.ps.netease.com/file/5f94f84b7f9d2aa09d494047boGyX7yl02', 'https://kol-fans.fp.ps.netease.com/file/5f94f84b7f9d2a93163f1aeazmjK3CDd02', 'https://kol-fans.fp.ps.netease.com/file/5f94f84c7f9d2abc14ced2f54VFJC28m02']",2020-10-25 04:00:12
抓到了！,,游戏截图,安安来了,['https://kol-fans.fp.ps.netease.com/file/5f94e2e42786fd7b14bd26b3KMX8eVJB02'],2020-10-25 02:28:52
拿到棉裤之后的合影！,,同人绘,藏也,['https://kol-fans.fp.ps.netease.com/file/5f94e1752786fd834741bcbfmQ97gUlX02'],2020-10-25 02:22:46
蘑菇头挺可爱的,,同人绘,音音-作品可转载，禁止商用,['https://kol-fans.fp.ps.netease.com/file/5f9443856f0494d6ed5887bdxaipEVwR02'],2020-10-24 15:08:53
与好朋友的时刻,,游戏截图,18269****15,"['https://kol-fans.fp.ps.netease.com/file/5f939ab0143cfaf42eee9880ZKMtF2wa02', 'https://kol-fans.fp.ps.netease.com/file/5f939ab07f9d2aaaca496ac0W6kyEIyT02', 'https://kol-fans.fp.ps.netease.com/file/5f939ab16f04945d400d026avx6RZIUB02', 'https://kol-fans.fp.ps.netease.com/file/5f939ab2143cfabe9a07cf23pJZElqcB02']",2020-10-24 03:08:36
因光而遇,,游戏截图,18035****80,['https://kol-fans.fp.ps.netease.com/file/5f92e1a9143cfa917fd6970aG9Q475eS02'],2020-10-23 13:59:05
棉裤娃娃自助贩卖机,,同人绘,音音-作品可转载，禁止商用,"['https://kol-fans.fp.ps.netease.com/file/5f92c8558b7427260a65f6demAqAMKa502', 'https://kol-fans.fp.ps.netease.com/file/5f92c8555e6027af2a3101e92osaRAiI02']",2020-10-23 12:11:01
努力肝，加油,"爱心蜡烛不够了，想要复刻肝不好.
   一图也没有毕业，加油，加油。",同人文,Tom来了,[],2020-10-23 03:35:11
成长的代价，就是要失去原来的模样,,游戏截图,z****31077,['https://kol-fans.fp.ps.netease.com/file/5f919cde2786fd37ca66cf696UoVL1mI02'],2020-10-22 14:53:18
库存,,游戏截图,荼花,"['https://kol-fans.fp.ps.netease.com/file/5f91721a96dee4efa803589cOigArNpp02', 'https://kol-fans.fp.ps.netease.com/file/5f91721b143cfa65f2504356FQJ1iq0Z02', 'https://kol-fans.fp.ps.netease.com/file/5f91721b143cfa5658067ac9ITrYVrYW02', 'https://kol-fans.fp.ps.netease.com/file/5f91721b8b742731460283e3KssGJH7R02']",2020-10-22 11:50:54
一个人,,游戏截图,15279****64,['https://kol-fans.fp.ps.netease.com/file/5f916cd68b7427208228a758ETCDbDjh02'],2020-10-22 11:28:22
今日可爱 蝴蝶结,,同人绘,音音-作品可转载，禁止商用,['https://kol-fans.fp.ps.netease.com/file/5f914eaf96dee49e78f4d46fKiqiHLIx02'],2020-10-22 09:19:43
无人售货棉裤娃娃贩卖机,,游戏截图,音音-作品可转载，禁止商用,['https://kol-fans.fp.ps.netease.com/file/5f911f328b7427eb4ec441800MghcKQs02'],2020-10-22 05:57:07
想变成一架小飞机 ✈️噗嗤噗嗤的飞进你的心里⌯'▾'⌯,,游戏截图,z****31077,['https://kol-fans.fp.ps.netease.com/file/5f90f2a596dee4306d8003792rkTbCrN02'],2020-10-22 02:47:01
晨光相遇 感谢有你：从小狮子与小蘑菇到龙骨和雨林，魔法季节我们相遇，一路走来，未来依然是你！,,游戏截图,風冷澈,"['https://kol-fans.fp.ps.netease.com/file/5f9063107f9d2a4bbeca67a93CzkHNG902', 'https://kol-fans.fp.ps.netease.com/file/5f906310143cfaaae93f5ddcDARphv4o02', 'https://kol-fans.fp.ps.netease.com/file/5f906310143cfad53d46ef76vlfUiF4z02', 'https://kol-fans.fp.ps.netease.com/file/5f9063118b742704dbda3788dcPvMALF02']",2020-10-21 16:34:27
打卡打卡,,游戏截图,17516****00,"['https://kol-fans.fp.ps.netease.com/file/5f90126f7f9d2ae38a60c1cdqqvXGc4002', 'https://kol-fans.fp.ps.netease.com/file/5f90126f143cfaca5372d7a2jJkHJxKR02']",2020-10-21 10:50:24
每一帧都是壁纸,,游戏截图,14767****05,['https://kol-fans.fp.ps.netease.com/file/5f8f0104143cfa51a5c994d9j73bdHee02'],2020-10-20 15:23:49
蟹生圆满了吧,,游戏截图,白叔,"['https://kol-fans.fp.ps.netease.com/file/5f8ebbc48b74275205faa123DTayfgJp02', 'https://kol-fans.fp.ps.netease.com/file/5f8ebbc496dee4fffb00e102kruCQYmL02', 'https://kol-fans.fp.ps.netease.com/file/5f8ebbc46f0494b610c2a938NxXMVXNS02']",2020-10-20 10:28:20
依偎,,游戏截图,白叔,['https://kol-fans.fp.ps.netease.com/file/5f8eb735143cfa8887c262fbOsPEM0w202'],2020-10-20 10:08:53
白色富士山,,游戏截图,芥末酒心糖,['https://kol-fans.fp.ps.netease.com/file/5f8eb4007f9d2ad15f4ba7874xX7Uw1E02'],2020-10-20 09:55:13
温暖的灵魂终会相遇👋🏻✨,,游戏截图,17636****25,"['https://kol-fans.fp.ps.netease.com/file/5f8e65e296dee4c2524f491c83Tu8Bt302', 'https://kol-fans.fp.ps.netease.com/file/5f8e65e22786fdb374647b1fF3kl3wKw02', 'https://kol-fans.fp.ps.netease.com/file/5f8e65e37f9d2ae16c73ee76df3LToWK02', 'https://kol-fans.fp.ps.netease.com/file/5f8e65e36f04945e6c913843FxTRyYhX02']",2020-10-20 04:21:56
与你的美好时光@随便,,游戏截图,18328****21,"['https://kol-fans.fp.ps.netease.com/file/5f8db22e96dee496b0fcf837r9iNIIbJ02', 'https://kol-fans.fp.ps.netease.com/file/5f8db2315e6027fd2840d232OxKvNEir02', 'https://kol-fans.fp.ps.netease.com/file/5f8db23296dee4d76e32708ahRAoiCdN02']",2020-10-19 15:35:15
带着光遇见你,,游戏截图,13069****86,"['https://kol-fans.fp.ps.netease.com/file/5f8da1fd5e60276f4dc963d5k21hNWXG02', 'https://kol-fans.fp.ps.netease.com/file/5f8da1fd2786fd1984b0ed44q1dCkjN802', 'https://kol-fans.fp.ps.netease.com/file/5f8da1fd7f9d2aa6d2581dbfEgqOekF702', 'https://kol-fans.fp.ps.netease.com/file/5f8da1fe96dee42d4178e02djEisTtN102']",2020-10-19 14:26:07
距离复刻还有三天,,游戏截图,八角,['https://kol-fans.fp.ps.netease.com/file/5f8d84c56f0494b1d8fc2e94UidBL0V102'],2020-10-19 12:21:26
黯之极  遇见光,,游戏截图,大大怪,"['https://kol-fans.fp.ps.netease.com/file/5f8d75108b7427f649789b47KFDyjCYu02', 'https://kol-fans.fp.ps.netease.com/file/5f8d75106f0494ec4340b901uciGDmoR02']",2020-10-19 11:14:25
云野男团,,游戏截图,t****991,['https://kol-fans.fp.ps.netease.com/file/5f8c3a6896dee4c52a5680abZhGYqARg02'],2020-10-18 12:51:52
三人行,,游戏截图,ｓａｙ,['https://kol-fans.fp.ps.netease.com/file/5f8c34a52786fdb7d745091c5GZuz7jx02'],2020-10-18 12:27:18
星河·新生,,ｓａｙ,ｓａｙ,"['https://kol-fans.fp.ps.netease.com/file/5f8c33b45e60277af4955663TPfIzI1d02', 'https://kol-fans.fp.ps.netease.com/file/5f8c33b42786fda302a6960b3aVGcylQ02', 'https://kol-fans.fp.ps.netease.com/file/5f8c33b56f04940a18186660tmOORQYt02', 'https://kol-fans.fp.ps.netease.com/file/5f8c33b72786fdb9b2c60f2cYb753xTy02']",2020-10-18 12:23:24
特产龙虾堡现已加入光之后裔豪华套餐,,游戏截图,八角,"['https://kol-fans.fp.ps.netease.com/file/5f8ba2ad6f04942f3882f9370Slfl70602', 'https://kol-fans.fp.ps.netease.com/file/5f8ba2ad143cfa1672f58f7fiFmwuURY02']",2020-10-18 02:04:30
先祖下跪,,游戏截图,八角,"['https://kol-fans.fp.ps.netease.com/file/5f8ba0ec96dee45c9480d70a0BXBUJCE02', 'https://kol-fans.fp.ps.netease.com/file/5f8ba0ec6f0494e2eef5564eQumvBvsj02', 'https://kol-fans.fp.ps.netease.com/file/5f8ba0ec143cfae797c59047KuBBNjDC02', 'https://kol-fans.fp.ps.netease.com/file/5f8ba0ec7f9d2a906dcf5f0ebTiBbaSd02']",2020-10-18 01:57:01
云野椅子大会,,游戏截图,八角,"['https://kol-fans.fp.ps.netease.com/file/5f8b9f886f0494e2eef55519LDdzrqm402', 'https://kol-fans.fp.ps.netease.com/file/5f8b9f88143cfae970125b68cOSlsm6k02', 'https://kol-fans.fp.ps.netease.com/file/5f8b9f8896dee45c9480d454cM9idOaQ02', 'https://kol-fans.fp.ps.netease.com/file/5f8b9f89143cfae970125b6ajMHOABtG02']",2020-10-18 01:51:05
复刻要来了，你们的肝还好吗,,游戏截图,八角,['https://kol-fans.fp.ps.netease.com/file/5f8b9edc143cfa2dd3457c85r9cE6Koy02'],2020-10-18 01:48:13
ʚ♥︎ɞ ๑๑| 细碎的片段| 明朗的心情 🎐,,游戏截图,z****31077,"['https://kol-fans.fp.ps.netease.com/file/5f8b1032143cfafc80d7798aTbvKV90a02', 'https://kol-fans.fp.ps.netease.com/file/5f8b10332786fd356b46d284BGCmKvWh02', 'https://kol-fans.fp.ps.netease.com/file/5f8b10348b7427292097ff0dQYDh3e2s02', 'https://kol-fans.fp.ps.netease.com/file/5f8b10378b74272d254dfe59BlB4UUXy02']",2020-10-17 15:39:36
在经历一切之后，便会遇到最美的风景,,游戏截图,空城不空,"['https://kol-fans.fp.ps.netease.com/file/5f8af2ce2786fd86f60b527bp5Mulg2402', 'https://kol-fans.fp.ps.netease.com/file/5f8af2cf6f0494b4e7564d05eCyQkDbx02', 'https://kol-fans.fp.ps.netease.com/file/5f8af2cf2786fd8f9eef5c5bJrK3iBUo02']",2020-10-17 13:34:07
不要一个人淋雨.,,游戏截图,13720****91,['https://kol-fans.fp.ps.netease.com/file/5f8ad8b196dee407a3cc85d1EqQR21h002'],2020-10-17 11:42:44
去城堡，和你一起,,游戏截图,13008****85,"['https://kol-fans.fp.ps.netease.com/file/5f8ad3876f0494d0b8d6616dlWoYFvh702', 'https://kol-fans.fp.ps.netease.com/file/5f8ad3876f0494d2b675be22YaxE8Mkh02', 'https://kol-fans.fp.ps.netease.com/file/5f8ad388143cfa4c06b099627wpKz79y02']",2020-10-17 11:20:40
暖色的禁阁(千俞),,视频,manon,['https://kol-fans.fp.ps.netease.com/file/5f8aa5912786fde2ab5e953cbfOJqagP02'],2020-10-17 08:04:34
乘着圣岛鳐鲲(小号+犀牛酱),,游戏截图,manon,"['https://kol-fans.fp.ps.netease.com/file/5f8aa4cd2786fdd70dfc0adaWIxiUioZ02', 'https://kol-fans.fp.ps.netease.com/file/5f8aa4cd6f049411fdf7d3ddQKpV8BBg02']",2020-10-17 08:01:18
好多飞鸟泡泡(我和小号),,游戏截图,manon,"['https://kol-fans.fp.ps.netease.com/file/5f8aa47a96dee4637405d098j2F9q3Ct02', 'https://kol-fans.fp.ps.netease.com/file/5f8aa47a96dee4648a6047f1dGBdVtpr02', 'https://kol-fans.fp.ps.netease.com/file/5f8aa47b5e6027ea50c2af3fjfTqcfp702']",2020-10-17 07:59:55
论你的朋友在卡无翼的时候，你应该干嘛的时候,,视频,零度,['https://kol-fans.fp.ps.netease.com/file/5f8a50d996dee4f00b64cd74eU112B9G02'],2020-10-17 02:03:06
卡卡窝,,游戏截图,零度,"['https://kol-fans.fp.ps.netease.com/file/5f8a509696dee4e95a903aedPWsoqG4d02', 'https://kol-fans.fp.ps.netease.com/file/5f8a509796dee4e95a903aeeuAjQtgPB02', 'https://kol-fans.fp.ps.netease.com/file/5f8a50977f9d2aa3ac81c2ebyAsZ9Ajx02']",2020-10-17 02:01:59
旅途,,游戏截图,贫道法号-符华上仙,['https://kol-fans.fp.ps.netease.com/file/5f89ef772786fd380d88cf32qIfXaAtg02'],2020-10-16 19:07:35
圣岛完结,,游戏截图,贫道法号-符华上仙,['https://kol-fans.fp.ps.netease.com/file/5f89ef278b7427fcbbb9aae8OBhcYB1t02'],2020-10-16 19:06:16
和憨憨一起毕业的第一个图,,游戏截图,15599****12,"['https://kol-fans.fp.ps.netease.com/file/5f89c77f96dee49358b4df46Gsk8dFKa02', 'https://kol-fans.fp.ps.netease.com/file/5f89c77f8b742793d96b9871mYYdKDD502', 'https://kol-fans.fp.ps.netease.com/file/5f89c77f5e6027b7d73fedd1NeaT9oCA02', 'https://kol-fans.fp.ps.netease.com/file/5f89c7807f9d2a2f68083e45BH7q1Syj02']",2020-10-16 16:17:05
🧚🏻‍♀️一些虚度光阴的小证据🧚🏻‍♀️,,游戏截图,z****31077,"['https://kol-fans.fp.ps.netease.com/file/5f89afb8143cfa7f633df8fbW1x7wxdb02', 'https://kol-fans.fp.ps.netease.com/file/5f89afb97f9d2aa878b6e6d3IEhJsWtk02', 'https://kol-fans.fp.ps.netease.com/file/5f89afb92786fdf7d6a8e79cWjfjYm6G02', 'https://kol-fans.fp.ps.netease.com/file/5f89afb996dee4c8a7164d271wuRVqNr02']",2020-10-16 14:35:38
勇往直前，冲啊(ง •̀_•́)ง,,游戏截图,18020****30,['https://kol-fans.fp.ps.netease.com/file/5f89a2d55e6027dd5842a2ae9m96k5hm02'],2020-10-16 13:40:38
抱先祖大腿,,游戏截图,18020****30,['https://kol-fans.fp.ps.netease.com/file/5f89a21b2786fdc172b4ad6dRXgz9Crp02'],2020-10-16 13:37:32
夕阳下的时光,,游戏截图,18519****16,"['https://kol-fans.fp.ps.netease.com/file/5f8918838b7427d17ba3ad83ud9bN4OV02', 'https://kol-fans.fp.ps.netease.com/file/5f8918846f0494d163a045a40yzlzh2H02']",2020-10-16 03:50:28
和憨憨猪头🐷的日常,,游戏截图,15574****01,"['https://kol-fans.fp.ps.netease.com/file/5f8875f596dee486dd5c9c14AoOBT5c002', 'https://kol-fans.fp.ps.netease.com/file/5f8875f57f9d2a64ee3e2407hVCmRYO402', 'https://kol-fans.fp.ps.netease.com/file/5f8875f596dee486dd5c9c16zQ169Bbr02', 'https://kol-fans.fp.ps.netease.com/file/5f8875f56f0494bde84a7d0cgDzicKhH02']",2020-10-15 16:16:53
林深时见鹿。海蓝时见鲸，梦醒时见你,,游戏截图,13038****13,"['https://kol-fans.fp.ps.netease.com/file/5f8870e1143cfac08102117c5gLa9NOA02', 'https://kol-fans.fp.ps.netease.com/file/5f8870e1143cfa76f0fede53Evax30rO02', 'https://kol-fans.fp.ps.netease.com/file/5f8870e2143cfab629e0fdc7VEN919cA02']",2020-10-15 15:55:14
巨木之上,,游戏截图,m****r52,"['https://kol-fans.fp.ps.netease.com/file/5f8799cc6f049441e2dd36d55Ljfq3qZ02', 'https://kol-fans.fp.ps.netease.com/file/5f8799cd6f04945c08670813E2hWRu3M02', 'https://kol-fans.fp.ps.netease.com/file/5f8799ce6f049459f29f0f16QV4Rw7oP02', 'https://kol-fans.fp.ps.netease.com/file/5f8799d096dee4618c7a1111LPhE89Fx02']",2020-10-15 00:37:36
我们,,游戏截图,m****r52,['https://kol-fans.fp.ps.netease.com/file/5f87997596dee49bae373d8dv5YwC4DS02'],2020-10-15 00:36:05
相伴,,游戏截图,m****r52,['https://kol-fans.fp.ps.netease.com/file/5f8798cd143cfa9389bb6815Ds4bK4kv02'],2020-10-15 00:33:18
流船,,游戏截图,m****r52,"['https://kol-fans.fp.ps.netease.com/file/5f87986c5e602768ebd2cadfWJQOdRSN02', 'https://kol-fans.fp.ps.netease.com/file/5f87986e6f04945a6400d610LHVEHOGo02']",2020-10-15 00:31:43
誓,,游戏截图,m****r52,['https://kol-fans.fp.ps.netease.com/file/5f87980d8b7427f14b64292eDFCw5aHo02'],2020-10-15 00:30:06
对你的祈祷,,游戏截图,m****r52,['https://kol-fans.fp.ps.netease.com/file/5f87975b143cfaaf2faf170eSsYIYP2i02'],2020-10-15 00:27:08
我与你的对话,,游戏截图,m****r52,['https://kol-fans.fp.ps.netease.com/file/5f8797095e602766f808e5a0s9EALv2S02'],2020-10-15 00:25:46
霞,,游戏截图,m****r52,['https://kol-fans.fp.ps.netease.com/file/5f8796b72786fd2479e38311KrpLgm4Z02'],2020-10-15 00:24:24
霞谷,,同人绘,音音-作品可转载，禁止商用,['https://kol-fans.fp.ps.netease.com/file/5f86b7ac2786fd56d429872fmNLM1y6D02'],2020-10-14 08:32:44
﻿带娃日常,,游戏截图,18269****31,['https://kol-fans.fp.ps.netease.com/file/5f8699e27f9d2a4059d099eaQGi4MwcZ02'],2020-10-14 06:25:39
光遇旅游团旅游照,,游戏截图,18984****61,"['https://kol-fans.fp.ps.netease.com/file/5f85ad5696dee4dc1488ed5cPO8gKIhi02', 'https://kol-fans.fp.ps.netease.com/file/5f85ad567f9d2a4f0d5c1bb7iJkBOZoC02', 'https://kol-fans.fp.ps.netease.com/file/5f85ad568b7427cefda416fc8VR4uIW502', 'https://kol-fans.fp.ps.netease.com/file/5f85ad57143cfa3c3ca668270J5gOhbY02']",2020-10-13 13:36:24
每天早上的太阳时光,,游戏截图,18984****61,"['https://kol-fans.fp.ps.netease.com/file/5f85acc6143cfa3c3ca6674cpP5z3X2Y02', 'https://kol-fans.fp.ps.netease.com/file/5f85acc75e6027b4eb17bde0lVfDWZoJ02']",2020-10-13 13:33:59
相遇相识，相见恨晚，相散,,游戏截图,17777****93,"['https://kol-fans.fp.ps.netease.com/file/5f85921e6f04941739de58fa8awPwNHK02', 'https://kol-fans.fp.ps.netease.com/file/5f85921f96dee480b92896082CKeWlg102', 'https://kol-fans.fp.ps.netease.com/file/5f85921f8b742714b5e272faADX72EMD02', 'https://kol-fans.fp.ps.netease.com/file/5f85921f143cfa424d4fb60cRuUlvsXU02']",2020-10-13 11:40:16
谢谢小陈做了一个美好的世界多亏光遇我遇见了我的固玩固固，希望我能在这个游戏里面留下更多美好的照片，放在这里，也放在自己的心里。,,游戏截图,a****3774,"['https://kol-fans.fp.ps.netease.com/file/5f85509b5e602799304ad4e1dtQN8zrY02', 'https://kol-fans.fp.ps.netease.com/file/5f85509b6f04947db18d6697jVSUPgup02', 'https://kol-fans.fp.ps.netease.com/file/5f85509b8b74275c413f87e8ZHgU9ukx02', 'https://kol-fans.fp.ps.netease.com/file/5f85509c2786fd2cbd399e78yF9TRmbt02']",2020-10-13 07:00:44
欢迎大家参加老骨头聚会,,游戏截图,17557****40,"['https://kol-fans.fp.ps.netease.com/file/5f8512f096dee46c12c289a7NrhymH8b02', 'https://kol-fans.fp.ps.netease.com/file/5f8512f0143cfa33ed0f76d26I3Y1zwv02']",2020-10-13 02:37:36
来个变装吧,,视频,零度,['https://kol-fans.fp.ps.netease.com/file/5f83c3ba8b742783b5317b7aufdDfTUf02'],2020-10-12 02:47:22
去度假么，我的公主殿下~,,游戏截图,零度,['https://kol-fans.fp.ps.netease.com/file/5f83c20e96dee47900fdf476T08dzGEf02'],2020-10-12 02:40:14
躲在斗篷下安静听琴,,游戏截图,零度,['https://kol-fans.fp.ps.netease.com/file/5f83c1f45e60271f63a784cfhJoR11Yw02'],2020-10-12 02:39:48
骨桑 卡卡 雨妈 及小不点,,游戏截图,零度,['https://kol-fans.fp.ps.netease.com/file/5f83c1c9143cfada9d7873129akXEk3B02'],2020-10-12 02:39:05
偷偷嘬一小口,,游戏截图,零度,['https://kol-fans.fp.ps.netease.com/file/5f83c1ad143cfa6506ddf5cbD5kGvTHs02'],2020-10-12 02:38:37
骨桑大型自拍现场,,游戏截图,零度,"['https://kol-fans.fp.ps.netease.com/file/5f83c18e6f049494876caf252AhSqv8N02', 'https://kol-fans.fp.ps.netease.com/file/5f83c18e6f049476b9866dfcaAiCakWg02', 'https://kol-fans.fp.ps.netease.com/file/5f83c18e96dee49dd8fff27ezJwRYUKj02']",2020-10-12 02:38:06
幻想,,同人绘,13671****29,['https://kol-fans.fp.ps.netease.com/file/5f82e7ab2786fdabed3a2521dxcoLi2Y02'],2020-10-11 11:08:27
沉默的一天,,同人绘,音音-作品可转载，禁止商用,['https://kol-fans.fp.ps.netease.com/file/5f82d8ae5e6027efc43ca1aeIuUAzzRb02'],2020-10-11 10:04:31
脑洞,,同人绘,15017****39,['https://kol-fans.fp.ps.netease.com/file/5f82d1d296dee438b2e1f31fkqmccOxX02'],2020-10-11 09:35:14
梦里梦到的脑洞,,同人绘,15017****39,['https://kol-fans.fp.ps.netease.com/file/5f82c20a8b742747fe21213chP03cDFI02'],2020-10-11 08:27:54
马壮实和牛壮实(犀牛酱),,游戏截图,manon,"['https://kol-fans.fp.ps.netease.com/file/5f82a4546f04946c548efe565ER1yJVV02', 'https://kol-fans.fp.ps.netease.com/file/5f82a4546f0494b91ccc00f5NRtqgHFX02', 'https://kol-fans.fp.ps.netease.com/file/5f82a454143cfafdd261ca82HbNSGASk02']",2020-10-11 06:21:08
这个大罐子是什么:D,,游戏截图,:D,['https://kol-fans.fp.ps.netease.com/file/5f8277cd8b74277ec036b8a84HokF5Ys02'],2020-10-11 03:11:09
猜猜我国庆去哪玩了:D,,游戏截图,:D,"['https://kol-fans.fp.ps.netease.com/file/5f82778e96dee4aea967cfdf4l0BdlLf02', 'https://kol-fans.fp.ps.netease.com/file/5f82778e6f0494cdedc5d274B3d5QHci02', 'https://kol-fans.fp.ps.netease.com/file/5f82778e96dee462c0716054dutizP4602', 'https://kol-fans.fp.ps.netease.com/file/5f82778e96dee462c0716055TtKD1SOS02']",2020-10-11 03:10:07
我的王子殿下，臣来迟了,,同人绘,15310****17,['https://kol-fans.fp.ps.netease.com/file/5f8171ec8b7427df995330a5zOfxDC4V02'],2020-10-10 08:33:48
寻找,,同人绘,15310****17,['https://kol-fans.fp.ps.netease.com/file/5f81510a6f04944bf39130daSLaTVkpt02'],2020-10-10 06:13:31
肯德基真是个没有的好地方（2）,,同人绘,苏书,"['https://kol-fans.fp.ps.netease.com/file/5f8121dc5e6027380ab9e39buTtqL02x02', 'https://kol-fans.fp.ps.netease.com/file/5f8121dc7f9d2a1eda195129udxayiOk02', 'https://kol-fans.fp.ps.netease.com/file/5f8121dc143cfa8a63c232396BAZ2fTd02', 'https://kol-fans.fp.ps.netease.com/file/5f8121dc5e6027380ab9e39dUf8rbL7Z02']",2020-10-10 02:52:13
肯德基真是一个摸鱼的好地方（1）,,同人绘,苏书,"['https://kol-fans.fp.ps.netease.com/file/5f8121ac143cfa9267fe1311O5K3Dd2p02', 'https://kol-fans.fp.ps.netease.com/file/5f8121ac8b742797e14b28f4MQYBSHOO02', 'https://kol-fans.fp.ps.netease.com/file/5f8121ac96dee4efb3dd74d9S3ltgf0202', 'https://kol-fans.fp.ps.netease.com/file/5f8121ac96dee4e545d77606DBHxtxAB02']",2020-10-10 02:51:26
突然发现了好地方,,同人绘,苏书,"['https://kol-fans.fp.ps.netease.com/file/5f81212196dee4ec736d4b8fip0D8ZiL02', 'https://kol-fans.fp.ps.netease.com/file/5f8121212786fdbd54266db0LdeM9tix02', 'https://kol-fans.fp.ps.netease.com/file/5f81212196dee4efb3dd732fEzETJHpO02', 'https://kol-fans.fp.ps.netease.com/file/5f8121217f9d2ab42e9869e08mmIuwlm02']",2020-10-10 02:49:05
今天也是沉迷龙骨的一天,,同人绘,苏书,['https://kol-fans.fp.ps.netease.com/file/5f812101143cfa07b1a549baQ7slAsGX02'],2020-10-10 02:48:33
被捡到的萌新也长大了哦,,我们,15527****25,"['https://kol-fans.fp.ps.netease.com/file/5f8055746f04943256402bea1w83Eeji02', 'https://kol-fans.fp.ps.netease.com/file/5f805578143cfac890fdbf16NO0WwiDU02', 'https://kol-fans.fp.ps.netease.com/file/5f80557b7f9d2a586bacb4e1tWeODoOs02', 'https://kol-fans.fp.ps.netease.com/file/5f80558096dee43926f64737X2MfXGEI02']",2020-10-09 12:20:37
和絘絘在一起的日常,,游戏截图,13736****96,"['https://kol-fans.fp.ps.netease.com/file/5f80532696dee438504bf505wIlmmJay02', 'https://kol-fans.fp.ps.netease.com/file/5f8053267f9d2a8cc6d8067aDw1yTWaq02', 'https://kol-fans.fp.ps.netease.com/file/5f805326143cfae7feaa9085WCXRbOPg02']",2020-10-09 12:10:15
和自家宝贝,,游戏截图,白,"['https://kol-fans.fp.ps.netease.com/file/5f803dc896dee4794ea98d83JwkXOyAf02', 'https://kol-fans.fp.ps.netease.com/file/5f803dc88b742744fa4372a0sSLrgKLp02', 'https://kol-fans.fp.ps.netease.com/file/5f803dc9143cfa0c7d8e5473ZcaeKXxQ02', 'https://kol-fans.fp.ps.netease.com/file/5f803dc9143cfae8dd3c8a3bzPCdmKyg02']",2020-10-09 10:39:06
伊甸之上,,游戏截图,19829****13,"['https://kol-fans.fp.ps.netease.com/file/5f801cbc5e6027fcedbceefeKfLv6DZ302', 'https://kol-fans.fp.ps.netease.com/file/5f801cbc8b7427bc52fd88d3vA0JC40B02', 'https://kol-fans.fp.ps.netease.com/file/5f801cbc143cfa56226e7abf58QOH4kt02']",2020-10-09 08:18:05
遇到超可爱的小奶龙怎么破？,,同人绘,楠木木是个Der呀,['https://kol-fans.fp.ps.netease.com/file/5f80162b6f0494da7071d2beV9Eo70I902'],2020-10-09 07:50:04
新的斗篷~,,同人绘,音音-作品可转载，禁止商用,['https://kol-fans.fp.ps.netease.com/file/5f8002bd6f0494ff41a31c07Pd9YI7lA02'],2020-10-09 06:27:10
猛0的思考,,同人绘,音音-作品可转载，禁止商用,['https://kol-fans.fp.ps.netease.com/file/5f80029d5e60272b1f7caa32JUip9iJd02'],2020-10-09 06:26:37
额 打鼓。。,,同人绘,音音-作品可转载，禁止商用,['https://kol-fans.fp.ps.netease.com/file/5f8002342786fd449d735acdY4Z8GTNp02'],2020-10-09 06:24:53
呦吼,,记录,狐狸小付,"['https://kol-fans.fp.ps.netease.com/file/5f7406497f9d2a3d43fa6f5345l0xCFT02', 'https://kol-fans.fp.ps.netease.com/file/5f740649143cfa09b567cafdRzO6QBTu02', 'https://kol-fans.fp.ps.netease.com/file/5f74064a96dee42211eb493b64BD1tEf02', 'https://kol-fans.fp.ps.netease.com/file/5f74064a96dee45f675c6934ZDw1G8UY02']",2020-09-30 04:15:08
当游戏遇上古风--光·遇✖妄绘世间相,,视频,四方为则lyw,['https://kol-fans.fp.ps.netease.com/file/5f73e7f52786fd41411ac9d5IaXU5QgR02'],2020-09-30 02:05:49
是夜,,游戏截图,惜明,"['https://kol-fans.fp.ps.netease.com/file/5f73847f96dee49aae3eb2921MbhZpHo02', 'https://kol-fans.fp.ps.netease.com/file/5f7384802786fd4883c261dfs3zNMcrm02', 'https://kol-fans.fp.ps.netease.com/file/5f7384806f0494edfbbb5238epdQTMDx02', 'https://kol-fans.fp.ps.netease.com/file/5f73848096dee4b5a6c4ef35aCNzlHwm02']",2020-09-29 19:01:22
相遇也是份礼物,,游戏截图,南瓜,"['https://kol-fans.fp.ps.netease.com/file/5f7365477f9d2a315aaa621a23Z0YEVv02', 'https://kol-fans.fp.ps.netease.com/file/5f73654796dee4d7b2a6fed0kwB0YiWb02', 'https://kol-fans.fp.ps.netease.com/file/5f7365477f9d2a315aaa621bxFiyqUxy02', 'https://kol-fans.fp.ps.netease.com/file/5f7365487f9d2a3c973cab468Ty2Vh5o02']",2020-09-29 16:48:08
emmmm,,同人绘,17631****62,"['https://kol-fans.fp.ps.netease.com/file/5f7349e96f0494a12e3085caVKN0ZakN02', 'https://kol-fans.fp.ps.netease.com/file/5f7349e97f9d2aa45f25cf7432MoOoJl02', 'https://kol-fans.fp.ps.netease.com/file/5f7349e98b742783a8a06be6UORIZhkM02']",2020-09-29 14:51:21
遇上一个可以为你丢下正在一起聊天的白鸟帅哥的大宝贝！,,游戏截图,诃息,"['https://kol-fans.fp.ps.netease.com/file/5f7316c05e6027ca18eb70cfzgVi9Cty02', 'https://kol-fans.fp.ps.netease.com/file/5f7316c27f9d2a4e362471a2159pb8rc02', 'https://kol-fans.fp.ps.netease.com/file/5f7316c76f0494497a108910WujUpx4w02', 'https://kol-fans.fp.ps.netease.com/file/5f7316cd6f0494497a10891c8wJvsdmz02']",2020-09-29 11:13:18
温暖的灵魂终将相遇,,游戏截图,15992****10,['https://kol-fans.fp.ps.netease.com/file/5f7236388b74270f21bae163iTmd2DiC02'],2020-09-28 19:15:05
我遇到更好的了(´▽｀),,游戏截图,13760****52,"['https://kol-fans.fp.ps.netease.com/file/5f71dfd35e602735bbfff3bc98kFzZZN02', 'https://kol-fans.fp.ps.netease.com/file/5f71dfd36f0494da78dcdda1y3CAqY2j02', 'https://kol-fans.fp.ps.netease.com/file/5f71dfd47f9d2aa7f3f91e53oZ02zFfJ02']",2020-09-28 13:06:28
我觉得你们需要这个 ,,游戏截图,惜明,['https://kol-fans.fp.ps.netease.com/file/5f71af715e602788a11c1c35AvTLbO5t02'],2020-09-28 09:40:02
看到帅哥了♥,,游戏截图,惜明,"['https://kol-fans.fp.ps.netease.com/file/5f71af4696dee4da8762fdc1sjbx4iVY02', 'https://kol-fans.fp.ps.netease.com/file/5f71af46143cfa55ff25adf9djJPKglv02', 'https://kol-fans.fp.ps.netease.com/file/5f71af465e602778f21abdf7sJt0WKpy02']",2020-09-28 09:39:19
鸡腿裤配花衣,,摄影,我是真的牛批,['https://kol-fans.fp.ps.netease.com/file/5f71862896dee4cc626b032dTr6AuVhO02'],2020-09-28 06:43:53
圣岛红蓝双之子,,游戏截图,南瓜,['https://kol-fans.fp.ps.netease.com/file/5f7143a68b742750d04a7c40am2SAOJd02'],2020-09-28 02:00:07
先祖下跪🌚🌚🌚,,游戏截图,15516****80,"['https://kol-fans.fp.ps.netease.com/file/5f70d84b143cfa7c5324b6c3HKj6uoyD02', 'https://kol-fans.fp.ps.netease.com/file/5f70d84c8b7427799cfcf41aseSjNqTb02', 'https://kol-fans.fp.ps.netease.com/file/5f70d84c7f9d2a603bd80e33Zoz1B5PS02']",2020-09-27 18:22:05
白鸟,,同人绘,音音-作品可转载，禁止商用,['https://kol-fans.fp.ps.netease.com/file/5f70b5042786fd3aea50b6fa7dC77xfk02'],2020-09-27 15:51:33
雨林神秘打卡,,游戏截图,陆生,"['https://kol-fans.fp.ps.netease.com/file/5f702030143cfabadb4ee122MNfufete02', 'https://kol-fans.fp.ps.netease.com/file/5f70203396dee44588ac2d52dfUEv6hZ02']",2020-09-27 05:16:36
禁阁俩小可爱h h h h h,,游戏截图,陆生,['https://kol-fans.fp.ps.netease.com/file/5f701ff28b7427fd78ecf992yXI87zVE02'],2020-09-27 05:15:31
神秘霞谷,,游戏截图,陆生,"['https://kol-fans.fp.ps.netease.com/file/5f701fc496dee44588ac2cf5U0L1PePr02', 'https://kol-fans.fp.ps.netease.com/file/5f701fc4143cfab1c32fd9adR778aZo002']",2020-09-27 05:14:45
6大长老镇守云野哈哈哈,,游戏截图,阿遥,['https://kol-fans.fp.ps.netease.com/file/5f6fd8cd8b742774528d859byizSkdRH02'],2020-09-27 00:11:57
最喜欢和崽崽在一起啦,,游戏截图,m****6721578_1,['https://kol-fans.fp.ps.netease.com/file/5f6f85f07f9d2aa866a67abdOTrK8uxO02'],2020-09-26 18:18:24
菇菇撩姐妹∠( ᐛ 」∠)＿,,游戏截图,素诺-,"['https://kol-fans.fp.ps.netease.com/file/5f6f76978b7427d1fb17302ePVbY3l0Z02', 'https://kol-fans.fp.ps.netease.com/file/5f6f76975e6027e72a7919a5vqa1Wz7I02']",2020-09-26 17:12:56
？💦,,游戏截图,素诺-,['https://kol-fans.fp.ps.netease.com/file/5f6f76342786fdda5104a20eD4xklTei02'],2020-09-26 17:11:16
猛一和最矮猛新q a q,,游戏截图,小媛,"['https://kol-fans.fp.ps.netease.com/file/5f6f735a8b74278106096957qs3gPu9f02', 'https://kol-fans.fp.ps.netease.com/file/5f6f735e6f049475b67efbf31vYiituK02', 'https://kol-fans.fp.ps.netease.com/file/5f6f736496dee4ac57ce22a0QgMu257h02']",2020-09-26 16:59:17
就光遇见你之迷你壁纸,,游戏截图,解忧の傻小孩,"['https://kol-fans.fp.ps.netease.com/file/5f6f5b0796dee4d4a327a4aduErsgO5s02', 'https://kol-fans.fp.ps.netease.com/file/5f6f5b076f0494f56b788973YKDNWq7D02', 'https://kol-fans.fp.ps.netease.com/file/5f6f5b0896dee4c60e07257atihAHiEg02', 'https://kol-fans.fp.ps.netease.com/file/5f6f5b086f0494131173cd1bwuWMFgV902']",2020-09-26 15:15:21
失色谷下面漂亮的蓝色原来也是受过污染的水啊。,,游戏截图,诃息,"['https://kol-fans.fp.ps.netease.com/file/5f6f248a96dee4f574044866aTyF4KLI02', 'https://kol-fans.fp.ps.netease.com/file/5f6f248a5e602711ae4341321Z3LsQ4M02', 'https://kol-fans.fp.ps.netease.com/file/5f6f248b6f0494998bf662b5AT2cDFiI02', 'https://kol-fans.fp.ps.netease.com/file/5f6f248c143cfabc907565c6vFYYIf4c02']",2020-09-26 11:22:54
不会吧 不会吧 这年头还有人用小蜡烛啊 ,,游戏截图,惜明,"['https://kol-fans.fp.ps.netease.com/file/5f6f0f2096dee47b31662383Ps0GG1Y602', 'https://kol-fans.fp.ps.netease.com/file/5f6f0f2196dee45f2d96c1eb6E2Hk3bv02', 'https://kol-fans.fp.ps.netease.com/file/5f6f0f218b74276a92bdf8c7SCeUgwYr02']",2020-09-26 09:51:30
看！是火之子！,,游戏截图,惜明,"['https://kol-fans.fp.ps.netease.com/file/5f6f0e925e602766a68d4fa3YF09uNaP02', 'https://kol-fans.fp.ps.netease.com/file/5f6f0e925e6027a25ee94a95xEVSo79f02']",2020-09-26 09:49:07
我和“他”（本文根据真实事件改编）,"我和他是在云野遇见的，那时我在和朋友聊天，他突然过来：“一起玩吗？”，我和他点了火，发现是个狮子！就加了好友，那个凳子的主人串线了，他就和他朋友聊了起来，我因为太好奇了，所以就和他解锁了聊天：“没想到你还是个肝帝？”“我才不是呢！只有十一根而已！”“那也比我多啊，我才一根”“哼！”“决定了！以后你就是肝帝斯山脉了！”“？？？”“哈哈哈。。。”
  接着我们就整天一起玩，彼此也特别熟悉，我觉得他的出现就像是我的一道光，特别温暖。然后他主动提出加Q，那时我好激动！但还是只发了个“好”。我们就整天在Q里聊天，一起跑图什么的。直到我拍的手机被没收了，就和他用电脑聊天，聊了差不多有两个星期，他给我发来了自拍，我才发现，他是个女的！！！“我对别人都没有这样做过哦！你可要好好珍惜”“好的！”
  当然她也有难过的时候，他会向我诉说（当然也有点小傲娇）
  后来由于开学原因，我就把他删了，我真的好后悔，明明我们还做了约定，等我19岁就去他的城市找他，可是。。。呜



   本故事根据真实事件改编!望喜欢！！！另外如果你们认识他的话，可以帮我找一下嘛？他叫“阿肆”",同人文,15286****19,[],2020-09-26 07:39:55
﻿嘻嘻偷拍的,,游戏截图,小静子呐,"['https://kol-fans.fp.ps.netease.com/file/5f6ed9b2143cfafb6210a534zU5adoR202', 'https://kol-fans.fp.ps.netease.com/file/5f6ed9b2143cfaf92877dd15jsTiIOM502', 'https://kol-fans.fp.ps.netease.com/file/5f6ed9b2143cfa0096afe530zrN3Zd4S02', 'https://kol-fans.fp.ps.netease.com/file/5f6ed9b296dee4541ed0664eXi23PZdd02']",2020-09-26 06:03:32
最美的风景和最亲近的人去看,,游戏截图,13008****85,"['https://kol-fans.fp.ps.netease.com/file/5f6e118f143cfab493f1d3fbHjeOmKIU02', 'https://kol-fans.fp.ps.netease.com/file/5f6e118f2786fdbcba0d9c246rM5Z2vZ02', 'https://kol-fans.fp.ps.netease.com/file/5f6e118f8b74275882103c6e08lhdbEc02']",2020-09-25 15:49:36
怀念那时候乖乖的你，崽崽。,,游戏截图,诃息,"['https://kol-fans.fp.ps.netease.com/file/5f6dc54f96dee4cccdea3b4eM5iziivj02', 'https://kol-fans.fp.ps.netease.com/file/5f6dc5528b7427f2e41235856HXugLKp02', 'https://kol-fans.fp.ps.netease.com/file/5f6dc55396dee4dcbe9cb617rvqFQpQq02', 'https://kol-fans.fp.ps.netease.com/file/5f6dc5547f9d2a7470b9b657HxW5cqzb02']",2020-09-25 10:24:21
八翼我在看风景，十翼我却在跑图。是不是越成长越孤独,,游戏截图,m****8329232,"['https://kol-fans.fp.ps.netease.com/file/5f6cd55296dee4dc2c6e8ea5a0Q07Ylk02', 'https://kol-fans.fp.ps.netease.com/file/5f6cd5525e60276d034135e8DQiLi8Bq02', 'https://kol-fans.fp.ps.netease.com/file/5f6cd5522786fd0b8e45e548D4o7Vmbh02', 'https://kol-fans.fp.ps.netease.com/file/5f6cd5536f0494c9629fba99oK13eZof02']",2020-09-24 17:20:19
你好啊，温暖的陌生人,,游戏截图,m****8329232,['https://kol-fans.fp.ps.netease.com/file/5f6cd46a8b7427e00ef3c761v9ahREiw02'],2020-09-24 17:16:26
光遇,,视频,j****ciyun0000,['https://kol-fans.fp.ps.netease.com/file/5f6c84fb96dee431c66900c9ZxigZ7dF02'],2020-09-24 11:37:32
希望这不仅是“梦”,,游戏截图,2****64239,"['https://kol-fans.fp.ps.netease.com/file/5f6c3a8496dee4f1565e49c3kLjgPp1v02', 'https://kol-fans.fp.ps.netease.com/file/5f6c3a845e6027f99f859ab4fZEpUYDb02', 'https://kol-fans.fp.ps.netease.com/file/5f6c3a845e602706c6f845a5D4SWHJ8l02']",2020-09-24 06:19:48
圣岛之旅,,游戏截图,15166****85,"['https://kol-fans.fp.ps.netease.com/file/5f6c0a8b5e6027a21abaf1eeNTdJKqZs02', 'https://kol-fans.fp.ps.netease.com/file/5f6c0a8b8b7427e3c51951172immAGkS02', 'https://kol-fans.fp.ps.netease.com/file/5f6c0a8b8b74277a97146659TNmiC52b02']",2020-09-24 02:55:08
一直与你陪伴,,游戏截图,16673****23,['https://kol-fans.fp.ps.netease.com/file/5f6b994d96dee4038058a455ofSeYCBg02'],2020-09-23 18:51:58
养老生活,,游戏截图,13711****54,['https://kol-fans.fp.ps.netease.com/file/5f6b7d1c5e60278d86e2f6bd37UrRhDx02'],2020-09-23 16:51:41
牵手成功！,,游戏截图,13711****54,['https://kol-fans.fp.ps.netease.com/file/5f6b7d0a143cfae419e0fd5bgUzuhxEd02'],2020-09-23 16:51:22
祝你不用颠沛流离，也能遇到陪伴,,游戏截图,13711****54,"['https://kol-fans.fp.ps.netease.com/file/5f6b7cf62786fdc3e65600039fWUCCv402', 'https://kol-fans.fp.ps.netease.com/file/5f6b7cf66f049480c6a8a143Fozwii2I02', 'https://kol-fans.fp.ps.netease.com/file/5f6b7cf65e602782a23ba3feEfJTRWEw02']",2020-09-23 16:51:03
愿这悠长岁月温柔安好,,游戏截图,13711****54,['https://kol-fans.fp.ps.netease.com/file/5f6b7cc75e60278d86e2f536iQUb4Mao02'],2020-09-23 16:50:16
与你相遇,,游戏截图,13711****54,"['https://kol-fans.fp.ps.netease.com/file/5f6b7c637f9d2a9d98a2b2033GgtExG202', 'https://kol-fans.fp.ps.netease.com/file/5f6b7c635e60278d86e2f3a1uO278UT602', 'https://kol-fans.fp.ps.netease.com/file/5f6b7c635e602777a9686c3cvmMoM9dW02', 'https://kol-fans.fp.ps.netease.com/file/5f6b7c648b742796b0da5993Vi9YCZCd02']",2020-09-23 16:48:36
猜猜我在哪,,游戏截图,13711****54,['https://kol-fans.fp.ps.netease.com/file/5f6b7c11143cfae75cc25067yX4ampCI02'],2020-09-23 16:47:13
一个人的旅行,,游戏截图,13711****54,"['https://kol-fans.fp.ps.netease.com/file/5f6b7beb8b7427915863882aidihu8Xh02', 'https://kol-fans.fp.ps.netease.com/file/5f6b7beb5e602777a9686b0cPi7igBSz02', 'https://kol-fans.fp.ps.netease.com/file/5f6b7bec2786fdb5f098088bsBwqFlbf02', 'https://kol-fans.fp.ps.netease.com/file/5f6b7bec143cfa1b77fe9096V0ExQF1V02']",2020-09-23 16:46:37
遇到一个小可爱,,游戏截图,y****562939783,['https://kol-fans.fp.ps.netease.com/file/5f6b306696dee47333576a05pXBb9xEI02'],2020-09-23 11:24:24
要躺躺一串,,游戏截图,零度,['https://kol-fans.fp.ps.netease.com/file/5f6ab9195e60279be64db2efNgz9su6B02'],2020-09-23 02:55:22
爷孙,,游戏截图,零度,['https://kol-fans.fp.ps.netease.com/file/5f6ab8f26f0494b3d2312109ayAG9izQ02'],2020-09-23 02:54:43
大蛾子,,游戏截图,零度,"['https://kol-fans.fp.ps.netease.com/file/5f6ab8e1143cfa2f40d119fe8V8vBS2U02', 'https://kol-fans.fp.ps.netease.com/file/5f6ab8e12786fd6876a5bce0D3Nem6h202', 'https://kol-fans.fp.ps.netease.com/file/5f6ab8e1143cfa3275ffa176O4BX8DJb02', 'https://kol-fans.fp.ps.netease.com/file/5f6ab8e196dee4186aa9e80djxxNoSQf02']",2020-09-23 02:54:25
先祖本祖,,游戏截图,零度,['https://kol-fans.fp.ps.netease.com/file/5f6ab88f2786fd42d73b89eblxVFHf1z02'],2020-09-23 02:53:03
亲子照,,游戏截图,零度,"['https://kol-fans.fp.ps.netease.com/file/5f6ab87e143cfa1ec1811bef5lJWRqUi02', 'https://kol-fans.fp.ps.netease.com/file/5f6ab87e143cfa3275ffa05bVkmg3eNE02']",2020-09-23 02:52:46
帅！,,游戏截图,零度,"['https://kol-fans.fp.ps.netease.com/file/5f6ab8692786fd42d73b8973AC4obugZ02', 'https://kol-fans.fp.ps.netease.com/file/5f6ab86a143cfa3275ffa01fCEfI6yhv02']",2020-09-23 02:52:26
你瞅啥 瞅你咋地,,游戏截图,零度,['https://kol-fans.fp.ps.netease.com/file/5f6ab84b8b74277c8d72d32buoEZ6oi202'],2020-09-23 02:51:55
打卡蜡像馆,,游戏截图,零度,['https://kol-fans.fp.ps.netease.com/file/5f6ab82f8b7427669e6d302aZIdlDMmg02'],2020-09-23 02:51:27
当你的好友剃里光头····,,游戏截图,零度,['https://kol-fans.fp.ps.netease.com/file/5f6ab8195e60275647c229d6qxEoXgFz02'],2020-09-23 02:51:06
你们爱的白鸟,,游戏截图,零度,['https://kol-fans.fp.ps.netease.com/file/5f6ab7e296dee40a3748c6603oIkSLi502'],2020-09-23 02:50:11
只要我够快就没有我追不上的人,,视频,零度,['https://kol-fans.fp.ps.netease.com/file/5f6ab7a45e602773cad2ae0aErdMpv8M02'],2020-09-23 02:49:08
又是瞎扑棱的一天,,视频,零度,['https://kol-fans.fp.ps.netease.com/file/5f6ab7788b742789b93971d9LNaQeTzO02'],2020-09-23 02:48:25
孤狼的寂寞,,视频,零度,['https://kol-fans.fp.ps.netease.com/file/5f6ab76496dee48d4e8212178Xg5YPwd02'],2020-09-23 02:48:05
一个传染两,,视频,零度,['https://kol-fans.fp.ps.netease.com/file/5f6ab7287f9d2a2bc3e2fc8cKuwWMdif02'],2020-09-23 02:47:05
我们,,游戏截图,桃子呀,"['https://kol-fans.fp.ps.netease.com/file/5f6967fc7f9d2a4d204e2f96iU81s9PB02', 'https://kol-fans.fp.ps.netease.com/file/5f6967fd7f9d2a6cdf71aaf2siq3dlcp02', 'https://kol-fans.fp.ps.netease.com/file/5f6967fd6f04949efb63c587R96iH9oo02', 'https://kol-fans.fp.ps.netease.com/file/5f6967fe2786fdeb88d169e4cOdcDlRg02']",2020-09-22 02:57:05
是鞭炮,,游戏截图,18282****18,['https://kol-fans.fp.ps.netease.com/file/5f68b3a16f0494cb655a98a4DwtGGzhg02'],2020-09-21 14:07:29
小黑与小白,,游戏截图,钰子lmy,"['https://kol-fans.fp.ps.netease.com/file/5f6755972786fd328b7be0e7mTZsuIzc02', 'https://kol-fans.fp.ps.netease.com/file/5f67559e8b7427a5162fec0egcTp06oH02', 'https://kol-fans.fp.ps.netease.com/file/5f6755a66f0494ad1caf9b8eBjO9NjZR02']",2020-09-20 13:14:14
“因光而遇 因光而散”【我们相遇在光里  我们相伴在光里  我们告别在光里  我们各自散落在光里】你好  ，再见。遇见即是上上签,,游戏截图,13939****42,"['https://kol-fans.fp.ps.netease.com/file/5f6721a67f9d2a679845e6beCx4jzVmZ02', 'https://kol-fans.fp.ps.netease.com/file/5f6721a68b742785439f694fieQVvwpc02', 'https://kol-fans.fp.ps.netease.com/file/5f6721a62786fd1f3575f9d0IRDFMAtM02', 'https://kol-fans.fp.ps.netease.com/file/5f6721a76f0494baae7fb23cgR87dh8r02']",2020-09-20 09:32:24
不知你是否还记得曾经的那个我们,,游戏截图,小小,"['https://kol-fans.fp.ps.netease.com/file/5f6718675e6027ab6d7d801bFT8c2ACa02', 'https://kol-fans.fp.ps.netease.com/file/5f6718686f04947fe909be83dIhYtZ2d02', 'https://kol-fans.fp.ps.netease.com/file/5f67186996dee4c795c81cc7GFaz7XHc02', 'https://kol-fans.fp.ps.netease.com/file/5f6718692786fdde9c07a062wRYYccuB02']",2020-09-20 08:52:58
老夫的少女心，仍然属于光遇🐶,,同人绘,小小,"['https://kol-fans.fp.ps.netease.com/file/5f6714217f9d2a325eeecd9eNZwLsVaJ02', 'https://kol-fans.fp.ps.netease.com/file/5f6714246f0494738e49a2774XI1IGkR02', 'https://kol-fans.fp.ps.netease.com/file/5f6714276f04946feb1f098fPEgZOY9t02', 'https://kol-fans.fp.ps.netease.com/file/5f6714296f0494b1f835716942e0EHlX02']",2020-09-20 08:34:53
近日南国多秋雨,,同人绘,a****1325900,['https://kol-fans.fp.ps.netease.com/file/5f6702937f9d2acfd8ae6cbfzuIPuChV02'],2020-09-20 07:19:47
孩子干了什么🌚 ,,游戏截图,17377****03,['https://kol-fans.fp.ps.netease.com/file/5f66ff6f8b7427b0719b65956sN7ukgT02'],2020-09-20 07:06:23
纪·曾经,,游戏截图,15817****85,"['https://kol-fans.fp.ps.netease.com/file/5f66ec2a2786fde53e7b9384Krh5PKwO02', 'https://kol-fans.fp.ps.netease.com/file/5f66ec2a143cfa71a5782af1PuJXFlUc02', 'https://kol-fans.fp.ps.netease.com/file/5f66ec2a7f9d2a68f749450bo38xc5VD02', 'https://kol-fans.fp.ps.netease.com/file/5f66ec2b2786fddfa57e23a8k5Ga5sSf02']",2020-09-20 05:44:12
可爱小雨妈,,游戏截图,夕儿,['https://kol-fans.fp.ps.netease.com/file/5f66ebb196dee4df27f5e5453qmYjYza02'],2020-09-20 05:42:10
相伴,,游戏截图,然,"['https://kol-fans.fp.ps.netease.com/file/5f66e3612786fdab09d5a503wh228Jof02', 'https://kol-fans.fp.ps.netease.com/file/5f66e3625e60277d5bf3508eBS7DHBY502', 'https://kol-fans.fp.ps.netease.com/file/5f66e36296dee4b57fd5cbbbfe52pi3702', 'https://kol-fans.fp.ps.netease.com/file/5f66e3635e60279eb77f65b9wSFaetWv02']",2020-09-20 05:06:43
听浅浅弹琴 ,,游戏截图,惜明,['https://kol-fans.fp.ps.netease.com/file/5f66c6792786fd32b87c09222wdjuXPs02'],2020-09-20 03:03:22
我也有属于自己的无翼小可爱啦(*≧▽≦)ﾉｼ)),,游戏截图,落星,"['https://kol-fans.fp.ps.netease.com/file/5f66bf848b74276179447f3ebERJrKNG02', 'https://kol-fans.fp.ps.netease.com/file/5f66bf848b74276179447f3fuTfRpQpv02', 'https://kol-fans.fp.ps.netease.com/file/5f66bf8496dee4acd2d0a484TuzBCuqB02', 'https://kol-fans.fp.ps.netease.com/file/5f66bf845e6027c26e34a1804blvWteD02']",2020-09-20 02:33:41
卡无翼,,游戏截图,落星,"['https://kol-fans.fp.ps.netease.com/file/5f66bf1b8b74276179447e30MpxaMlf002', 'https://kol-fans.fp.ps.netease.com/file/5f66bf1c6f0494b222debdbbKSHNiGhm02']",2020-09-20 02:31:56
躺着飞好舒服:D,,游戏截图,:D,"['https://kol-fans.fp.ps.netease.com/file/5f66b01c96dee41e6ec35d57ZD1LAcho02', 'https://kol-fans.fp.ps.netease.com/file/5f66b01c143cfa5e28e5fdf6AhscUdxT02']",2020-09-20 01:27:57
光之逆子,,感想,Celia,['https://kol-fans.fp.ps.netease.com/file/5f66afb07f9d2a20bd9376dcvQJT0fU202'],2020-09-20 01:26:10
真•烤螃蟹:D,,游戏截图,:D,['https://kol-fans.fp.ps.netease.com/file/5f66af9b5e60276d086fd497Xkdz87M702'],2020-09-20 01:25:47
亲爱的你,,同人绘,落星,"['https://kol-fans.fp.ps.netease.com/file/5f66ae6f8b742700bee5489bOASgblvs02', 'https://kol-fans.fp.ps.netease.com/file/5f66ae6f6f049433727823bewTTI77x402']",2020-09-20 01:20:47
千鸟城夜景图,,同人绘,落星,"['https://kol-fans.fp.ps.netease.com/file/5f66ae497f9d2a14faf5fc65l0VYb5K802', 'https://kol-fans.fp.ps.netease.com/file/5f66ae492786fdc6c1277324Mql5HiOS02', 'https://kol-fans.fp.ps.netease.com/file/5f66ae4a5e60273fd0f49a00G35u9hWt02', 'https://kol-fans.fp.ps.netease.com/file/5f66ae4a143cfa0c68e1ce68BtE108YF02']",2020-09-20 01:20:11
亲爱的监护人落落陪我一次一次卡无翼,,同人绘,落星,['https://kol-fans.fp.ps.netease.com/file/5f66adcd5e60276028de8e08RbrRmHGE02'],2020-09-20 01:18:06
和0翼小可爱维冰去圣岛,,游戏截图,manon,"['https://kol-fans.fp.ps.netease.com/file/5f65915a2786fdcad59aff13i2d0i2MM02', 'https://kol-fans.fp.ps.netease.com/file/5f65915a5e6027a9eb05a3ecFhL87JJD02', 'https://kol-fans.fp.ps.netease.com/file/5f65915a143cfa8d9fb59db0djrD3cJ802', 'https://kol-fans.fp.ps.netease.com/file/5f65915a5e602744675e93c4EcOFIyIL02']",2020-09-19 05:04:27
好开心,,手作,九命猫～鸭,"['https://kol-fans.fp.ps.netease.com/file/5f658a2f143cfa3e3ec7e905GwhRJwdq02', 'https://kol-fans.fp.ps.netease.com/file/5f658a306f0494262ba97ee0sNDX0TmX02']",2020-09-19 04:33:52
我的影子 | 0翼小可爱,,游戏截图,manon,"['https://kol-fans.fp.ps.netease.com/file/5f655d912786fda4218b16fbv1WUiswJ02', 'https://kol-fans.fp.ps.netease.com/file/5f655d9196dee474467b22d0ruTWfjJB02']",2020-09-19 01:23:30
这是什么奇奇怪怪,,游戏截图,惜明,['https://kol-fans.fp.ps.netease.com/file/5f650b4296dee4ef7ee37aecLu9t7H7B02'],2020-09-18 19:32:19
我的帥哥朋朋們❤❤❤,,游戏截图,雨夜,['https://kol-fans.fp.ps.netease.com/file/5f6387c77f9d2ae64a585836olqUq91l02'],2020-09-17 15:59:04
哇,,游戏截图,13142****90,['https://kol-fans.fp.ps.netease.com/file/5f636fa4143cfae52a82cf41cGj5WrEc02'],2020-09-17 14:16:06
仙境神域群岛,,游戏截图,kyosei星星,"['https://kol-fans.fp.ps.netease.com/file/5f62be4a5e60273a2cf20171goVZHyY202', 'https://kol-fans.fp.ps.netease.com/file/5f62be4a143cfa4119422fe2ALGsTtDu02', 'https://kol-fans.fp.ps.netease.com/file/5f62be4a96dee41a0fa6571bveJxj2Tx02']",2020-09-17 01:39:23
跳个舞,,同人绘,音音-作品可转载，禁止商用,['https://kol-fans.fp.ps.netease.com/file/5f62229b6f04940bb0bf0eb8abDIem1F02'],2020-09-16 14:35:07
好康的云，以及好康的光子们,,游戏截图,启子鸽魂,['https://kol-fans.fp.ps.netease.com/file/5f61dd457f9d2af7cd1a853ad48y1ysS02'],2020-09-16 09:39:18
﻿我老婆拍的！！好希望能出现在光遇的幕土和晨岛！！看到的第一眼就是这个感觉！（峡谷也可以！！！）,,游戏截图,13416****36,"['https://kol-fans.fp.ps.netease.com/file/5f60d9208b7427031c5b32df1vwlmLiU02', 'https://kol-fans.fp.ps.netease.com/file/5f60d92096dee492a1133d4bIplNKL3E02', 'https://kol-fans.fp.ps.netease.com/file/5f60d9216f04948d46754ae6L6eVxPtp02', 'https://kol-fans.fp.ps.netease.com/file/5f60d92296dee486279c5a0aTxs9rh3u02']",2020-09-15 15:09:23
自己设计的，斗篷是桃红色，头发是棕色，背上的口琴是蓝色的,,设计,琴师不社恐,"['https://kol-fans.fp.ps.netease.com/file/5f60a5002786fdbf50b0538cSLCpzWTY02', 'https://kol-fans.fp.ps.netease.com/file/5f60a5007f9d2ae75df5a3a0WOv6kksd02']",2020-09-15 11:26:57
摄影师已阵亡,,游戏截图,我是真的牛批,"['https://kol-fans.fp.ps.netease.com/file/5f60556d6f049482742269beTovVsEKb02', 'https://kol-fans.fp.ps.netease.com/file/5f60556d8b7427eeabcf855boSEWMQcx02', 'https://kol-fans.fp.ps.netease.com/file/5f60556d143cfa1b6518c9f0a4iYG2Mi02', 'https://kol-fans.fp.ps.netease.com/file/5f60556e6f049482742269bfTZWeRtr902']",2020-09-15 05:47:26
霞谷是真的好看awa,,游戏截图,空气,['https://kol-fans.fp.ps.netease.com/file/5f604188143cfa19ebae1110EROdS4r002'],2020-09-15 04:22:33
壁咚了小光，诶嘿,,光遇,小嘉呐(๑•̀ㅂ•́)و✧,['https://kol-fans.fp.ps.netease.com/file/5f5f4a48143cfa33f3123495s4W3t66002'],2020-09-14 10:47:36
一家四口,,光遇,小嘉呐(๑•̀ㅂ•́)و✧,['https://kol-fans.fp.ps.netease.com/file/5f5f4a0aa7f2529b76ba06e9ES5I38fH02'],2020-09-14 10:46:34
找到一只卡卡西,,卡卡西,13008****85,"['https://kol-fans.fp.ps.netease.com/file/5f5e50758b74272145c4a80cYRwjjt5C02', 'https://kol-fans.fp.ps.netease.com/file/5f5e50752786fd0dc6d0a29dCIoaQmk402']",2020-09-13 17:01:42
弹琴的漂亮小姐姐,,游戏截图,司瓷,"['https://kol-fans.fp.ps.netease.com/file/5f5de35e96dee4c49db25dce3plkEJg302', 'https://kol-fans.fp.ps.netease.com/file/5f5de35e2786fd9d23cbe17bEDIRyipQ02']",2020-09-13 09:16:15
我的光遇角色,,同人绘,小影砸,['https://kol-fans.fp.ps.netease.com/file/5f5d990f7f9d2a34373898eaO7eh8NVF02'],2020-09-13 03:59:12
相信玄学 ——在跟猛一面前丢几次重塑魔法，你就会变成猛一哦  ,,游戏截图,惜明,"['https://kol-fans.fp.ps.netease.com/file/5f5d916c6f0494f417af80e1f4ssANVc02', 'https://kol-fans.fp.ps.netease.com/file/5f5d916d7f9d2ada1b15d16dBFilSWqd02', 'https://kol-fans.fp.ps.netease.com/file/5f5d916e143cfa1c996ee81eg7upWOV702', 'https://kol-fans.fp.ps.netease.com/file/5f5d916f2786fdb54ac5ea28r228tFy202']",2020-09-13 03:26:40
打卡,,游戏截图,惜明,['https://kol-fans.fp.ps.netease.com/file/5f5d90e78b74276995883809SumXBpD502'],2020-09-13 03:24:24
有趣的灵魂终将相遇,,游戏截图,13698****03,"['https://kol-fans.fp.ps.netease.com/file/5f5d7d976f049458ee50b5b5ilPOFTL502', 'https://kol-fans.fp.ps.netease.com/file/5f5d7d975e60278d34469c30USMuNKeG02', 'https://kol-fans.fp.ps.netease.com/file/5f5d7d978b7427e6749fb5f1r6dJ4llT02']",2020-09-13 02:02:00
跟卡卡合影的一天,,游戏截图,惜明,['https://kol-fans.fp.ps.netease.com/file/5f5d3e2796dee4c7052c962aPrFT0old02'],2020-09-12 21:31:20
很久之后，我成为你,,游戏截图,奶盖,"['https://kol-fans.fp.ps.netease.com/file/5f5cc9bd2786fd406a9fc896wEX4CtZy02', 'https://kol-fans.fp.ps.netease.com/file/5f5cc9bd2786fd5381ac0567PcEXNOtm02']",2020-09-12 13:14:38
雨林，黑暗花上看雨、听雨，舒服,,同人绘,钰子lmy,['https://kol-fans.fp.ps.netease.com/file/5f5cc07f96dee47555104d99s9bg8GUi02'],2020-09-12 12:35:12
又是快乐的一天,,游戏截图,叶梦梦,"['https://kol-fans.fp.ps.netease.com/file/5f5c91778b7427bd48f4c0b4bWGXcXiw02', 'https://kol-fans.fp.ps.netease.com/file/5f5c9177a7f252c2243d6b3ft1KMgw6J02', 'https://kol-fans.fp.ps.netease.com/file/5f5c91787f9d2a3c218778afLdY95ERx02', 'https://kol-fans.fp.ps.netease.com/file/5f5c9178143cfa9c3995f5fceq95Ql4Q02']",2020-09-12 09:14:33
好喜欢的搭配 特别好看 美极啦,,游戏截图,18511****41,"['https://kol-fans.fp.ps.netease.com/file/5f5bb18a143cface9867ebe7ixwI6xoI02', 'https://kol-fans.fp.ps.netease.com/file/5f5bb18b8b74275735422137fWh6TwvY02']",2020-09-11 17:19:07
一幅小画,,同人绘,18114****05,"['https://kol-fans.fp.ps.netease.com/file/5f5b8efc143cfaf8ed6a873eqiib9G4502', 'https://kol-fans.fp.ps.netease.com/file/5f5b8f092786fdf7ac8309d8RRVEeOoX02']",2020-09-11 14:51:55
【光遇】让光照进你的灵魂，让遇见成为温暖的启程。,,游戏截图,s****tnb,"['https://kol-fans.fp.ps.netease.com/file/5f5b67ea7f9d2a2b50b1d852qbX8cNeW02', 'https://kol-fans.fp.ps.netease.com/file/5f5b67ea8b7427af6dad14e1d0h3j8xo02', 'https://kol-fans.fp.ps.netease.com/file/5f5b67eb143cfab9378da843c31bCEq202', 'https://kol-fans.fp.ps.netease.com/file/5f5b67ec2786fdf90a918dads9CUS3au02']",2020-09-11 12:05:01
光遇双子互动,,同人绘,远久童子,['https://kol-fans.fp.ps.netease.com/file/5f5b4ff76f0494aaf9405d6c9MigPiT402'],2020-09-11 10:22:47
猜猜这是哪里|･ω･｀),,游戏截图,18368****19,['https://kol-fans.fp.ps.netease.com/file/5f5a3ae62786fd4d254896afJbigzt4g02'],2020-09-10 14:40:38
死亡视角依旧帅气,,游戏截图,13552****10,['https://kol-fans.fp.ps.netease.com/file/5f5a2209143cfa8074b7272aLvFfpt5O02'],2020-09-10 12:54:37
爱,,游戏截图,13720****58,"['https://kol-fans.fp.ps.netease.com/file/5f59bdba96dee484fc53d7d9jbw5DvYZ02', 'https://kol-fans.fp.ps.netease.com/file/5f59bdbb7f9d2a05340f22e9zSChiIAh02', 'https://kol-fans.fp.ps.netease.com/file/5f59bdbb96dee4fdd401408eXYBIq9jR02', 'https://kol-fans.fp.ps.netease.com/file/5f59bdbb8b742731b9b402f0IJhZj6v602']",2020-09-10 05:46:36
#公主 被卡进禁阁内部,,游戏截图,阿杉的随机工坊,['https://kol-fans.fp.ps.netease.com/file/5f59217b2786fdffb7fb7a9fh0tiB25z02'],2020-09-09 18:39:56
小羊角,,游戏截图,manon,"['https://kol-fans.fp.ps.netease.com/file/5f58e7555e6027620b995eb2oiPjP90M02', 'https://kol-fans.fp.ps.netease.com/file/5f58e756143cfa7e1c674c25360hKgQh02', 'https://kol-fans.fp.ps.netease.com/file/5f58e7566f0494e5ee76771dM6tmtlvF02']",2020-09-09 14:31:50
十翼纪念,,同人绘,音音-作品可转载，禁止商用,['https://kol-fans.fp.ps.netease.com/file/5f5782a3a7f2528067506db5CYz5HlMM02'],2020-09-08 13:09:56
开服的朋友,"我们是在一艘船上认识的，他向我掏的蜡烛，我很喜欢他，可是如今。。。。让我细细道来。
离开船，他领我来到长椅旁，“你是萌新吗”我问，他说我玩过国际服。我说我没玩过。他也很可爱的发了几个表情，我和他一起跑图，他在霞谷花了很多蜡烛和我解锁背背，我很高兴。一起见过第一个复刻，他买了帽子，我什么都不懂，当时只想要矮人（这里只是抱怨为什么没买，和故事无关）我们要了QQ，我上游戏总是第一个找他。每次过去他都在和人聊天，不管是不是陌生人，我有点生气，我过去了你大叫一声表示你看到我也好啊，我很难过，我删了他的QQ，屏蔽了他。他被我屏蔽了很久，我也交了很多朋友（这里多了很多故事线，以后会发）最后忍不住了，把他拉了出来，他没在线。我看到他已经很发达了，我有些羡慕。我对他的感情淡了，因为我也知道。只有我孤狼，他周围有很多朋友，不缺我一个，那天我上线就看到了他没能量了，他的好友追着他想帮他，我直接飞了过去他没掏蜡烛，他被好友点亮了，我自动牵了他的手，我意识到是我多余了，我飞过去已经自动牵了他的手，他什么都没说，把我放下了。。。我默默的来到了星盘，屏蔽了他。我们就像相交线，相交之后，就会错过。。。。",同人文,九儿,[],2020-09-08 11:47:01
白鸟大头∠( ᐛ 」∠)＿,,白鸟,Alef,['https://kol-fans.fp.ps.netease.com/file/5f5761ed8b742768d832b3b0xhQy2JeK02'],2020-09-08 10:50:21
她们在爆炸中拥吻-----十宗罪2,,游戏截图,醚,"['https://kol-fans.fp.ps.netease.com/file/5f5750df96dee44741da5e1904Q0IbLg02', 'https://kol-fans.fp.ps.netease.com/file/5f5750df7f9d2aa619bb303beCUtX91B02']",2020-09-08 09:37:36
你肿么了！,,游戏截图,17790****25,['https://kol-fans.fp.ps.netease.com/file/5f56e69096dee46a960a35c7mEiL2JVU02'],2020-09-08 02:04:01
光遇白鸟cos场照,,Cosplay,17674****35,"['https://kol-fans.fp.ps.netease.com/file/5f56de922786fd879df2ee7fOGTeH6oo02', 'https://kol-fans.fp.ps.netease.com/file/5f56de93143cfa5c7f51db27vBXXgU9t02', 'https://kol-fans.fp.ps.netease.com/file/5f56de948b7427d26b0fc040JNbf1F0G02', 'https://kol-fans.fp.ps.netease.com/file/5f56de94a7f2520a01052b769TlEytkR02']",2020-09-08 01:29:57
雨林有伞真好,,同人绘,音音-作品可转载，禁止商用,['https://kol-fans.fp.ps.netease.com/file/5f564bda96dee4bb77c55f4drmdQsy7d02'],2020-09-07 15:03:54
落霞与孤鹜齐飞，秋水共长天一色,,游戏截图,15678****15,"['https://kol-fans.fp.ps.netease.com/file/5f550a0c96dee4bdc22ea215DvPgGb2x02', 'https://kol-fans.fp.ps.netease.com/file/5f550a0d8b742793f341d7a0pBy4VMgy02']",2020-09-06 16:10:53
献祭,,游戏截图,逐星,['https://kol-fans.fp.ps.netease.com/file/5f54f7e12786fdf52d84cb90zzDURpET02'],2020-09-06 14:53:22
孤独,,游戏截图,逐星,"['https://kol-fans.fp.ps.netease.com/file/5f54f73fa7f252da98e8f9e0pUkc4yVq02', 'https://kol-fans.fp.ps.netease.com/file/5f54f74d7f9d2ae0a9c002ec4vITG7GW02', 'https://kol-fans.fp.ps.netease.com/file/5f54f74d96dee42b430f77e9758f730K02', 'https://kol-fans.fp.ps.netease.com/file/5f54f75396dee437f40b93583aNKXkf002']",2020-09-06 14:51:12
和犀牛酱在圣岛,,游戏截图,manon,"['https://kol-fans.fp.ps.netease.com/file/5f54de4c96dee47372e432a4Y8JIkRD402', 'https://kol-fans.fp.ps.netease.com/file/5f54de4c6f04941c00db1a47bAciNCVZ02', 'https://kol-fans.fp.ps.netease.com/file/5f54de4da7f2525e615e541a0D4CEtWJ02']",2020-09-06 13:04:13
度假之旅2,,游戏截图,mhryeon,"['https://kol-fans.fp.ps.netease.com/file/5f548287a7f252094c372448LNK0JBVq02', 'https://kol-fans.fp.ps.netease.com/file/5f54828896dee4e1738a97faz5msIzsU02', 'https://kol-fans.fp.ps.netease.com/file/5f54828896dee4e33b57efe2ttTeEYiD02', 'https://kol-fans.fp.ps.netease.com/file/5f5482882786fd0130377cc3Z88X4T6202']",2020-09-06 06:32:42
度假之旅1,,游戏截图,mhryeon,"['https://kol-fans.fp.ps.netease.com/file/5f5481fc5e6027100816dd6d3cswO2hA02', 'https://kol-fans.fp.ps.netease.com/file/5f5481fd6f0494eeae4a5d8d0yWQgR3U02', 'https://kol-fans.fp.ps.netease.com/file/5f5481ff6f0494ffad8453d5qOahm8hZ02', 'https://kol-fans.fp.ps.netease.com/file/5f5482006f0494ffad8453d9NkiM7plo02']",2020-09-06 06:30:28
比高高,,游戏截图,13586****88,['https://kol-fans.fp.ps.netease.com/file/5f547b3b6f0494eeae4a568cvRMMIURb02'],2020-09-06 06:01:32
我与小皮的第一次相遇，光遇真的很温暖,,游戏截图,小静子呐,"['https://kol-fans.fp.ps.netease.com/file/5f539cb37f9d2afd791b58de7Ct9cQlr02', 'https://kol-fans.fp.ps.netease.com/file/5f539cb396dee49fe37c63a1M1SobZ5m02', 'https://kol-fans.fp.ps.netease.com/file/5f539cb5a7f252dbcfc91dd0tYFivSjd02', 'https://kol-fans.fp.ps.netease.com/file/5f539cb57f9d2ae998aaf3efgS1QCozT02']",2020-09-05 14:12:12
这个季节的配色有点S气,,同人绘,音音-作品可转载，禁止商用,"['https://kol-fans.fp.ps.netease.com/file/5f5388285e6027d3873515f6KobCiSDL02', 'https://kol-fans.fp.ps.netease.com/file/5f53882896dee4193b1fcf4btZ6qUrGK02']",2020-09-05 12:44:24
国服最A霸总。,,游戏截图,万研,"['https://kol-fans.fp.ps.netease.com/file/5f53498a7f9d2ad70e1cb9cbjevI4FUg02', 'https://kol-fans.fp.ps.netease.com/file/5f53498c143cfa500a861cc2l6XiNhUm02', 'https://kol-fans.fp.ps.netease.com/file/5f53498ea7f252d1a4c77d7dTX0K0oUx02', 'https://kol-fans.fp.ps.netease.com/file/5f53498ea7f252e58afe70b4PTALTGMv02']",2020-09-05 08:17:18
儿孙满堂的幸福,,游戏截图,零度,"['https://kol-fans.fp.ps.netease.com/file/5f5322385e602727e3ab92478Dv3aN5N02', 'https://kol-fans.fp.ps.netease.com/file/5f532239143cfa4c0c55f140yVLL1iEf02', 'https://kol-fans.fp.ps.netease.com/file/5f5322397f9d2a1c3eea2bb7VMsCGZSq02']",2020-09-05 05:29:29
快生了！！！！,,视频,零度,['https://kol-fans.fp.ps.netease.com/file/5f5321966f0494df1b9fa414TE0wNM1802'],2020-09-05 05:26:47
一尊大佛与渺小的人类,,游戏截图,零度,['https://kol-fans.fp.ps.netease.com/file/5f53213f6f0494f53a34245d2aIHaP0L02'],2020-09-05 05:25:20
有点甜,,游戏截图,零度,['https://kol-fans.fp.ps.netease.com/file/5f53211a7f9d2a1b3ab858fdLiZbw93o02'],2020-09-05 05:24:42
绊爱家族,,游戏截图,零度,"['https://kol-fans.fp.ps.netease.com/file/5f5320e65e6027da4d5934a4StKyz3Xa02', 'https://kol-fans.fp.ps.netease.com/file/5f5320e696dee40e14e4df8ffwuyp70602']",2020-09-05 05:23:50
高光时刻,,游戏截图,光之逆子,"['https://kol-fans.fp.ps.netease.com/file/5f52889496dee4444d763bb7iXDKc0CZ02', 'https://kol-fans.fp.ps.netease.com/file/5f52889496dee44be3a17aedSl7PlDML02', 'https://kol-fans.fp.ps.netease.com/file/5f5288945e602740268d182f7aePhKG102', 'https://kol-fans.fp.ps.netease.com/file/5f52889496dee4444d763bb94M2z5NHk02']",2020-09-04 18:33:57
萌新景点打卡3,,游戏截图,光之逆子,"['https://kol-fans.fp.ps.netease.com/file/5f52837196dee4aa0b4d1333UlPKujZr02', 'https://kol-fans.fp.ps.netease.com/file/5f5283865e602740268d13d43ir9Pcv802', 'https://kol-fans.fp.ps.netease.com/file/5f52839d143cfa80d32f2cebzAfl690x02']",2020-09-04 18:17:22
萌新打卡景点2,,游戏截图,光之逆子,"['https://kol-fans.fp.ps.netease.com/file/5f5280eb7f9d2ae7ef3da8a8M8ltph9L02', 'https://kol-fans.fp.ps.netease.com/file/5f52811b96dee40e04a703c2X5z97hQ302', 'https://kol-fans.fp.ps.netease.com/file/5f5281378b7427d021fc445awaPHQcVd02']",2020-09-04 18:07:32
萌新景点打卡1,,游戏截图,光之逆子,"['https://kol-fans.fp.ps.netease.com/file/5f527b34a7f2527eae2dad98xmv70Kmr02', 'https://kol-fans.fp.ps.netease.com/file/5f527b4496dee4b09f89a7c76zdK0jOz02', 'https://kol-fans.fp.ps.netease.com/file/5f527b4f6f04942d98e7c1bffwvqhuZX02']",2020-09-04 17:59:41
第一次和维冰来圣岛,,游戏截图,manon,"['https://kol-fans.fp.ps.netease.com/file/5f5247fa5e60279122a071c6gcCIxa5Y02', 'https://kol-fans.fp.ps.netease.com/file/5f5247fb5e602785f2e1ffca4SirdMLo02', 'https://kol-fans.fp.ps.netease.com/file/5f5247fda7f252cebe4bb76cfhkKTYbC02', 'https://kol-fans.fp.ps.netease.com/file/5f5247fe5e60279122a071ceHiTBj7DM02']",2020-09-04 13:58:24
三个光翼同时可见(好像是小九),,游戏截图,manon,['https://kol-fans.fp.ps.netease.com/file/5f523bf15e60274d12fb7068e2W68jvg02'],2020-09-04 13:06:57
五颜六色的斗篷(千俞),,游戏截图,manon,['https://kol-fans.fp.ps.netease.com/file/5f523acd7f9d2ad48e81651bPPZU2OhE02'],2020-09-04 13:02:05
最美的风景，光遇陪伴,,游戏截图,18830****97,"['https://kol-fans.fp.ps.netease.com/file/5f52194f143cfa1a4de94b88VTi3FL1B02', 'https://kol-fans.fp.ps.netease.com/file/5f52195096dee4afbc8dfd2d5mlCEEPg02', 'https://kol-fans.fp.ps.netease.com/file/5f52195296dee4cc5a9b65ecyRK3FNhj02', 'https://kol-fans.fp.ps.netease.com/file/5f521952143cfa5b94ea9e8d5QV2sI7702']",2020-09-04 10:39:15
太冷了  暖手手,,同人绘,音音-作品可转载，禁止商用,['https://kol-fans.fp.ps.netease.com/file/5f51f13496dee4ff724646a7UT6PfV6i02'],2020-09-04 07:48:04
一曲肝肠断，天涯何处觅知音,,视频,如意,['https://kol-fans.fp.ps.netease.com/file/5f51c1602786fd4a45ecfa9axfrbq62B02'],2020-09-04 04:24:02
美图,,游戏截图,13593****62,"['https://kol-fans.fp.ps.netease.com/file/5f51abf05e60278cdd987852IWffugDE02', 'https://kol-fans.fp.ps.netease.com/file/5f51abf096dee4b1e3b4dcfejoaDtP5w02', 'https://kol-fans.fp.ps.netease.com/file/5f51abf1143cfa0e1d1ae4a2iqZkJu4D02', 'https://kol-fans.fp.ps.netease.com/file/5f51abf15e6027be5fc77adfcm3rjqjv02']",2020-09-04 02:52:33
美图,,游戏截图,13593****62,['https://kol-fans.fp.ps.netease.com/file/5f51aaf46f049473f385a75cqwwj039R02'],2020-09-04 02:48:21
赌身高的风险,,同人绘,音音-作品可转载，禁止商用,['https://kol-fans.fp.ps.netease.com/file/5f50e4e1a7f2528c9d85ea1deMOidlC102'],2020-09-03 12:43:14
﻿需要人陪,,游戏截图,15279****64,['https://kol-fans.fp.ps.netease.com/file/5f50d71ca7f252257772b117yk3hho8L02'],2020-09-03 11:44:29
bug,,游戏截图,15279****64,"['https://kol-fans.fp.ps.netease.com/file/5f50d6de143cfa77c25350f90Avi4ukU02', 'https://kol-fans.fp.ps.netease.com/file/5f50d6df6f0494edde1b0082r3SfjPlR02', 'https://kol-fans.fp.ps.netease.com/file/5f50d6df8b7427bf6d4948e1GHsiegaH02']",2020-09-03 11:43:29
和小单姐姐的美好时光 在相处的时间里 让我很开心,,游戏截图,16651****98,"['https://kol-fans.fp.ps.netease.com/file/5f5081e096dee4ae8f5d06cfTo3h33qY02', 'https://kol-fans.fp.ps.netease.com/file/5f5081e07f9d2a67dd82dfcbCFoV8vhD02', 'https://kol-fans.fp.ps.netease.com/file/5f5081e08b74276ceaec30a5iMuRvrdW02', 'https://kol-fans.fp.ps.netease.com/file/5f5081e08b74278a20938c0eqbIAic5R02']",2020-09-03 05:40:49
新鲜壁纸了解一下。,,游戏截图,18349****89,"['https://kol-fans.fp.ps.netease.com/file/5f4fbcd75e60275278d96ae92APXmE1Q02', 'https://kol-fans.fp.ps.netease.com/file/5f4fbcd796dee418d896f384yOOgDrAf02', 'https://kol-fans.fp.ps.netease.com/file/5f4fbcd72786fdd2a03792b075QzzKJG02', 'https://kol-fans.fp.ps.netease.com/file/5f4fbcd85e6027da09f31c56421pjhhi02']",2020-09-02 15:40:09
第一章.晨岛之始,"当光怡把自己从昏沉沉的黑暗中拉出来的时候，眼前的景象让得她的眼神微微一愣
“这是哪里？”
晨雾蒙蒙，四周的潮湿让她由不得打了一个寒颤，光怡艰难的坐了起来，抬起头，然后缓缓的环视四周。
她发现自己正坐在一片沙滩上，身后是荡漾的海水，身下的沙子软软的很是舒服，沙滩呈现一种温暖的粉橙色，有一种说不清道不明的心旷。
而自己，却是一片灰暗，在这绚丽的世界中显得很是突兀
“我这是怎么回事？为什么这个身体控制起来如此的晦涩？”
光怡艰难的抬起手掌，却是再也没有了力气支撑自己的手臂，只能无奈的垂了下去。
正当她束手无策的时候，由那高空中的阳光射来的那一丝晨光照耀在了她的身上，光怡突然发现，自己的身体正在一点点的恢复光泽，虽然是细不可查的一丝，却依然让她振奋了一下。
随着阳光的蔓延，她也是逐渐的有了力气，她缓慢的支撑自己站了起来，即便是最基本的动作，也是让得光怡用尽了全身的力量。
那光芒一点点的强烈，光怡开始着手尝试走路，而这一步踏出，光怡心念一动，发现这片天空竟然与她有着一缕缕的呼应。
随着时间的推移，光怡终于是一点点的掌握了这副躯体，走路的速度也是一点点的快了起来，直到彻彻底底的站在了这座小岛的中央范围，而此时，她的面前缓缓的浮现出了一座桥梁，通往不远处的一座大岛。
那座大岛形似一座大山，在半山腰有着一个个一人高的石柱，在那每一个石柱的顶端，都有一口小钟在缓缓转动
而刚刚的呼应，貌似就来自于那大岛山顶的那座庙宇
庙宇坐落在那高高的山顶，四周被蒙蒙的晨雾缭绕，显得极为的神秘和庄严，而庙宇的顶尖处，竟是有着一轮大日在散发着耀眼的光芒，钟鸣之声似是在在庙宇中微微的回荡。
光怡眯了迷眼睛，踏步走出，迈上了眼前的这座石桥。
而当她一脚踏上那座大岛的时候，眼前的景象，竟是出现了翻天覆地的变化。
，山顶的大庙传出了一声钟鸣，这钟鸣响彻天地，随着那钟鸣的扩散，原本贫瘠的小岛，竟是突然间绚丽起来，绿草开始生长，鲜花开始绽放，每一朵鲜花都是微微的绽放这光芒，在这大岛的最后一寸土地也生展出花草时，那远处的天空，有着骚动传来，紧接着一道道的光芒从天际冲出，化为一道道流光冲向了这座大岛，然后在光怡的眼中变成一只只的光鸟，在天空盘旋，飞舞，然后飞向了那山顶的庙宇，一时间，这个世界就变得生机勃勃，好像这天地间的所有生灵都在这一刻欢呼雀跃了起来，好似一场盛大的仪式，而这仪式的源头，就是那庄严的庙宇和天上的一轮大日
光怡惊奇的看着这一幕，眼前的景象让她心神震撼，这么大的变化让她不知所措
她低头看了看依然黯淡的身躯，似是做了某种决定，向着山顶，缓步而去。
被鲜花和光芒簇拥的她，也是在一点点的变得凝实，光怡的脚步越来越快，然后飞奔向那庙宇.....
（我呢其实就是一名普通玩家，在这款游戏中我发现了很宏大的世界观，但是又有些模糊，我突然就来了兴致，如果大家喜欢我会继续更新的...当然还希望大家多多点赞，好让我知道我的努力是有人喜欢的！明天晚上我会来看，有人喜欢我就继续更新，我会以我自己的视角和理解为大家献上这篇文章，也探寻一下这款游戏的背景故事，大家难道不想知道这皮皮虾到底是怎么来的嘛？先祖又是为什么会让我们收集回忆和光之翼？有人喜欢的话我会一一为大家展示我自己的理解！谢谢）",同人文,z****93549558,[],2020-09-02 14:15:19
心火点亮禁塔的灯 记忆汇聚成星空 助我向光的方向飞去✨,,同人绘,忱可,['https://kol-fans.fp.ps.netease.com/file/5f4fa76796dee465896e230dvMbxc6H102'],2020-09-02 14:08:40
小女生的快乐衣橱,,视频,如意,['https://kol-fans.fp.ps.netease.com/file/5f4f300b5e60278343e8cff50KP2hfbi02'],2020-09-02 05:39:25
这是一个夏天的快乐相遇（1）,,同人文,18159****67,['https://kol-fans.fp.ps.netease.com/file/5f4e6e7e6f04947b39f31602b53QxCHB02'],2020-09-01 15:53:55
我的小混蛋,,游戏截图,18159****67,"['https://kol-fans.fp.ps.netease.com/file/5f4e64216f0494db7f869df6f1dqyPWt02', 'https://kol-fans.fp.ps.netease.com/file/5f4e64215e60277282a9b1efvpWddLBB02', 'https://kol-fans.fp.ps.netease.com/file/5f4e64216f049446525b96021khPX4k702', 'https://kol-fans.fp.ps.netease.com/file/5f4e6422a7f2521ce09646fcSXRTsFm102']",2020-09-01 15:09:23
晨岛,,游戏截图,惑惑,['https://kol-fans.fp.ps.netease.com/file/5f4e531a8b7427bd6841823cF0h84ROg02'],2020-09-01 13:56:43
追逐着光亮，遇到了你,,游戏截图,16604****65,"['https://kol-fans.fp.ps.netease.com/file/5f4e4d5f143cfae9c45f9e68ZisKbOtO02', 'https://kol-fans.fp.ps.netease.com/file/5f4e4d5f143cfafb0e2396d89dPAwC6X02', 'https://kol-fans.fp.ps.netease.com/file/5f4e4d5f7f9d2a85d0532a28U19jygSY02', 'https://kol-fans.fp.ps.netease.com/file/5f4e4d60143cfaf275deb422Uw1LFOqY02']",2020-09-01 13:32:17
晨岛长老亲传的表演大队,,视频,冰糖雪梨,['https://kol-fans.fp.ps.netease.com/file/5f4e1c945e602729106646be3W6MAePi02'],2020-09-01 10:04:07
和朋友一起玩真的很开心呀,,游戏截图,超级萌大豪,"['https://kol-fans.fp.ps.netease.com/file/5f4ddcbda7f252e76d105236xs8ziK4q02', 'https://kol-fans.fp.ps.netease.com/file/5f4ddcbd96dee47e90a5570f6RxKjSmc02', 'https://kol-fans.fp.ps.netease.com/file/5f4ddcbd96dee482b350af3ccaSIzXER02']",2020-09-01 05:31:42
牵手,,游戏截图,15135****21,['https://kol-fans.fp.ps.netease.com/file/5f4d6674a7f2528789b73a52vMvl5jgm02'],2020-08-31 21:07:00
遇见,,游戏截图,15135****21,"['https://kol-fans.fp.ps.netease.com/file/5f4d63452786fd1f3da7ae0eQdMOcF6A02', 'https://kol-fans.fp.ps.netease.com/file/5f4d63467f9d2a82f60447e9TmLHYREG02', 'https://kol-fans.fp.ps.netease.com/file/5f4d6347a7f252e67b303bdfDepHxrAc02']",2020-08-31 20:53:27
光之子遇上暗之子,,游戏截图,18860****57711831,['https://kol-fans.fp.ps.netease.com/file/5f4d2ed18b74273069a9b1a9RalJx2d902'],2020-08-31 17:09:37
不能停止对你的爱,,游戏截图,13161****30,['https://kol-fans.fp.ps.netease.com/file/5f4cf5f7a7f2526fd88b7a02sRT6Bmvo02'],2020-08-31 13:07:04
小狗狗好可爱呀,,游戏截图,13161****30,['https://kol-fans.fp.ps.netease.com/file/5f4cf5707f9d2ad2fb1bf791ebAMY0uo02'],2020-08-31 13:04:49
再见了所有的图，下次来跑你们,,游戏截图,小小,"['https://kol-fans.fp.ps.netease.com/file/5f4ce95a6f0494747a8a25f9Hedvr6CP02', 'https://kol-fans.fp.ps.netease.com/file/5f4ce95b143cfaccb35207d3lXVWyirW02', 'https://kol-fans.fp.ps.netease.com/file/5f4ce95b7f9d2a6e211025e7D7ewK6tz02', 'https://kol-fans.fp.ps.netease.com/file/5f4ce95b5e6027b2f2e61bbaBVg5sRu902']",2020-08-31 12:13:16
今天不小心卡到了遇境外的一片毒水里，就是不知道这里是哪里,,游戏截图,Romely,['https://kol-fans.fp.ps.netease.com/file/5f4cd4827f9d2aed7147d298Fkrr5qI502'],2020-08-31 10:44:18
用着猛一身高被矮人朋友带着跑图🐶两个萌新,,游戏截图,15921****07388770,['https://kol-fans.fp.ps.netease.com/file/5f4cc8b2a7f2521152875df700iKAYrD02'],2020-08-31 09:53:55
会跑图后，怎么反而变得孤独了呢,,同人绘,九朝世,"['https://kol-fans.fp.ps.netease.com/file/5f4cc14996dee4dae05c7709YhV13sAU02', 'https://kol-fans.fp.ps.netease.com/file/5f4cc1497f9d2a4c7e8e2dedT3vgwTji02']",2020-08-31 09:22:17
小蝴蝶以后就是我大哥！！！！！！！！！！！！,,同人绘,九朝世,['https://kol-fans.fp.ps.netease.com/file/5f4cc1175e60273b91d3ec82KRYrJVNk02'],2020-08-31 09:21:27
菇奶奶 ，我带着朋友来看你了！,,游戏截图,柠子,['https://kol-fans.fp.ps.netease.com/file/5f4cb1ae2786fd7ea3ac17b1iOl2mbFk02'],2020-08-31 08:15:45
孤独的重生之路,,游戏截图,柠子,['https://kol-fans.fp.ps.netease.com/file/5f4cb166a7f25278412c0ce83sb66qbX02'],2020-08-31 08:14:30
千鸟城最灿烂的烟火,,游戏截图,柠子,['https://kol-fans.fp.ps.netease.com/file/5f4cb1026f0494f178ee12ef75I66CEz02'],2020-08-31 08:12:51
孤独的我，在孤独的遇境，找到了孤独的你😁 ,,游戏截图,18805****62,"['https://kol-fans.fp.ps.netease.com/file/5f4ca4fc96dee40c3d7eaac5kGjwC53x02', 'https://kol-fans.fp.ps.netease.com/file/5f4ca4fd8b7427fa4341d64d9yub93Nk02', 'https://kol-fans.fp.ps.netease.com/file/5f4ca4fd5e6027ffd2e18d16sHkGIrvW02', 'https://kol-fans.fp.ps.netease.com/file/5f4ca4fda7f2520c137cd2d8LAwbI0EC02']",2020-08-31 07:21:34
不负遇见,"文/唐越

那个时候，你刚进入光遇的世界，作为一个萌新，你对这个世界充满好奇和期待。
低级的斗篷不支持你长时间飞行，你在广袤的晨岛漫步，初次滑翔之后，云中宫殿里的壁画也令你驻足欣赏。
你又通过长时间飞行，穿过湛蓝的天空和无暇的云朵，走过一线天来到云野。你看到有花海点缀着的青青草地，也看到漂浮的空岛，漫天飞舞遮天蔽日的洁白遥鲲…
但光遇的世界不只有明媚，也有阴霾。穿过巨树，厚厚云层遮住了天空，你来到第三个地图雨林。雨滴打在你身上，溅起点点水花，你看到斗篷能量逐渐下降，甚至心火也消耗殆尽，变成了一个披着白袍的小黑仔。你不知所措。
这时，有个小黑人飞到了你的身边，向你递出蜡烛。你和他相互点亮，看到了彼此的样子。随着心火和斗篷能量在他的照耀下缓缓回复，你明白了这个游戏名字里为什么有个“遇”字。
这是你在光遇中第一个朋友，他拉着你的手，度过了一段美好的游戏时光：
你们在雨林里探险，在峡谷中滑行，在墓土中躲避皮皮虾的巡逻，也探索了禁阁的奥秘，最后在伊甸之眼涅槃重生。
在这段旅途中，你也逐渐认识了更多的朋友，大小不一的星辰填满了好友星盘，而他却渐渐地消失在群星之中。
再后来，你从萌新变成了大佬。毕业复刻装扮应有尽有，五颗大星星排列在斗篷之上，你能辗转翻腾戏耍皮皮虾，也能轻而易举地直飞暴风眼，更不用说探寻各种隐藏地图和彩蛋房间…
成为大佬之后，时间仿佛就快多了。为了能尽早兑换先祖的珍稀装饰，每日乏味的肝蜡烛是你的必修课。地图的风景早已看腻，迅速跑完一个又一个地图，再加上每日任务，又有不少白蜡烛入账。当你拿到最后一点烛火准备一如既往地下线时，突然你看到了一条通知。
许久未见的他，上线了。
一般来说好友上线就上线，这么多好友每天都有上线，早已经习以为常。但今天的你心血来潮，想看一看老朋友。
你返回遇境，在群星璀璨的星盘的角落中找到了他，他还是那套装扮，只不过多背了一把竖琴。你点击了好友传送功能。
你传送到了雨林，你发出叫声，他也给予回应，你飞到了他的身边。
“你好呀”他说。
“好久不见”老套的开场白，不过正适合老朋友。
你和他交谈许久，告诉了他你已经成为了一个大佬，也能带他去各个风景点，或者去调戏皮皮虾，仿佛你已经无所不能。他惊叹着你的成长，也想见识一下你所描述的风景和刺激。
你喋喋不休地讲述着。突然，你猛然想起，自己已经好久没有去好好体验光遇的世界了，也没有好好和光遇的好友一起并肩飞行玩耍了。自己好像迷失在无尽的跑图中，日复一日…
你回想起当时还是个萌新的日子，去各个不一样的地方探寻，遇见不一样的朋友，这才是这个世界中最值得宝贝的地方。
在光的世界里，遇见不一样的TA，温暖的灵魂，终将相遇。",同人文,汤圆,[],2020-08-31 06:38:09
萌新被大佬带飞时光,,游戏截图,g****58,"['https://kol-fans.fp.ps.netease.com/file/5f4c7d7d6f0494519840f34dmwgtrR4N02', 'https://kol-fans.fp.ps.netease.com/file/5f4c7d7d96dee44def8544f6Y5VfElpq02', 'https://kol-fans.fp.ps.netease.com/file/5f4c7d7d7f9d2aad7ebb0c3cBsdqoyDR02', 'https://kol-fans.fp.ps.netease.com/file/5f4c7d7e7f9d2a51fef5106dJkyWz0xr02']",2020-08-31 04:33:02
我们心之所向,,同人绘,顾北十三安,['https://kol-fans.fp.ps.netease.com/file/5f4c569aa7f25291090c6d36JJNoCPN602'],2020-08-31 01:47:06
美女约么？,,游戏截图,零度,['https://kol-fans.fp.ps.netease.com/file/5f4c3ff196dee438cd81350e7opjQudr02'],2020-08-31 00:10:25
风景打卡,,游戏截图,零度,"['https://kol-fans.fp.ps.netease.com/file/5f4c3fc98b7427759e2c67f2G1edH1IB02', 'https://kol-fans.fp.ps.netease.com/file/5f4c3fc9143cfad26ccc4c48Xbp2V3X402', 'https://kol-fans.fp.ps.netease.com/file/5f4c3fc97f9d2abd0fc663fbdf8D6X5t02']",2020-08-31 00:09:45
瞎扑腾,,视频,零度,['https://kol-fans.fp.ps.netease.com/file/5f4c3f23a7f25257046b2e43BTbSRFYN02'],2020-08-31 00:06:59
终遇同道人,,游戏截图,15852****02,"['https://kol-fans.fp.ps.netease.com/file/5f4c30a77f9d2aab4580b5d2EK8Nd1Gq02', 'https://kol-fans.fp.ps.netease.com/file/5f4c30a85e6027d17d733bf0dUOzSAP302']",2020-08-30 23:05:12
记得刚开始玩的我不敢去献祭，清风已经去过但又再陪我去了一次，很感动就画下了p1,,同人绘,小咩是咚没,"['https://kol-fans.fp.ps.netease.com/file/5f4ba70d7f9d2a7dc120ebfat1AHW1Sl02', 'https://kol-fans.fp.ps.netease.com/file/5f4ba70e5e6027a873b52bc46jbu5ixv02']",2020-08-30 13:18:07
我是小咩Teresa，但是大家喜欢叫我咚没，我经常串线，咚的一下就没了。来到光遇世界已经六个月了，这第一个让我如此沉醉的游戏。感谢星汉老师带给我不一样的温暖,,游戏截图,小咩是咚没,"['https://kol-fans.fp.ps.netease.com/file/5f4ba5ae8b74276b44638be1wBEf4fSx02', 'https://kol-fans.fp.ps.netease.com/file/5f4ba5b05e60277c74bd6348XiitaM1a02', 'https://kol-fans.fp.ps.netease.com/file/5f4ba5b096dee47b5aa3c827Mh9PRAV102', 'https://kol-fans.fp.ps.netease.com/file/5f4ba5b1143cfacabc4f99ecom1mpW7e02']",2020-08-30 13:12:18
和哥的快乐截图ww,,游戏截图,18320****73,"['https://kol-fans.fp.ps.netease.com/file/5f4b98215e602736bcf00d52PhMEkFNo02', 'https://kol-fans.fp.ps.netease.com/file/5f4b982196dee41913ddebacbl0hIYiu02', 'https://kol-fans.fp.ps.netease.com/file/5f4b98217f9d2a2351762e05XHiBProI02']",2020-08-30 12:14:26
要退游一段时间了，还有……,"害，明天就是我上游戏的最后一天了。后天，就该开学了。下一期初三了，估计会没什么时间再上了。这也可能是我最后一次登上官网来投稿了。。就是想写一写来纪念一下吧。
我要先提的，是我的一个好朋友，可以说是固玩了。他叫鑫鑫，下一期也要读高三了，也不会怎么上了。不过，如果他只是高三不上光遇，我也不至于太伤心。可他说，以后也不会怎么上了，是因为上大学后，他没什么时间玩手游了。主要都是在笔记本上玩，lol，星际什么的（我也是听他这么说的）。还要上课，以后就。可能把号卖了吧。这个人他还无情地说，花瓣斗篷都能卖三十呢😂。明天我最后一天上，他也不会来了。所以今天的黄昏是我们的分别时刻。唉，该来的总是要来。不过，他说下一个寒假，他还回来。以后就真的没了。但愿如此吧，还会回来。再见，鑫鑫。
我还有好多好朋友，鑫鑫，木屋，小猪宝，小小猪，罗富，绾绾，翠花，大大，Helen，绿箩，小裙子，E初……虽然有的朋友很久都没上了，我会一直在这等的。光遇真的很治愈，也很致郁😂。分别时刻，即使有再多不舍，那一刻总还是要来的。光遇里有很多很好玩的事，很好看的景，还有最好的朋友。就写到这吧，朋友，分别不要太难受，难过就听听歌（我是花花粉，他的歌很治愈哦！），会过去的。加油！明年中考，加油！",纪念文,小小,[],2020-08-30 12:13:34
与憨憨的日常,,游戏截图,叶梦梦,"['https://kol-fans.fp.ps.netease.com/file/5f4b7862143cfa8f53f090c9j5Cz42AR02', 'https://kol-fans.fp.ps.netease.com/file/5f4b7862143cfa8f53f090ca2tcMFcgK02', 'https://kol-fans.fp.ps.netease.com/file/5f4b78638b742721f0e09d45OGQvPKPr02', 'https://kol-fans.fp.ps.netease.com/file/5f4b786396dee40aec54dfb8Xfpwry2s02']",2020-08-30 09:59:00
好喜欢这种感觉,,游戏截图,18161****19,['https://kol-fans.fp.ps.netease.com/file/5f4b665a8b7427a97adc07c0PB5tmZ0U02'],2020-08-30 08:42:02
光遇情感小故事,,视频,如意,['https://kol-fans.fp.ps.netease.com/file/5f4b64c32786fd116356a4da20CTMw4W02'],2020-08-30 08:35:18
溜皮皮小技巧,,视频,如意,['https://kol-fans.fp.ps.netease.com/file/5f4b5b548b74279390f2190aj66zpiEJ02'],2020-08-30 07:55:03
相遇在星河,,游戏截图,15135****21,"['https://kol-fans.fp.ps.netease.com/file/5f4b32d32786fd1ec956444bHWo7eONv02', 'https://kol-fans.fp.ps.netease.com/file/5f4b32d4143cfa7c0b854c7dVULFrhyI02', 'https://kol-fans.fp.ps.netease.com/file/5f4b32d47f9d2a82364457bajuEdZZVa02', 'https://kol-fans.fp.ps.netease.com/file/5f4b32d55e602780ffca0b6bRzzW0rfz02']",2020-08-30 05:02:13
别问问就是在卡地,,游戏截图,乐游,"['https://kol-fans.fp.ps.netease.com/file/5f4b2e162786fde2c67573d0OJgO8syB02', 'https://kol-fans.fp.ps.netease.com/file/5f4b2e197f9d2a82364452e9iokiuUF002', 'https://kol-fans.fp.ps.netease.com/file/5f4b2e1e8b7427387d7df0419ZZyyW2L02', 'https://kol-fans.fp.ps.netease.com/file/5f4b2e202786fd1ce1ecaed2YAcwUadq02']",2020-08-30 04:42:15
开始集体磕头系列，咩,,游戏截图,乐游,"['https://kol-fans.fp.ps.netease.com/file/5f4b2d6f5e60272a065cc199xRLvTfHd02', 'https://kol-fans.fp.ps.netease.com/file/5f4b2d7596dee4db714c34afgF3cOHzd02']",2020-08-30 04:39:18
干嘛，这不是还有这么多人陪着你咩,,游戏截图,乐游,['https://kol-fans.fp.ps.netease.com/file/5f4b2cbaa7f252b42b2aad6airIzIy0f02'],2020-08-30 04:36:11
与枫相伴的日子,,游戏截图,诗阳先生,"['https://kol-fans.fp.ps.netease.com/file/5f4b187b5e6027a87180f79bGqoMeQfL02', 'https://kol-fans.fp.ps.netease.com/file/5f4b187ca7f252060039356eFvWzL52y02', 'https://kol-fans.fp.ps.netease.com/file/5f4b187c2786fd81c39771bc8f6kb5UH02', 'https://kol-fans.fp.ps.netease.com/file/5f4b187c96dee4508adde869A8VUitca02']",2020-08-30 03:09:51
我：谢谢先祖🙏🏻,,游戏截图,𝓟𝓸𝓵​𝓪𝓻𝓲𝓼,"['https://kol-fans.fp.ps.netease.com/file/5f4b10f55e60271e2c47a9bdDbE4EswE02', 'https://kol-fans.fp.ps.netease.com/file/5f4b10fb143cfacaa72cf063d5ji3O6R02']",2020-08-30 02:37:48
看 我的小矮人并不矮,,游戏截图,l****94651174,['https://kol-fans.fp.ps.netease.com/file/5f4afc978b7427de105a07fdxQ8i5XBM02'],2020-08-30 01:10:48
一A一，莫名卡到的地方,,游戏截图,叶梦梦,"['https://kol-fans.fp.ps.netease.com/file/5f4a8e212786fd8bb39f28f09xOjV5RW02', 'https://kol-fans.fp.ps.netease.com/file/5f4a8e25143cfa9596a834e7qHT3z8l202', 'https://kol-fans.fp.ps.netease.com/file/5f4a8e2596dee4cab3b46e5eNLS35AkN02', 'https://kol-fans.fp.ps.netease.com/file/5f4a8e266f049408ac43a29bGgx36VUX02']",2020-08-29 17:19:36
被祖先黑了QAQ,,游戏截图,叶梦梦,"['https://kol-fans.fp.ps.netease.com/file/5f4a8bc47f9d2ae84103b1507WjzR1XD02', 'https://kol-fans.fp.ps.netease.com/file/5f4a8bc5a7f25213233c06f5jCCBZc8E02', 'https://kol-fans.fp.ps.netease.com/file/5f4a8bc55e6027459dd232e4yuIusrwx02']",2020-08-29 17:09:26
螃蟹的正确使用方式,,视频,冰糖雪梨,"['https://kol-fans.fp.ps.netease.com/file/5f4a31eb2786fd3a5f51c6b8DbkiizSB02', 'https://kol-fans.fp.ps.netease.com/file/5f4a31eb143cfa7c6f84d9a4rO2caXEO02']",2020-08-29 10:46:03
好看的照片,,游戏截图,19990****86,"['https://kol-fans.fp.ps.netease.com/file/5f4a21d72786fde85f2780f1HcwlvFIy02', 'https://kol-fans.fp.ps.netease.com/file/5f4a21dc96dee4b6ad8bb72ajWrCuAM202', 'https://kol-fans.fp.ps.netease.com/file/5f4a21dfa7f2525a9eb06b50qo14ywYU02', 'https://kol-fans.fp.ps.netease.com/file/5f4a21e296dee4b6ad8bb72f9Xy66I5S02']",2020-08-29 09:37:43
我的小狮子头，变成了大狮子头,,游戏截图,j****ciyun0000,"['https://kol-fans.fp.ps.netease.com/file/5f4a165996dee44ce39c8999Dg3KclCi02', 'https://kol-fans.fp.ps.netease.com/file/5f4a16592786fd95646078585GyR80bO02', 'https://kol-fans.fp.ps.netease.com/file/5f4a16596f04944257150051F9P000xY02']",2020-08-29 08:48:25
各位大哥，请问小生多高,,游戏截图,j****ciyun0000,['https://kol-fans.fp.ps.netease.com/file/5f4a0f67a7f252d9c9c2208ewGu0Ss4t02'],2020-08-29 08:18:47
俩个不同的季节,,游戏截图,j****ciyun0000,"['https://kol-fans.fp.ps.netease.com/file/5f4a0ed78b7427bd0986bc05oV6yXgBI02', 'https://kol-fans.fp.ps.netease.com/file/5f4a0ed76f0494b4a430b0e1duO8I6Wk02']",2020-08-29 08:16:24
肆拾日天空王国旅程见闻,,游戏截图,泰修1807*****60,"['https://kol-fans.fp.ps.netease.com/file/5f49e3ce7f9d2aadc0803b6fcsRd8v6502', 'https://kol-fans.fp.ps.netease.com/file/5f49e3cf96dee4b766e3f8110rBLFx0l02', 'https://kol-fans.fp.ps.netease.com/file/5f49e3cfa7f252ae8f2dfc261f52iTRz02', 'https://kol-fans.fp.ps.netease.com/file/5f49e3cf96dee4c736b8868ab2aO6PzO02']",2020-08-29 05:12:48
和朋友的快乐时光,,游戏截图,15631****96,"['https://kol-fans.fp.ps.netease.com/file/5f49d1f7143cfa47e26b03d6x7kSXwzX02', 'https://kol-fans.fp.ps.netease.com/file/5f49d1f78b74278bd9b8cc62rIYMPWKE02', 'https://kol-fans.fp.ps.netease.com/file/5f49d1f7a7f252fd33e8a200I3NT2qLB02', 'https://kol-fans.fp.ps.netease.com/file/5f49d1f896dee476d9e7e09aQbqe8dXw02']",2020-08-29 03:56:41
结婚,,游戏截图,18859****69,"['https://kol-fans.fp.ps.netease.com/file/5f49cc2f2786fdb2068956d6Jf3Bjbmx02', 'https://kol-fans.fp.ps.netease.com/file/5f49cc3196dee4174aafe60dChbCZBYo02', 'https://kol-fans.fp.ps.netease.com/file/5f49cc347f9d2a5b4abf38dfwoETvvJI02', 'https://kol-fans.fp.ps.netease.com/file/5f49cc365e6027ef41e1b0b5VCrd5ma202']",2020-08-29 03:32:08
逆转的星,,同人绘,18381****96,['https://kol-fans.fp.ps.netease.com/file/5f49c2f25e6027c42f24f7d5ScOPw8dc02'],2020-08-29 02:52:35
﻿你还在等她吗！,,游戏截图,l****1772522,"['https://kol-fans.fp.ps.netease.com/file/5f49bea86f04940150e205e8gFugihQa02', 'https://kol-fans.fp.ps.netease.com/file/5f49bea8a7f252de4a1624afV8Jy5Vbq02']",2020-08-29 02:34:17
光遇撩妹日常@含欣,,视频,如意,['https://kol-fans.fp.ps.netease.com/file/5f49aab78b7427409d15707cCRPxcvsu02'],2020-08-29 01:09:13
这个人装掉线。一直卡我任务，,,视频,13981****47,['https://kol-fans.fp.ps.netease.com/file/5f4972fc8b742772e5d0c5c8x8XJuN2V02'],2020-08-28 21:11:29
我这里有蘑菇飞天凳子和一对cp,,游戏截图,17614****72,"['https://kol-fans.fp.ps.netease.com/file/5f490d0a7f9d2ae3082ee0b2jrwmgB4N02', 'https://kol-fans.fp.ps.netease.com/file/5f490d0a96dee4d8260d323azqVGRIW602', 'https://kol-fans.fp.ps.netease.com/file/5f490d0a96dee40179796e2f0xiYx6IT02']",2020-08-28 13:56:27
你走了，那我只好做回我的狮子,,游戏截图,13760****52,"['https://kol-fans.fp.ps.netease.com/file/5f48f5fc8b74272103a0f443StihLYZD02', 'https://kol-fans.fp.ps.netease.com/file/5f48f5fd6f049419c5329e91KueRzIRV02']",2020-08-28 12:18:05
从一个人，到现在，有趣的灵魂终究会相遇 嘻,,游戏截图,乐游,"['https://kol-fans.fp.ps.netease.com/file/5f48c60a7f9d2a74a671b2a7kWhd93NQ02', 'https://kol-fans.fp.ps.netease.com/file/5f48c60b143cfabbd9d0f48fZ6lWjRec02', 'https://kol-fans.fp.ps.netease.com/file/5f48c60b7f9d2af20abd59edJiC1JPxe02', 'https://kol-fans.fp.ps.netease.com/file/5f48c60ca7f252a6e49ea133X8eskfOj02']",2020-08-28 08:53:39
有趣的灵魂终究搁天上了，非禁止画面,,游戏截图,乐游,['https://kol-fans.fp.ps.netease.com/file/5f48c2bd8b742787d251d7d9VDI9Gwrg02'],2020-08-28 08:39:26
我和光遇有个约定,,游戏截图,15279****64,"['https://kol-fans.fp.ps.netease.com/file/5f48be167f9d2a7ccfcf2721gMcHEXkQ02', 'https://kol-fans.fp.ps.netease.com/file/5f48be187f9d2a8bca9937f34opSt13Y02', 'https://kol-fans.fp.ps.netease.com/file/5f48be197f9d2a4c461849dcHrsNC26402']",2020-08-28 08:19:38
假如机器人也有感情·······························我想要白底的行不行,,游戏截图,冰糖雪梨,['https://kol-fans.fp.ps.netease.com/file/5f48a47d5e6027867a1b98d9CmcUjXGU02'],2020-08-28 06:30:21
我先来：光之逆子！,,视频,冰糖雪梨,['https://kol-fans.fp.ps.netease.com/file/5f48a372a7f2526c45304be0u32tx8mB02'],2020-08-28 06:25:56
你最后还是走了,,游戏截图,13760****52,"['https://kol-fans.fp.ps.netease.com/file/5f489f145e6027e2ce08c86dsi9AS2Vw02', 'https://kol-fans.fp.ps.netease.com/file/5f489f145e60272cda633abam8bCTjlo02']",2020-08-28 06:07:16
原来云野还有这个地方,,游戏截图,h****ew,['https://kol-fans.fp.ps.netease.com/file/5f48992f143cfa450f96b0bf2VklAZQ902'],2020-08-28 05:42:07
上帝视角（刺激）,,视频,如意,['https://kol-fans.fp.ps.netease.com/file/5f48723996dee4287f606f751g0wHA1R02'],2020-08-28 02:55:54
即使前途黑暗，也要勇敢去闯,,同人绘,如意,['https://kol-fans.fp.ps.netease.com/file/5f486f93143cfa3d2fe12d27vLot65O302'],2020-08-28 02:44:36
遇见,,游戏截图,乐游,['https://kol-fans.fp.ps.netease.com/file/5f486bf1143cfa0a35d1ddd89vGuZK8802'],2020-08-28 02:29:05
陌生人系列,,游戏截图,乐游,"['https://kol-fans.fp.ps.netease.com/file/5f486bbb5e6027b8ab08149fBgBBBKix02', 'https://kol-fans.fp.ps.netease.com/file/5f486bbd96dee4dcbc40fc60Si6Jz35202']",2020-08-28 02:28:14
团队合作，啊哈哈哈,,游戏截图,乐游,"['https://kol-fans.fp.ps.netease.com/file/5f486b5f96dee43135e7c531sJeEBckD02', 'https://kol-fans.fp.ps.netease.com/file/5f486b6196dee4dcbc40fc0fBzdcCr3802']",2020-08-28 02:26:42
摸了最喜欢的公主头,,同人绘,罟离,['https://kol-fans.fp.ps.netease.com/file/5f4859d196dee4493c7224290XyHqpUh02'],2020-08-28 01:11:46
雨妈和卡卡西的日*常,,游戏截图,爱冒险的铭儿,"['https://kol-fans.fp.ps.netease.com/file/5f47b2bca7f2529d25f0d17fHkwlt0bg02', 'https://kol-fans.fp.ps.netease.com/file/5f47b2bc6f0494fd043bb7f5opVAplBT02', 'https://kol-fans.fp.ps.netease.com/file/5f47b2bc143cfa52e1423fb90Iode0SF02', 'https://kol-fans.fp.ps.netease.com/file/5f47b2bc96dee42c1c376a6aUKTouQKS02']",2020-08-27 13:18:52
星·空,,游戏截图,逐星,"['https://kol-fans.fp.ps.netease.com/file/5f47a79e7f9d2ac0930edb7f8DV27hgk02', 'https://kol-fans.fp.ps.netease.com/file/5f47a79e2786fd3b76e1c72cyqJtIV9w02']",2020-08-27 12:31:27
不像彩虹的彩虹桥,,游戏截图,逐星,['https://kol-fans.fp.ps.netease.com/file/5f47a6b55e602791f2716f2efMOD6s8u02'],2020-08-27 12:27:33
黑暗中的我们,,游戏截图,1****57236,"['https://kol-fans.fp.ps.netease.com/file/5f47673c96dee43b0a48fbd0uz27DLGp02', 'https://kol-fans.fp.ps.netease.com/file/5f47673c8b7427269b85a2faW57Nlbov02']",2020-08-27 07:56:44
没遇到ta之前也有许多温暖,,游戏截图,18033****61,"['https://kol-fans.fp.ps.netease.com/file/5f4725fb2786fd635214b819HQb43bVX02', 'https://kol-fans.fp.ps.netease.com/file/5f4725fba7f25249a01b5ad7eMSqD1CT02', 'https://kol-fans.fp.ps.netease.com/file/5f4725fb5e60275a85b517bbqIGaSE1802', 'https://kol-fans.fp.ps.netease.com/file/5f4725fb96dee4d78132cca4XWglylIu02']",2020-08-27 03:18:20
夕阳,,游戏截图,18033****61,"['https://kol-fans.fp.ps.netease.com/file/5f4723cd5e60271746f28960NihDcEEw02', 'https://kol-fans.fp.ps.netease.com/file/5f4723cda7f2520c35ffb958fpFqtt0a02', 'https://kol-fans.fp.ps.netease.com/file/5f4723cda7f25249a01b578d8uqSMiml02', 'https://kol-fans.fp.ps.netease.com/file/5f4723ce8b7427b28e87873cqX4Dqf2B02']",2020-08-27 03:09:02
可遇不可求之人,,游戏截图,15197****12,['https://kol-fans.fp.ps.netease.com/file/5f46fb6396dee45658fb4749aP8MJkIo02'],2020-08-27 00:16:35
固玩退了 画一张纪念一下o不要盗图噢,,绘画,13302****25,['https://kol-fans.fp.ps.netease.com/file/5f46a8cb8b7427a1ef783efd2dyi6TpB02'],2020-08-26 18:24:12
光遇游泳训练班开课啦,,游戏截图,八角,"['https://kol-fans.fp.ps.netease.com/file/5f4659587f9d2a34260fc07eMTQM2vP902', 'https://kol-fans.fp.ps.netease.com/file/5f4659592786fd516df0de31AfRRzZtA02', 'https://kol-fans.fp.ps.netease.com/file/5f46595996dee41a348926a0D344KzFt02', 'https://kol-fans.fp.ps.netease.com/file/5f4659596f04943960b0cff61Dv6TNFz02']",2020-08-26 12:45:13
我愿意把我所去过所看过的美景与你分享,,游戏截图,18923****45,"['https://kol-fans.fp.ps.netease.com/file/5f464a88a7f252b82007fd1cMSKmilJO02', 'https://kol-fans.fp.ps.netease.com/file/5f464a887f9d2aaf89e892b9VtioyLsy02', 'https://kol-fans.fp.ps.netease.com/file/5f464a896f0494cc7f06a535480za1Gi02', 'https://kol-fans.fp.ps.netease.com/file/5f464a8996dee4a7e693f755fUuCtukA02']",2020-08-26 11:42:02
🌈,,游戏截图,18923****45,['https://kol-fans.fp.ps.netease.com/file/5f46492b96dee4bac07e936aiO2iH39502'],2020-08-26 11:36:11
愿天下有情人终成眷属,,游戏截图,18923****45,['https://kol-fans.fp.ps.netease.com/file/5f464843143cfa9f1f2d1f323icDusUS02'],2020-08-26 11:32:19
七夕节，千鸟城适合孤狼独自游玩,,视频,冰糖雪梨,['https://kol-fans.fp.ps.netease.com/file/5f463ad07f9d2a5af1f93d24b0QadCXc02'],2020-08-26 10:34:57
从伊甸之眼意外回来的矮人无翼好友，快来吸溜！,,游戏截图,冰糖雪梨,['https://kol-fans.fp.ps.netease.com/file/5f463a652786fda1e4b776fcDWoxLPLq02'],2020-08-26 10:33:10
遇见,,游戏截图,逐星,"['https://kol-fans.fp.ps.netease.com/file/5f46331f96dee48de7e7be84E4QW9Bky02', 'https://kol-fans.fp.ps.netease.com/file/5f46331f2786fd1402026283oGkoAp3y02', 'https://kol-fans.fp.ps.netease.com/file/5f46332096dee482e29473668wjLGi9s02', 'https://kol-fans.fp.ps.netease.com/file/5f46332096dee4aff9e0fd87xMH1h3fh02']",2020-08-26 10:02:08
偶然 很快乐,,游戏截图,🐱猫,['https://kol-fans.fp.ps.netease.com/file/5f4629ec96dee4192c8c99fcVIwMUu3C02'],2020-08-26 09:22:52
是光让我们相遇。,,游戏截图,Seventeen,"['https://kol-fans.fp.ps.netease.com/file/5f46224196dee4192c8c9000DrNq2XRh02', 'https://kol-fans.fp.ps.netease.com/file/5f4622422786fddd219349a40XYFJVrb02']",2020-08-26 08:50:10
黑暗中的一盏灯,,游戏截图,夏夏,"['https://kol-fans.fp.ps.netease.com/file/5f460ea38b74278dfc21be12CTiODAQu02', 'https://kol-fans.fp.ps.netease.com/file/5f460ea496dee4415dd8ebb2aRYiFJSX02', 'https://kol-fans.fp.ps.netease.com/file/5f460ef996dee4b31dae43b8Abe84eaz02']",2020-08-26 07:28:40
从一个人到遇见你,,游戏截图,13760****52,"['https://kol-fans.fp.ps.netease.com/file/5f45f33e96dee4566369dd33JAmY6ib402', 'https://kol-fans.fp.ps.netease.com/file/5f45f33e8b7427c609bda2740rXbqhc002', 'https://kol-fans.fp.ps.netease.com/file/5f45f33e6f0494142b05b6e11H1jF8Xo02']",2020-08-26 05:29:35
啊啊千鸟城遇见双子啦！！！,,游戏截图,阿一,"['https://kol-fans.fp.ps.netease.com/file/5f45e52a7f9d2ac6541eaedcUdERhMMG02', 'https://kol-fans.fp.ps.netease.com/file/5f45e52a143cfa3cc4a526339Xz4ggCY02', 'https://kol-fans.fp.ps.netease.com/file/5f45e52a96dee4a66746fddeJkHxsmg902', 'https://kol-fans.fp.ps.netease.com/file/5f45e52a2786fd8ee80d09a5g2NCyEut02']",2020-08-26 04:29:31
四个啾啾,,游戏截图,阿一,"['https://kol-fans.fp.ps.netease.com/file/5f45e3f48b74274c20a515941SUWddGU02', 'https://kol-fans.fp.ps.netease.com/file/5f45e3f55e6027a12614d71bNsxCh8g002', 'https://kol-fans.fp.ps.netease.com/file/5f45e3f5a7f252636d643333hJiMwRLV02']",2020-08-26 04:24:22
画的太差啊啊啊卡菇我爱！！,,同人绘,阿一,"['https://kol-fans.fp.ps.netease.com/file/5f45e2fa143cfa47a38cc4b20UWyEwu702', 'https://kol-fans.fp.ps.netease.com/file/5f45e2fa96dee47d35fe45e71UEGcLUJ02', 'https://kol-fans.fp.ps.netease.com/file/5f45e2fa6f04948230f897e3GDiACXdw02']",2020-08-26 04:20:11
飞行赛道上的蓝蝴蝶～,,游戏截图,帖默O,['https://kol-fans.fp.ps.netease.com/file/5f45dbaf143cfaddd1732f4cvPexJI6702'],2020-08-26 03:49:03
篝火烤螃蟹🦀️,,游戏截图,八角,['https://kol-fans.fp.ps.netease.com/file/5f45cb505e6027ee9fc24e40yN6QUT9s02'],2020-08-26 02:39:12
好朋友好丽友,,游戏截图,1****31147,"['https://kol-fans.fp.ps.netease.com/file/5f4575247f9d2a6ba0f898acRAigksLt02', 'https://kol-fans.fp.ps.netease.com/file/5f457525a7f252b9d3cc1779ox72mRs302']",2020-08-25 20:31:33
千鸟岛打开卡🤗🤗,,游戏截图,t****741195,"['https://kol-fans.fp.ps.netease.com/file/5f456a302786fdd3551b3ee8GOAUjUmX02', 'https://kol-fans.fp.ps.netease.com/file/5f456a3296dee40297daeede9xouzduZ02', 'https://kol-fans.fp.ps.netease.com/file/5f456a33143cfad3b5a0bd90iceC1Jal02', 'https://kol-fans.fp.ps.netease.com/file/5f456a3496dee4ee5580bc38spkxKELN02']",2020-08-25 19:44:52
望,,游戏截图,逐星,['https://kol-fans.fp.ps.netease.com/file/5f45307096dee4622f073d55isdULFmC02'],2020-08-25 15:38:24
父与子 哇呜哇呜,,游戏截图,13935****81,"['https://kol-fans.fp.ps.netease.com/file/5f45190e96dee4f5652a1c97g8t7uYhE02', 'https://kol-fans.fp.ps.netease.com/file/5f45190e2786fdf6dfceb6bfb7RV1q2v02', 'https://kol-fans.fp.ps.netease.com/file/5f45190e6f0494c7373157a0cwUwgDXb02', 'https://kol-fans.fp.ps.netease.com/file/5f45190e5e60279ac773ca90Q1MOCSaA02']",2020-08-25 13:58:40
沙雕操作之用电灯烤螃蟹🦀️🦀️🦀️,,游戏截图,八角,['https://kol-fans.fp.ps.netease.com/file/5f4513eb143cfac147910b32Pfq8L70H02'],2020-08-25 13:36:44
雨林的彩虹,,游戏截图,八角,"['https://kol-fans.fp.ps.netease.com/file/5f45125a143cfab9236e744bDKQwqP0X02', 'https://kol-fans.fp.ps.netease.com/file/5f45125e5e602755d1efb65d7VKdV82c02', 'https://kol-fans.fp.ps.netease.com/file/5f4512602786fde10ec5ff60mTRdxfgP02', 'https://kol-fans.fp.ps.netease.com/file/5f4512627f9d2aa65ec225ceZxJOiY8g02']",2020-08-25 13:30:11
遇境最高,,游戏截图,八角,['https://kol-fans.fp.ps.netease.com/file/5f4510d86f049495aa8b7b4fO6Vimqg802'],2020-08-25 13:23:37
啊哈哈我壁咚了别人,,游戏截图,爱玩光遇的小可爱,['https://kol-fans.fp.ps.netease.com/file/5f450d5b143cfa1fb339ba8f8Stz9UwE02'],2020-08-25 13:08:43
我的光遇设～,,同人绘,爱玩光遇的小可爱,['https://kol-fans.fp.ps.netease.com/file/5f450d178b742701342812a5NxITR1bG02'],2020-08-25 13:07:35
重生,,游戏截图,逐星,['https://kol-fans.fp.ps.netease.com/file/5f450477a7f2528851754844pWVXal1U02'],2020-08-25 12:30:47
悠闲暮土,,游戏截图,逐星,"['https://kol-fans.fp.ps.netease.com/file/5f4504035e6027bf240b03b6LKvXc2h202', 'https://kol-fans.fp.ps.netease.com/file/5f450403a7f2527fe4647d4aYlPy4lzR02']",2020-08-25 12:28:51
夏日 烟火和夕阳红战队,,游戏截图,阿杉的随机工坊,"['https://kol-fans.fp.ps.netease.com/file/5f4502f87f9d2afee26a080f9bIrMelz02', 'https://kol-fans.fp.ps.netease.com/file/5f4502f85e6027b94e5398eecN36bBXV02']",2020-08-25 12:24:25
在遇境的那些事———初识与重生,,游戏截图,拾悅,"['https://kol-fans.fp.ps.netease.com/file/5f45001396dee41af18b31a7EurJqIyX02', 'https://kol-fans.fp.ps.netease.com/file/5f4500132786fd4403bf82ae8WsQWG9a02', 'https://kol-fans.fp.ps.netease.com/file/5f4500138b7427caae6f2b92OqNkd8mG02']",2020-08-25 12:12:04
霞光城，我赢了,,游戏截图,短笛,"['https://kol-fans.fp.ps.netease.com/file/5f44ebb5a7f252ce48f6cc7eKTaKkVGA02', 'https://kol-fans.fp.ps.netease.com/file/5f44ebb62786fdc138c45b92PtNvpt3b02', 'https://kol-fans.fp.ps.netease.com/file/5f44ebb6143cfa707135cc496G5gBSN902']",2020-08-25 10:45:11
遇境黄昏,,游戏截图,逐星,"['https://kol-fans.fp.ps.netease.com/file/5f44e72b2786fd76fed96be37flV1yki02', 'https://kol-fans.fp.ps.netease.com/file/5f44e72b5e60270c926cef7drDMrQOLG02', 'https://kol-fans.fp.ps.netease.com/file/5f44e72b8b74270ad58977e1qO7P0KdX02', 'https://kol-fans.fp.ps.netease.com/file/5f44e72c5e6027c68e02b86dv9ZZzgM802']",2020-08-25 10:25:48
驻足,,游戏截图,逐星,['https://kol-fans.fp.ps.netease.com/file/5f44e3e38b7427b823d14269C7yY0Z6702'],2020-08-25 10:11:51
绝美晨岛,,游戏截图,18033****61,['https://kol-fans.fp.ps.netease.com/file/5f44e12a6f04940f864096137V9aSDtb02'],2020-08-25 10:00:10
今天跑图的时候串了 谁知道这个是那个地图,,游戏截图,15756****56,['https://kol-fans.fp.ps.netease.com/file/5f44c0908b74278a4f879c328b7w38xZ02'],2020-08-25 07:41:05
﻿一只猛新,,同人绘,m****3866659,['https://kol-fans.fp.ps.netease.com/file/5f44b87596dee414b812375bPiTjUitC02'],2020-08-25 07:06:29
小花:来，合个影。,,游戏截图,15279****64,"['https://kol-fans.fp.ps.netease.com/file/5f44ac1796dee4db2a705b72bFSeyRwC02', 'https://kol-fans.fp.ps.netease.com/file/5f44ac196f04947ebe7ab34aUfvT6pHU02', 'https://kol-fans.fp.ps.netease.com/file/5f44ac1a143cfa1460b25112Cu0JQ4bd02']",2020-08-25 06:13:47
哇哇哇龙骨！纪念墓土毕业,,游戏截图,鹿呦,"['https://kol-fans.fp.ps.netease.com/file/5f44896b5e6027ccf26c5c6c95woJe3v02', 'https://kol-fans.fp.ps.netease.com/file/5f44896b96dee48ef2f23de0KllHySSK02', 'https://kol-fans.fp.ps.netease.com/file/5f44896b5e6027e26dc2e028p3Hhm7um02', 'https://kol-fans.fp.ps.netease.com/file/5f44896c5e6027e2eb044215Z57DaPJi02']",2020-08-25 03:45:48
人类迷惑行为,,游戏截图,m****4964576,['https://kol-fans.fp.ps.netease.com/file/5f447cdf96dee41dca139839cCItgqjm02'],2020-08-25 02:52:16
来张自拍吧~,,游戏截图,零度,['https://kol-fans.fp.ps.netease.com/file/5f4463fb5e6027a440569c68ic1LfrBK02'],2020-08-25 01:06:04
三口之家（一）,,游戏截图,零度,"['https://kol-fans.fp.ps.netease.com/file/5f4463d57f9d2a97a27b537ahh5emqFk02', 'https://kol-fans.fp.ps.netease.com/file/5f4463d58b7427d9b2fc84a1LKEUlwLe02']",2020-08-25 01:05:25
我们背对背拥抱~滥用沉默在咆哮~,,游戏截图,零度,['https://kol-fans.fp.ps.netease.com/file/5f4463ae7f9d2a90428ba0693qytyPYB02'],2020-08-25 01:04:46
在线带娃瞎溜达~,,游戏截图,零度,"['https://kol-fans.fp.ps.netease.com/file/5f4462fba7f252c71d8da35c4Lv3gXVk02', 'https://kol-fans.fp.ps.netease.com/file/5f4462fb143cfa18d3e67058uHKMLi6q02']",2020-08-25 01:01:47
彩虹当头，好运连连！,,游戏截图,零度,"['https://kol-fans.fp.ps.netease.com/file/5f4462d25e60279a1ce326ebSKxetKNq02', 'https://kol-fans.fp.ps.netease.com/file/5f4462d26f04942bb9ece6f8qU8a5c4w02']",2020-08-25 01:01:07
自闭白鸟,,游戏截图,零度,['https://kol-fans.fp.ps.netease.com/file/5f44629a2786fd6bc8841d0ePiALYmZc02'],2020-08-25 01:00:11
从始-至终,,游戏截图,我是小疆,['https://kol-fans.fp.ps.netease.com/file/5f4426435e602799616c8a5cZaEMqcz802'],2020-08-24 20:42:44
重生之路的神仙景点！！,,游戏截图,15313****57,['https://kol-fans.fp.ps.netease.com/file/5f43ce4c8b7427f9e8278837MhYkI6VG02'],2020-08-24 14:27:24
在云野的小可爱,,游戏截图,情歌,"['https://kol-fans.fp.ps.netease.com/file/5f43bc7c8b7427653358385bRL6ZY6BQ02', 'https://kol-fans.fp.ps.netease.com/file/5f43bc7d6f0494c8142c8876fF7ebKGo02', 'https://kol-fans.fp.ps.netease.com/file/5f43bc7d6f0494c5209f36dc2KKqNryv02', 'https://kol-fans.fp.ps.netease.com/file/5f43bc7d6f0494c8142c8878BcJlGaX802']",2020-08-24 13:11:26
记念第一次献祭´͈ ᵕ `͈,,游戏截图,18705****13,"['https://kol-fans.fp.ps.netease.com/file/5f43bc06143cfad3afcc7c56HSaiMdOS02', 'https://kol-fans.fp.ps.netease.com/file/5f43bc065e60275830553047XVzmwlP302', 'https://kol-fans.fp.ps.netease.com/file/5f43bc065e6027a7556fc6d6FdQIYrB302']",2020-08-24 13:09:27
我希望我能乘着云，随着流，闻着花，迎着风，追着光，去找寻你的足迹✨ ,,同人绘,忱可,"['https://kol-fans.fp.ps.netease.com/file/5f43b2618b7427186634439ek55tkCgi02', 'https://kol-fans.fp.ps.netease.com/file/5f43b2612786fdb030d2249ewPEHPXcz02', 'https://kol-fans.fp.ps.netease.com/file/5f43b2626f0494694f2042abH1aiUPqL02', 'https://kol-fans.fp.ps.netease.com/file/5f43b2627f9d2a5f3325ad4ceXTcRN4602']",2020-08-24 12:28:19
初入光遇,,探索,17680****91,"['https://kol-fans.fp.ps.netease.com/file/5f43a85f96dee40d321f304c4gJ6Ju6A02', 'https://kol-fans.fp.ps.netease.com/file/5f43a85f6f04941b3029b110PDcX7u9v02', 'https://kol-fans.fp.ps.netease.com/file/5f43a85f6f04941d4834adadbtHDVerl02', 'https://kol-fans.fp.ps.netease.com/file/5f43a860143cfadcbffcdf43VyNlteuN02']",2020-08-24 11:45:36
看我的平流层特技飞行！这才是真正的云野筑梦啊！,,游戏截图,d****_stop13578,"['https://kol-fans.fp.ps.netease.com/file/5f43972a5e6027e955f85317go6pYoJV02', 'https://kol-fans.fp.ps.netease.com/file/5f43972a6f0494d4907b0753vt6tkiz202']",2020-08-24 10:32:11
没有我画一个QAQ,,同人绘,m****3866659,['https://kol-fans.fp.ps.netease.com/file/5f4385788b7427e1ef1fe6a4YyvLruRh02'],2020-08-24 09:16:41
我还以为我被屏蔽了😨😨😨,,游戏截图,小小,['https://kol-fans.fp.ps.netease.com/file/5f433628a7f252d485a19f8cykYWSPUw02'],2020-08-24 03:38:16
这个人的姿势好奇怪哦,,游戏截图,小小,"['https://kol-fans.fp.ps.netease.com/file/5f433478a7f25268ae6e761fyzBTF2Qw02', 'https://kol-fans.fp.ps.netease.com/file/5f4334786f04940612e298e9HwZgRQro02', 'https://kol-fans.fp.ps.netease.com/file/5f4334788b74277e76a07fc36GFrfyVi02', 'https://kol-fans.fp.ps.netease.com/file/5f4334786f049498ac1e97a8SzroxbXQ02']",2020-08-24 03:31:05
每次都挂机😶😶😶,,游戏截图,小小,"['https://kol-fans.fp.ps.netease.com/file/5f43344e7f9d2ab570f2cf5aGM6Jx8HT02', 'https://kol-fans.fp.ps.netease.com/file/5f43344e7f9d2a92c8d2c595ZvkiEtOi02', 'https://kol-fans.fp.ps.netease.com/file/5f43344f143cfa75d661356cJrbpG4Qv02']",2020-08-24 03:30:23
七个，是单数诶,,游戏截图,小小,"['https://kol-fans.fp.ps.netease.com/file/5f4333f38b742769045caca7i52fla1902', 'https://kol-fans.fp.ps.netease.com/file/5f4333f37f9d2aa51ffdaa3bGEKSXYx502']",2020-08-24 03:28:52
这算景点吗？:D,,游戏截图,:D,['https://kol-fans.fp.ps.netease.com/file/5f4320e78b7427b960c27da48Bt9m8Fs02'],2020-08-24 02:07:35
办公室打卡。（内）:D,,游戏截图,:D,"['https://kol-fans.fp.ps.netease.com/file/5f4320b92786fd66f2d48b3ajzt43pWt02', 'https://kol-fans.fp.ps.netease.com/file/5f4320ba96dee4f9427a4c58gkdlDyOP02', 'https://kol-fans.fp.ps.netease.com/file/5f4320ba2786fd66f2d48b3cu2z29Cyz02', 'https://kol-fans.fp.ps.netease.com/file/5f4320baa7f252844bdc1c92lrl866C802']",2020-08-24 02:06:52
办公室打卡。（外）:D,,游戏截图,:D,"['https://kol-fans.fp.ps.netease.com/file/5f4320907f9d2a65e756bf35U5chz19u02', 'https://kol-fans.fp.ps.netease.com/file/5f4320902786fd0abf348459S27bS5tO02', 'https://kol-fans.fp.ps.netease.com/file/5f4320908b7427bb98fe4503zVkKewPk02', 'https://kol-fans.fp.ps.netease.com/file/5f432091143cfab3778e0fa63lPpDoaB02']",2020-08-24 02:06:11
嘿！靓仔！！,,游戏截图,13518****66,"['https://kol-fans.fp.ps.netease.com/file/5f429ebc96dee48c43a45511wQE1TrO602', 'https://kol-fans.fp.ps.netease.com/file/5f429ebc5e6027196318ca4fWPoFiNRH02', 'https://kol-fans.fp.ps.netease.com/file/5f429ebc96dee4cbbf76cb2dN9SCELxO02']",2020-08-23 16:52:13
旅人,,游戏截图,13518****66,"['https://kol-fans.fp.ps.netease.com/file/5f429df52786fd6a42474f49TK1J57NH02', 'https://kol-fans.fp.ps.netease.com/file/5f429df58b7427e8acdb09a5BOvwYxWq02', 'https://kol-fans.fp.ps.netease.com/file/5f429df596dee4cbbf76c988QmbwIwOt02', 'https://kol-fans.fp.ps.netease.com/file/5f429df5143cfa651f9e1208MOJbiSRA02']",2020-08-23 16:48:54
别人的光遇风景（云野篇，本人和某只丫头拍摄）,,游戏截图,某只皮皮虾,"['https://kol-fans.fp.ps.netease.com/file/5f429b152786fd6a42474a7aidf315JS02', 'https://kol-fans.fp.ps.netease.com/file/5f429b17143cfa5623ff89f9xSfjVPmv02', 'https://kol-fans.fp.ps.netease.com/file/5f429b187f9d2a65f9285ea6i6KScSks02', 'https://kol-fans.fp.ps.netease.com/file/5f429b1996dee4944b19d3cd6iEiErED02']",2020-08-23 16:36:44
看星光,,游戏截图,15869****84,['https://kol-fans.fp.ps.netease.com/file/5f4291857f9d2a1c2918d359TUNbJ2u902'],2020-08-23 15:55:50
看星光,,游戏截图,15869****84,['https://kol-fans.fp.ps.netease.com/file/5f4290fb96dee469e6049eadZyDI3yZC02'],2020-08-23 15:53:32
游戏美景打卡,,游戏截图,隔壁家的栗崽,"['https://kol-fans.fp.ps.netease.com/file/5f4270e296dee46f184a3cda7qYE8o7102', 'https://kol-fans.fp.ps.netease.com/file/5f4270e296dee46f184a3cdclWzwkg1P02', 'https://kol-fans.fp.ps.netease.com/file/5f4270e32786fd4bb78693d1IzldEfGJ02', 'https://kol-fans.fp.ps.netease.com/file/5f4270e36f04946660b2935fUPAich0902']",2020-08-23 13:36:37
遇见你、很高心,,游戏截图,18221****86,"['https://kol-fans.fp.ps.netease.com/file/5f426a225e6027b43e694c99p90Sq0Er02', 'https://kol-fans.fp.ps.netease.com/file/5f426a227f9d2a235b9bab29mGA0ZffF02', 'https://kol-fans.fp.ps.netease.com/file/5f426a236f04943093ce023fGgJFaz8302', 'https://kol-fans.fp.ps.netease.com/file/5f426a238b7427ab9390f72402EzqbqN02']",2020-08-23 13:07:48
今天向喜欢的人表白啦！,他是我开服加的，我因为他的不注意细节把他屏蔽了，然后！！！他急了！他急了！后来我向他表白就成功了哎！！,同人文,九儿,[],2020-08-23 11:08:23
可爱菇哥（？,,同人绘,LEo雷盎,['https://kol-fans.fp.ps.netease.com/file/5f4241598b7427c15623dfa1FbDeaUvD02'],2020-08-23 10:13:46
遇见彩虹，吃定彩虹,,游戏截图,小小,"['https://kol-fans.fp.ps.netease.com/file/5f423b53143cfab799d7e71cC9A6bPmx02', 'https://kol-fans.fp.ps.netease.com/file/5f423b54143cfab47ce2c480Bp1SbKsr02', 'https://kol-fans.fp.ps.netease.com/file/5f423b546f0494dcb373320dWKBy0f9302', 'https://kol-fans.fp.ps.netease.com/file/5f423b548b742772346815862646jabm02']",2020-08-23 09:48:06
用无翼跑完了墓土（虽然是朋友带的）,,游戏截图,小小,"['https://kol-fans.fp.ps.netease.com/file/5f423b065e602752c3940d10zVRlqQhO02', 'https://kol-fans.fp.ps.netease.com/file/5f423b068b7427984fe3e0d00R7z4iVF02', 'https://kol-fans.fp.ps.netease.com/file/5f423b067f9d2ae4eadb3840k0iLacRU02']",2020-08-23 09:46:46
废墟中金色的光芒,,游戏截图,华月,['https://kol-fans.fp.ps.netease.com/file/5f423564143cfa75dddf9823tp8xDbPP02'],2020-08-23 09:22:45
从一而终，牵挂的都不将就,,游戏截图,1-437****044,['https://kol-fans.fp.ps.netease.com/file/5f42285e6f04949a8278b91d9kkckmze02'],2020-08-23 08:27:11
“我知道你会来，所以我等”,,游戏截图,1-437****044,"['https://kol-fans.fp.ps.netease.com/file/5f4226e796dee45ef92da0b7lWZxWHqd02', 'https://kol-fans.fp.ps.netease.com/file/5f4226e98b742717a171fdaettDKGbaS02', 'https://kol-fans.fp.ps.netease.com/file/5f4226ea7f9d2a91a43703853zErGFwN02', 'https://kol-fans.fp.ps.netease.com/file/5f4226ec2786fd92a5e2d61f2HPYoCDN02']",2020-08-23 08:21:01
拉车师傅,,游戏截图,短笛,['https://kol-fans.fp.ps.netease.com/file/5f42178c96dee4ab1a4c81d9ko4jkVxY02'],2020-08-23 07:15:24
约会千鸟城,,游戏截图,短笛,"['https://kol-fans.fp.ps.netease.com/file/5f4216c4143cfab799d7dcb0hhhOa9vg02', 'https://kol-fans.fp.ps.netease.com/file/5f4216c57f9d2a2ffbb5c507iKlhJC2k02', 'https://kol-fans.fp.ps.netease.com/file/5f4216c57f9d2a2ffbb5c508q39VSOiI02', 'https://kol-fans.fp.ps.netease.com/file/5f4216c56f0494966ac1eef5qWQUjrQ102']",2020-08-23 07:12:07
雨林中等你，你会来找我吗¥^v^¥,,游戏截图,光遇枫影,"['https://kol-fans.fp.ps.netease.com/file/5f4211697f9d2adcc18916deqeiVgHlv02', 'https://kol-fans.fp.ps.netease.com/file/5f4211695e602742eb30ff3eL3k2KdVK02', 'https://kol-fans.fp.ps.netease.com/file/5f42116a96dee4b327ccb9aaWTYuB3X902']",2020-08-23 06:49:14
监护人第一次带跑图了,,游戏截图,小小,['https://kol-fans.fp.ps.netease.com/file/5f41feb2143cfae6e93b6da5zT1HIc2002'],2020-08-23 05:29:23
要壁纸？进来康康？,,游戏截图,17681****87,"['https://kol-fans.fp.ps.netease.com/file/5f41f1c52786fd3dd9720b1a463GBcaj02', 'https://kol-fans.fp.ps.netease.com/file/5f41f1c58b7427d087a71424NHKWyGc302', 'https://kol-fans.fp.ps.netease.com/file/5f41f1c62786fd44e505e2305tzaUPsL02', 'https://kol-fans.fp.ps.netease.com/file/5f41f1c62786fd6ae7ba68ee40q0aMiU02']",2020-08-23 04:34:15
今日的光遇毁人生系列,,同人绘,18338****63,['https://kol-fans.fp.ps.netease.com/file/5f41e2227f9d2aaca0baf369Gu082glA02'],2020-08-23 03:27:30
命名：孤独的守望者,,游戏截图,18338****63,['https://kol-fans.fp.ps.netease.com/file/5f41e1b06f0494fc541cac5bjj41wXLY02'],2020-08-23 03:25:37
你们有没有被鲲突然带走,,游戏截图,17807****26,"['https://kol-fans.fp.ps.netease.com/file/5f41beec2786fd08f37e0741v856XHgr02', 'https://kol-fans.fp.ps.netease.com/file/5f41beee96dee4420c89a1814YBTDRi002', 'https://kol-fans.fp.ps.netease.com/file/5f41beee7f9d2aed7ebe1aa5hwSUYw9G02']",2020-08-23 00:57:19
《遇见温暖》,,游戏截图,15280****68,"['https://kol-fans.fp.ps.netease.com/file/5f4184c6143cfafb6c796f17FN0Y23cJ02', 'https://kol-fans.fp.ps.netease.com/file/5f4184c65e6027a6181ad4de7PHZzovg02']",2020-08-22 20:49:11
发现奇怪组织,,游戏截图,15025****67,['https://kol-fans.fp.ps.netease.com/file/5f4172e05e6027dc3e827fa8HMiyS0iK02'],2020-08-22 19:32:49
发现这套造型好帅啊,,游戏截图,18109****19,['https://kol-fans.fp.ps.netease.com/file/5f41521896dee49918625d5beTcwivMQ02'],2020-08-22 17:12:57
第一次献祭，一个人，走过一生的孤独，,,游戏截图,叁叁,"['https://kol-fans.fp.ps.netease.com/file/5f4146506f04946d84bd18f5PWMSbrhD02', 'https://kol-fans.fp.ps.netease.com/file/5f4146515e602722c69426130AF0GYTi02', 'https://kol-fans.fp.ps.netease.com/file/5f41465196dee4405f827283CiRlQwFt02', 'https://kol-fans.fp.ps.netease.com/file/5f4146518b7427f5c81d3283E2siCPk202']",2020-08-22 16:22:43
遇到的狮子,,同人绘,18582****44,['https://kol-fans.fp.ps.netease.com/file/5f413c478b7427e68eb3192dCKNDeVp302'],2020-08-22 15:39:52
星光季,,投稿季节,2****37204,"['https://kol-fans.fp.ps.netease.com/file/5f411c008b7427fb99772108L0NHxuoi02', 'https://kol-fans.fp.ps.netease.com/file/5f411c00143cfa3992f8eaaeqmLR5p8Z02', 'https://kol-fans.fp.ps.netease.com/file/5f411c006f0494467adf854bJyOUjtSS02', 'https://kol-fans.fp.ps.netease.com/file/5f411c017f9d2a9b8c4ec7bdJIMiWOQL02']",2020-08-22 13:22:09
我的独角戏,,游戏截图,短笛,"['https://kol-fans.fp.ps.netease.com/file/5f4114105e602798fe64bd1aclvKK9uu02', 'https://kol-fans.fp.ps.netease.com/file/5f4114107f9d2a3fe5c2e3800WV4kwIk02', 'https://kol-fans.fp.ps.netease.com/file/5f411410143cfa08128950e3tyFb4Auq02', 'https://kol-fans.fp.ps.netease.com/file/5f4114108b7427bec07d2a87T7VpauwZ02']",2020-08-22 12:48:17
这是个什么狗？,,游戏截图,短笛,['https://kol-fans.fp.ps.netease.com/file/5f410e682786fd586bd0520dWEEiFYTU02'],2020-08-22 12:24:08
马上换到雨妈了，画个靓仔吧,,同人绘,九儿,['https://kol-fans.fp.ps.netease.com/file/5f40fa178b7427129360e799HcBHX17S02'],2020-08-22 10:57:28
我是光之子✨,,游戏截图,18653****39,['https://kol-fans.fp.ps.netease.com/file/5f40f8de96dee4d7f58efe95D7TK2TKM02'],2020-08-22 10:52:14
无翼！！！真的不来康康吗,,游戏截图,小小,"['https://kol-fans.fp.ps.netease.com/file/5f40ebd95e60277fb651229dkBQcik7m02', 'https://kol-fans.fp.ps.netease.com/file/5f40ebd95e60277fb651229eGyLcI4lk02', 'https://kol-fans.fp.ps.netease.com/file/5f40ebd996dee4a4c6808596duBDhPuA02', 'https://kol-fans.fp.ps.netease.com/file/5f40ebd996dee44ac11f8b39otCAaxtF02']",2020-08-22 09:56:43
又是和朋友们快乐跑图的一天！加油攒蜡烛吧！,,游戏截图,18100****51,"['https://kol-fans.fp.ps.netease.com/file/5f40e09b96dee4110c4b2f67g5mOBOOc02', 'https://kol-fans.fp.ps.netease.com/file/5f40e09c5e60272ec617309fRBVZ4lZE02', 'https://kol-fans.fp.ps.netease.com/file/5f40e09c5e60272d5e7e8a270acZMZzl02', 'https://kol-fans.fp.ps.netease.com/file/5f40e09d5e6027359288c829PHKMTEeE02']",2020-08-22 09:08:47
My best friend，When you get back,,游戏截图,芝士就是力量,"['https://kol-fans.fp.ps.netease.com/file/5f40b6e46f0494f316734f3aL4bsxl8B02', 'https://kol-fans.fp.ps.netease.com/file/5f40b6e45e60271455f24c738xlJVaVH02', 'https://kol-fans.fp.ps.netease.com/file/5f40b6e46f0494cda8f90534PozubG4202', 'https://kol-fans.fp.ps.netease.com/file/5f40b6e496dee4f40edbb98fOb4htJzS02']",2020-08-22 06:10:45
﻿打卡必备点,,游戏截图,陌一林,"['https://kol-fans.fp.ps.netease.com/file/5f40a4c56f04948846bc13c0bVFu5rvQ02', 'https://kol-fans.fp.ps.netease.com/file/5f40a4c55e6027a4b1db5537YdVoBpeF02', 'https://kol-fans.fp.ps.netease.com/file/5f40a4c5143cfaefeda312bbNpCrKWiP02', 'https://kol-fans.fp.ps.netease.com/file/5f40a4c68b7427d9b6658ca2ABWq16Ti02']",2020-08-22 04:53:27
约会圣地千鸟城,,游戏截图,陌一林,"['https://kol-fans.fp.ps.netease.com/file/5f40a3da96dee471c5bb821f2dJkw4Cg02', 'https://kol-fans.fp.ps.netease.com/file/5f40a3db96dee471c5bb8220Rax7mQBs02', 'https://kol-fans.fp.ps.netease.com/file/5f40a3dc5e60275b64f02923eGSkaOOS02', 'https://kol-fans.fp.ps.netease.com/file/5f40a3dd2786fd928bcc57c0DoAiWlcw02']",2020-08-22 04:49:34
云野的蒜苗子们（那个最可爱的小无翼是我哦！！！）,,游戏截图,小小,"['https://kol-fans.fp.ps.netease.com/file/5f40988f143cfa9a7392fa2dRG515mL202', 'https://kol-fans.fp.ps.netease.com/file/5f40988f8b7427ab9c6ac94c7LF5qVXT02', 'https://kol-fans.fp.ps.netease.com/file/5f4098906f0494437ee9fcb4ie9lXiq002', 'https://kol-fans.fp.ps.netease.com/file/5f40989096dee42287d89e44FeIdita702']",2020-08-22 04:01:21
我与辉辉,,游戏截图,小静子呐,"['https://kol-fans.fp.ps.netease.com/file/5f40900f5e60270a4aba3c00vcmkbRSg02', 'https://kol-fans.fp.ps.netease.com/file/5f40900f143cfa497d606745AOSh2z7b02', 'https://kol-fans.fp.ps.netease.com/file/5f40900f8b7427351eb44dc2kCt0IsWH02']",2020-08-22 03:25:04
用无翼跑雨林的奇奇怪怪的经历✌️,,游戏截图,小小,"['https://kol-fans.fp.ps.netease.com/file/5f4089792786fd0e9c6bb114ewj42Avj02', 'https://kol-fans.fp.ps.netease.com/file/5f4089798b742745b065f651AGW4T4Bq02', 'https://kol-fans.fp.ps.netease.com/file/5f4089795e6027e6111bfd6bHiEXDpPs02', 'https://kol-fans.fp.ps.netease.com/file/5f4089796f0494d328fd92e3qpLqMPjN02']",2020-08-22 02:56:58
和监护人打卡5⃣️,,游戏截图,小小,"['https://kol-fans.fp.ps.netease.com/file/5f4063d76f0494070cf150c9J3sNLkq202', 'https://kol-fans.fp.ps.netease.com/file/5f4063d76f0494070cf150cafHSjYJGd02', 'https://kol-fans.fp.ps.netease.com/file/5f4063d72786fd260da19c1bDDLRpp7i02', 'https://kol-fans.fp.ps.netease.com/file/5f4063d78b7427611ed772540vg6AgX102']",2020-08-22 00:16:24
光·遇追光之旅：从新手晨岛到熟手禁阁,,视频,d****_stop13578,['https://kol-fans.fp.ps.netease.com/file/5f404cee5e60271fe9c646a1D7tfh0Gp02'],2020-08-21 22:38:43
这一年的时光全是满满的爱，满满的陪伴与快乐，大田依然与你们同在。,,游戏截图,18290****06,"['https://kol-fans.fp.ps.netease.com/file/5f3feed76f049403d5ee07c1fNLGib0O02', 'https://kol-fans.fp.ps.netease.com/file/5f3feed72786fd8c6eb341f9BgImfB4V02', 'https://kol-fans.fp.ps.netease.com/file/5f3feed7143cfa8f53b39ba2WW18X6OF02', 'https://kol-fans.fp.ps.netease.com/file/5f3feed75e60271e39211d4dVHHNkzI902']",2020-08-21 15:57:12
遇上彩虹🌈,,游戏截图,米子。,['https://kol-fans.fp.ps.netease.com/file/5f3fd5aa7f9d2ab6d5fb7e9aMRCYJOSb02'],2020-08-21 14:09:47
孤儿养成记,,游戏截图,叶梦梦,"['https://kol-fans.fp.ps.netease.com/file/5f3fd1e696dee4ccca351951VzJiTgmB02', 'https://kol-fans.fp.ps.netease.com/file/5f3fd1eb7f9d2a7f74a4cfc1FsVDXxfh02', 'https://kol-fans.fp.ps.netease.com/file/5f3fd1ed143cfaa8f4527d7dcw1i2Wgv02', 'https://kol-fans.fp.ps.netease.com/file/5f3fd1ef2786fdfa91e8dc9bDPbNGLiL02']",2020-08-21 13:53:54
游戏截图,,游戏截图,15823****71,"['https://kol-fans.fp.ps.netease.com/file/5f3fcae296dee49ca28abcb48Bm4VP5Z02', 'https://kol-fans.fp.ps.netease.com/file/5f3fcae36f049486221d22b6Ur6lluO002', 'https://kol-fans.fp.ps.netease.com/file/5f3fcae3143cfa85153f1af3tiTvMOCP02', 'https://kol-fans.fp.ps.netease.com/file/5f3fcae47f9d2a7697f41c59V6YtPH0I02']",2020-08-21 13:23:48
莫名就挺秃然的,,游戏截图,15154****68,['https://kol-fans.fp.ps.netease.com/file/5f3fb26ba7f25278268eb46aFZmz3Qxd02'],2020-08-21 11:39:24
人应该多往上看:D,,游戏截图,:D,['https://kol-fans.fp.ps.netease.com/file/5f3f9373143cfa8a3b0d1236edsiGMcm02'],2020-08-21 09:27:16
温暖的灵魂终将相由:D,,游戏截图,:D,['https://kol-fans.fp.ps.netease.com/file/5f3f932e2786fd2e7773efd8ZOI1GYkO02'],2020-08-21 09:26:06
我在月光之下的回忆，天上星星宛如你的眼睛，此时此刻世界充满诗意，我们的 angel love！,,游戏截图,77Svan,"['https://kol-fans.fp.ps.netease.com/file/5f3f8aca143cfa70e164e7afR0K9AYQX02', 'https://kol-fans.fp.ps.netease.com/file/5f3f8aca8b742705c3e78432VzFXPgK202', 'https://kol-fans.fp.ps.netease.com/file/5f3f8acb5e6027eee8fdf05d5uUAIgyf02', 'https://kol-fans.fp.ps.netease.com/file/5f3f8acb8b7427dfad2e7a6eHlO5LTIi02']",2020-08-21 08:50:20
监护人带着卡无翼✌️,,游戏截图,小小,"['https://kol-fans.fp.ps.netease.com/file/5f3f8a61143cfa5ce5afd5e1DEvmS6Sp02', 'https://kol-fans.fp.ps.netease.com/file/5f3f8a61143cfa45de7ebe6aaEzWqJX502', 'https://kol-fans.fp.ps.netease.com/file/5f3f8a616f0494adfeb00c75twrqH59I02', 'https://kol-fans.fp.ps.netease.com/file/5f3f8a617f9d2a932493476cOy1YycH202']",2020-08-21 08:48:34
和监护人打卡4⃣️,,游戏截图,小小,"['https://kol-fans.fp.ps.netease.com/file/5f3f8a1f8b74279c000cce31Yut7hiMJ02', 'https://kol-fans.fp.ps.netease.com/file/5f3f8a1f2786fdadb09683e6zPZ1bg4m02', 'https://kol-fans.fp.ps.netease.com/file/5f3f8a1f5e6027d91a21f9ebodHX8xFd02', 'https://kol-fans.fp.ps.netease.com/file/5f3f8a20a7f2522baa46fbe5KKZMJKBr02']",2020-08-21 08:47:29
和监护人打卡3⃣️,,游戏截图,小小,"['https://kol-fans.fp.ps.netease.com/file/5f3f89ee143cfa70e164e5659mHXGPrs02', 'https://kol-fans.fp.ps.netease.com/file/5f3f89ee6f0494a252d5818d2kIqeCdb02', 'https://kol-fans.fp.ps.netease.com/file/5f3f89efa7f252e9e5f4fece0AMNEZ1u02', 'https://kol-fans.fp.ps.netease.com/file/5f3f89ef7f9d2a0c097ad397djBH9eKH02']",2020-08-21 08:46:40
和监护人打卡2⃣️,,游戏截图,小小,"['https://kol-fans.fp.ps.netease.com/file/5f3f89b7143cfa66e960d176vMZa5ORO02', 'https://kol-fans.fp.ps.netease.com/file/5f3f89b7143cfa0b84473146EEpp553J02', 'https://kol-fans.fp.ps.netease.com/file/5f3f89b72786fde0314a10ea5gUKkfFx02', 'https://kol-fans.fp.ps.netease.com/file/5f3f89b86f049474d363e374llqgDSeF02']",2020-08-21 08:45:45
彩虹岛的回忆,,游戏截图,77Svan,"['https://kol-fans.fp.ps.netease.com/file/5f3f895f96dee4199cc4c528DOwfkr5Q02', 'https://kol-fans.fp.ps.netease.com/file/5f3f89606f049474d363e307MdZi3S0d02', 'https://kol-fans.fp.ps.netease.com/file/5f3f89605e6027eee8fded0dVafhEBxr02', 'https://kol-fans.fp.ps.netease.com/file/5f3f8960143cfa45de7ebc71izAuYB1h02']",2020-08-21 08:44:17
和监护人打卡1⃣️,,游戏截图,小小,"['https://kol-fans.fp.ps.netease.com/file/5f3f89347f9d2a978b136c98IYTESk3502', 'https://kol-fans.fp.ps.netease.com/file/5f3f89342786fde0314a0fc6IhjR6KAQ02', 'https://kol-fans.fp.ps.netease.com/file/5f3f89345e6027d91a21f7d2CtBGu9Dk02', 'https://kol-fans.fp.ps.netease.com/file/5f3f89345e6027eee8fdeca5wwUrST2l02']",2020-08-21 08:43:37
云间飞翔,,游戏截图,贫道法号-符华上仙,['https://kol-fans.fp.ps.netease.com/file/5f3f6db196dee4deeded835d46oQxEyM02'],2020-08-21 06:46:10
感谢相遇，不负遇见,,游戏截图,鹿呦,"['https://kol-fans.fp.ps.netease.com/file/5f3f62bb8b7427e269e1f926gbdPiU2D02', 'https://kol-fans.fp.ps.netease.com/file/5f3f62bb2786fdb1650a64f6HBil2hbm02', 'https://kol-fans.fp.ps.netease.com/file/5f3f62bba7f252f47a000d5dzBMZVPkJ02', 'https://kol-fans.fp.ps.netease.com/file/5f3f62bb7f9d2a427c63f75bJkky4Nch02']",2020-08-21 05:59:23
❤,,游戏截图,鹿呦,"['https://kol-fans.fp.ps.netease.com/file/5f3f5fa3143cfa09daadd0f9cur0QF3i02', 'https://kol-fans.fp.ps.netease.com/file/5f3f5fa396dee48a3f5eee2f5yBFHi4Q02']",2020-08-21 05:46:12
和串线来的雨妈合影,,游戏截图,鹿呦,"['https://kol-fans.fp.ps.netease.com/file/5f3f5ea896dee4899a83dc66S3gyHsWz02', 'https://kol-fans.fp.ps.netease.com/file/5f3f5ea87f9d2a427c63f188i5LlHjy102']",2020-08-21 05:42:01
和好朋友在一起的时光总是那么短暂，又要自己一个人淋雨了,,游戏截图,13965****21,"['https://kol-fans.fp.ps.netease.com/file/5f3f5a2a96dee4390ec11b35lqMj0EV102', 'https://kol-fans.fp.ps.netease.com/file/5f3f5a2a7f9d2a2a63e4e1c1WZ60v0Rw02', 'https://kol-fans.fp.ps.netease.com/file/5f3f5a2a8b7427a9ad4d30bdd5hj1rrv02', 'https://kol-fans.fp.ps.netease.com/file/5f3f5a2a6f04944e1b344c841uWTmtqx02']",2020-08-21 05:22:51
🥰,,游戏截图,一一,"['https://kol-fans.fp.ps.netease.com/file/5f3f25768b742789b8572d290VfCTSJN02', 'https://kol-fans.fp.ps.netease.com/file/5f3f25765e60277b57cffe063K56S3Ci02']",2020-08-21 01:37:58
温暖的游戏，深入我心,,游戏截图,18924****81,"['https://kol-fans.fp.ps.netease.com/file/5f3f1c7096dee44e63fbf93ePaDJmRyi02', 'https://kol-fans.fp.ps.netease.com/file/5f3f1c707f9d2a411f99b0c4TvE2g6JR02', 'https://kol-fans.fp.ps.netease.com/file/5f3f1c70143cfa92d1da93baNQBy5e8c02', 'https://kol-fans.fp.ps.netease.com/file/5f3f1c71a7f2529ca0686078ijseP7jK02']",2020-08-21 00:59:31
我孤狼很寂寞啊,,游戏截图,九儿,['https://kol-fans.fp.ps.netease.com/file/5f3f0fa48b7427c38463ec15xfNvx0dT02'],2020-08-21 00:04:52
与虹相遇,,游戏截图,13696****84,['https://kol-fans.fp.ps.netease.com/file/5f3ecce98b7427607dc01dc2U2uOiUSe02'],2020-08-20 19:20:10
拥抱,,游戏截图,13639****11,['https://kol-fans.fp.ps.netease.com/file/5f3ecb8196dee444abc1c13dc1CCPYRY02'],2020-08-20 19:14:10
雨林孤狼双开脑洞图 by栗子炒鸡块,,同人绘,13916****04,['https://kol-fans.fp.ps.netease.com/file/5f3ea3192786fdf608a3fec4Leev9sDv02'],2020-08-20 16:21:46
日常,,同人绘,十紫,"['https://kol-fans.fp.ps.netease.com/file/5f3e997e96dee4a2240a3099aVfyf7RX02', 'https://kol-fans.fp.ps.netease.com/file/5f3e997ea7f2524c423c30e10M9cH5mu02', 'https://kol-fans.fp.ps.netease.com/file/5f3e997e96dee4a39ceb92a1P1MK9DpY02']",2020-08-20 15:40:47
带萌新,,游戏截图,18563****83,"['https://kol-fans.fp.ps.netease.com/file/5f3e94067f9d2a8b8c822580pjiDPP2R02', 'https://kol-fans.fp.ps.netease.com/file/5f3e94066f0494b0a10723a7NlS4TBha02', 'https://kol-fans.fp.ps.netease.com/file/5f3e94075e6027e21c287f36O3jW9euy02']",2020-08-20 15:17:27
爱情从光遇开始，恩恩爱爱,,游戏截图,18262****52,"['https://kol-fans.fp.ps.netease.com/file/5f3e83ac96dee41e9dc04141Abcgp25P02', 'https://kol-fans.fp.ps.netease.com/file/5f3e83ac7f9d2a03fcb19900RVCQOHiK02', 'https://kol-fans.fp.ps.netease.com/file/5f3e83ac7f9d2a1994951856jc5IffiS02', 'https://kol-fans.fp.ps.netease.com/file/5f3e83ac8b7427993f2a7c90l4F5AazG02']",2020-08-20 14:07:41
各种角度偷拍,,游戏截图,19918****05,"['https://kol-fans.fp.ps.netease.com/file/5f3e783b7f9d2ab6a4de527fMe2Q4eFH02', 'https://kol-fans.fp.ps.netease.com/file/5f3e783b143cfa91e0c4871c1qeLXAR302', 'https://kol-fans.fp.ps.netease.com/file/5f3e783c7f9d2ae31a1355b0WXSxevG602', 'https://kol-fans.fp.ps.netease.com/file/5f3e783c7f9d2abc1fba0a7dp78quw6c02']",2020-08-20 13:18:52
朋友带我去千鸟城,,游戏截图,13329****91,"['https://kol-fans.fp.ps.netease.com/file/5f3e76a26f0494a97a3e10f7A2raX0rB02', 'https://kol-fans.fp.ps.netease.com/file/5f3e76a26f0494a0d049039eNWdQ4Ymi02', 'https://kol-fans.fp.ps.netease.com/file/5f3e76a26f0494d535ae42638slOoTip02', 'https://kol-fans.fp.ps.netease.com/file/5f3e76a26f0494cad535b3e0aaBHkQS702']",2020-08-20 13:12:03
和朋友一起总是最开心的！,,游戏截图,18929****83,"['https://kol-fans.fp.ps.netease.com/file/5f3e758b143cfa934aa072c8Q07ICNsE02', 'https://kol-fans.fp.ps.netease.com/file/5f3e758c143cfa934aa072c9FT6e6CWk02', 'https://kol-fans.fp.ps.netease.com/file/5f3e758d7f9d2ab3a344f505XVQz0AQc02', 'https://kol-fans.fp.ps.netease.com/file/5f3e758e96dee4a9d3b2bb3cflXLsR9502']",2020-08-20 13:07:27
灰色的雨林,,游戏截图,18859****69,['https://kol-fans.fp.ps.netease.com/file/5f3e421996dee4e2c2d211c7a9BbwDPm02'],2020-08-20 09:27:54
bright,,游戏截图,🉑️🉑️,"['https://kol-fans.fp.ps.netease.com/file/5f3e1cbe2786fdee72b74860AEZYw6i702', 'https://kol-fans.fp.ps.netease.com/file/5f3e1cbe143cfac479b556ddNwv5gugG02', 'https://kol-fans.fp.ps.netease.com/file/5f3e1cbe6f049410e0a981a26x4vEAii02']",2020-08-20 06:48:31
❣️,,游戏截图,常某在云野飙车成瘾,['https://kol-fans.fp.ps.netease.com/file/5f3e1caba7f252b149862297sXLdT5Nl02'],2020-08-20 06:48:11
this film,,游戏截图,🉑️🉑️,"['https://kol-fans.fp.ps.netease.com/file/5f3e1ba2143cfa80f34a1c49PG8od30e02', 'https://kol-fans.fp.ps.netease.com/file/5f3e1ba22786fd41380541cazX7CR1AG02', 'https://kol-fans.fp.ps.netease.com/file/5f3e1ba296dee420463fba4907iLmTmZ02', 'https://kol-fans.fp.ps.netease.com/file/5f3e1ba22786fdf1ec708772QuIx0irU02']",2020-08-20 06:43:47
光遇小狮子头像,,同人绘,肥啾啾儿,"['https://kol-fans.fp.ps.netease.com/file/5f3e169aa7f252ae8ca0d0e8ygibz0Jh02', 'https://kol-fans.fp.ps.netease.com/file/5f3e169a96dee432241ac55cAiMDEi6x02']",2020-08-20 06:22:18
夜晚的办公室，天台上有小月亮，月亮下有可爱的阿陀！,,游戏截图,阿陀长不高啦,['https://kol-fans.fp.ps.netease.com/file/5f3dfd6b6f0494372c031d43ks5u2ieg02'],2020-08-20 04:34:51
重生之路，每次路过都会拍照,,游戏截图,阿陀长不高啦,"['https://kol-fans.fp.ps.netease.com/file/5f3dfd2f96dee445ef1250ceMSQxa1Bb02', 'https://kol-fans.fp.ps.netease.com/file/5f3dfd2f96dee47f0c8c454f8HzkJXIo02', 'https://kol-fans.fp.ps.netease.com/file/5f3dfd2f8b7427b858e27287gajwV3Xj02', 'https://kol-fans.fp.ps.netease.com/file/5f3dfd306f0494b7d989c8e4hjKj0Umu02']",2020-08-20 04:33:55
看，是星云,,游戏截图,沐锦,['https://kol-fans.fp.ps.netease.com/file/5f3df4ee2786fd19af16745cpmThSitI02'],2020-08-20 03:58:39
转发，手绘献祭图,,游戏截图,18712****87,"['https://kol-fans.fp.ps.netease.com/file/5f3de3f27f9d2a97269118c9QuWWx2lz02', 'https://kol-fans.fp.ps.netease.com/file/5f3de3f2143cfaf40701b9bdFFH0ZOdA02']",2020-08-20 02:46:11
交个友跟求婚似的,,游戏截图,梁梁,['https://kol-fans.fp.ps.netease.com/file/5f3d67cb7f9d2ac8763caa49fTi1kU2v02'],2020-08-19 17:56:27
景点打卡：千鸟城（日常卡）,,游戏截图,18338****63,['https://kol-fans.fp.ps.netease.com/file/5f3d60ef2786fdb45e8a2b79cofuttRV02'],2020-08-19 17:27:12
弱小可怜又无助（被卡在里面出不来了😱）,,游戏截图,18338****63,"['https://kol-fans.fp.ps.netease.com/file/5f3d5e2d7f9d2a4e89d47fd8UCGwxKPH02', 'https://kol-fans.fp.ps.netease.com/file/5f3d5e2d5e60270d443a00e1QAO004X002']",2020-08-19 17:15:26
游戏截图 来源清溪的抖音,,游戏截图,17887****26,"['https://kol-fans.fp.ps.netease.com/file/5f3d56748b7427d4ca279381FfpAI4iH02', 'https://kol-fans.fp.ps.netease.com/file/5f3d567496dee4bba87bd750ahd1SVo202', 'https://kol-fans.fp.ps.netease.com/file/5f3d56756f0494a5d5be504fe0hW0gS902', 'https://kol-fans.fp.ps.netease.com/file/5f3d56758b7427edcfb7704eumfpkmOy02']",2020-08-19 16:42:31
相遇,,同人绘,15882****20,['https://kol-fans.fp.ps.netease.com/file/5f3d4eb68b7427d4ca278c02jD4X6gVN02'],2020-08-19 16:09:26
雨林,,游戏截图,18196****01,['https://kol-fans.fp.ps.netease.com/file/5f3d48df2786fd509fcad4ees3t8y5q702'],2020-08-19 15:44:32
拥抱,,游戏截图,18589****70,"['https://kol-fans.fp.ps.netease.com/file/5f3d47c896dee46f0df126c7jxGg1haT02', 'https://kol-fans.fp.ps.netease.com/file/5f3d47c95e602797bf4939c6OuRpB2rB02', 'https://kol-fans.fp.ps.netease.com/file/5f3d47c996dee467350f54e2C75wZ8j502', 'https://kol-fans.fp.ps.netease.com/file/5f3d47c996dee46f0df126c9TKNPPiNR02']",2020-08-19 15:39:54
蝶子,,游戏截图,常某在云野飙车成瘾,"['https://kol-fans.fp.ps.netease.com/file/5f3d2d2e7f9d2a86c8b5ee1a7g2uHEiU02', 'https://kol-fans.fp.ps.netease.com/file/5f3d2d2e96dee48a99f38513peNHZZoT02', 'https://kol-fans.fp.ps.netease.com/file/5f3d2d2e8b7427d86a43ae6ddHtVf4s602', 'https://kol-fans.fp.ps.netease.com/file/5f3d2d2e5e6027dce61628a5omV0u7LZ02']",2020-08-19 13:46:23
不肝不氪的狮子已经被淘汰了吗,,游戏截图,云沐墨白,"['https://kol-fans.fp.ps.netease.com/file/5f3d25dba7f2520aca7b8607flzsXiXr02', 'https://kol-fans.fp.ps.netease.com/file/5f3d25dba7f252ef85f55fdfE2SrBrE502', 'https://kol-fans.fp.ps.netease.com/file/5f3d25db7f9d2a34c7b0bfa9iN3t2Pst02', 'https://kol-fans.fp.ps.netease.com/file/5f3d25dc6f0494b7d989c4f74UIXkjJl02']",2020-08-19 13:15:09
我彷徨所有地方，却再也找不到你。,,游戏截图,犹豫的火蝶,"['https://kol-fans.fp.ps.netease.com/file/5f3d22d42786fd56eb588c94RPqoKMAs02', 'https://kol-fans.fp.ps.netease.com/file/5f3d22d4143cfa3f43acbce8AwKcKT9L02', 'https://kol-fans.fp.ps.netease.com/file/5f3d22d47f9d2a53c3cd2fb8QpIy0EeV02', 'https://kol-fans.fp.ps.netease.com/file/5f3d22d4a7f252c39696453dYwzHwBwK02']",2020-08-19 13:02:13
妙啊,,游戏截图,无风风风,['https://kol-fans.fp.ps.netease.com/file/5f3d1f3b2786fd5dcd11e29exs4T7CMz02'],2020-08-19 12:46:51
云野管道遗址,,游戏截图,孤狼33号,['https://kol-fans.fp.ps.netease.com/file/5f3d0ebf2786fda85f95dbefrmXeE8xH02'],2020-08-19 11:36:32
Ambition,,游戏截图,孤狼33号,['https://kol-fans.fp.ps.netease.com/file/5f3d0e60a7f2525db3c9dd2b9Jr33vGg02'],2020-08-19 11:34:56
﻿Princess,,游戏截图,孤狼33号,['https://kol-fans.fp.ps.netease.com/file/5f3d0e30143cfa7dc43a7c48FlbgmBHT02'],2020-08-19 11:34:08
遇境落日,,游戏截图,贫道法号-符华上仙,"['https://kol-fans.fp.ps.netease.com/file/5f3cdb8d96dee49bb07168986tG1wseJ02', 'https://kol-fans.fp.ps.netease.com/file/5f3cdb8e5e6027240a4cf474wGPmtfBp02', 'https://kol-fans.fp.ps.netease.com/file/5f3cdb8e6f04942cf16ba8dcXS4u4lWg02']",2020-08-19 07:58:06
睡神登场,,游戏截图,贫道法号-符华上仙,"['https://kol-fans.fp.ps.netease.com/file/5f3cd9fb8b742737f1b0f3a6S4uT12cv02', 'https://kol-fans.fp.ps.netease.com/file/5f3cd9fb6f04942cf16ba6b4jS5tov7G02']",2020-08-19 07:51:24
景点打卡：晨岛金蛋:D,,游戏截图,:D,['https://kol-fans.fp.ps.netease.com/file/5f3cd9762786fd469fa53855RSGDSlQz02'],2020-08-19 07:49:11
温暖相遇,,游戏截图,不咕鸟,"['https://kol-fans.fp.ps.netease.com/file/5f3cc8dd6f0494d29f9449c9BOupLW9I02', 'https://kol-fans.fp.ps.netease.com/file/5f3cc8e88b7427e680a3b39cZbAEeq9202', 'https://kol-fans.fp.ps.netease.com/file/5f3cc8e85e6027a943090bb1xwMtq36f02', 'https://kol-fans.fp.ps.netease.com/file/5f3cc8e82786fdc864e08799YhKzMvQ802']",2020-08-19 06:38:33
温暖的灵魂终将相遇,,游戏截图,小静子呐,"['https://kol-fans.fp.ps.netease.com/file/5f3c9bef8b7427a622e5931cNBtJNkYz02', 'https://kol-fans.fp.ps.netease.com/file/5f3c9bf396dee431b22301b0KTtfFyRT02', 'https://kol-fans.fp.ps.netease.com/file/5f3c9bf42786fd6805c4d362QzELt1rW02', 'https://kol-fans.fp.ps.netease.com/file/5f3c9bf796dee45e8d357a7fIsU2xRK902']",2020-08-19 03:27:37
第一次自飞暴风眼，第一次召唤狗狗，第一次带朋友玩光遇，第一次打卡光遇景点而且终于九翼了离十翼不远了哈哈,,游戏截图,18195****35,"['https://kol-fans.fp.ps.netease.com/file/5f3c950596dee4dd21edd74363iBGLUV02', 'https://kol-fans.fp.ps.netease.com/file/5f3c950696dee427631fb59furfGpUp602', 'https://kol-fans.fp.ps.netease.com/file/5f3c9506143cfa9ed703ea6agUyudNGa02', 'https://kol-fans.fp.ps.netease.com/file/5f3c95078b7427a88d57163bUZGiMCHM02']",2020-08-19 02:57:13
最喜欢平菇了,,同人绘,13788****54,"['https://kol-fans.fp.ps.netease.com/file/5f3c92d02786fd0aa6107571Kd2T9t9G02', 'https://kol-fans.fp.ps.netease.com/file/5f3c92d196dee4028ceb83caD40HY8HN02']",2020-08-19 02:47:46
最近喜欢的装扮之一,,同人绘,18800****60,"['https://kol-fans.fp.ps.netease.com/file/5f3c70a2143cfa92897f0846qEWuIKxv02', 'https://kol-fans.fp.ps.netease.com/file/5f3c70a22786fd5e83fb938018SsoPkR02']",2020-08-19 00:21:55
画的是单马尾呀~（是练习，画的不太好）,,同人绘,佰羽落,['https://kol-fans.fp.ps.netease.com/file/5f3c609e2786fd08f12783b1CcAIWVJx02'],2020-08-18 23:13:35
我的课桌ヾ(❀╹◡╹)ﾉ~,,光遇,18338****63,['https://kol-fans.fp.ps.netease.com/file/5f3c35f57f9d2a250dc38e41aRqWOqzx02'],2020-08-18 20:11:34
与咕咕侠日常2,,游戏截图,上好佳,"['https://kol-fans.fp.ps.netease.com/file/5f3c11a95e602799ae878a16XmGYWAfg02', 'https://kol-fans.fp.ps.netease.com/file/5f3c11a9a7f252ce97ef8ee0yXLvYvTs02', 'https://kol-fans.fp.ps.netease.com/file/5f3c11a98b7427c8d6965a1aWGdFcZkp02', 'https://kol-fans.fp.ps.netease.com/file/5f3c11a98b742726fffb0ce6i0ihtzQs02']",2020-08-18 17:36:42
在星河遇见你（光遇）,,游戏宣传图脑洞,17625****73,['https://kol-fans.fp.ps.netease.com/file/5f3c0dca96dee495ab11c15cLIxSYs3802'],2020-08-18 17:20:10
一起骑马，献祭，拼桌子去暴风眼，量身高等这些都是我们的故事,,游戏截图,13655****27749399,"['https://kol-fans.fp.ps.netease.com/file/5f3c09fd7f9d2afdd89ff15cI5mviA6N02', 'https://kol-fans.fp.ps.netease.com/file/5f3c09fea7f25252abbbc81b8eqQym5u02', 'https://kol-fans.fp.ps.netease.com/file/5f3c09fe96dee449c7ca16c2R7cFaJi402', 'https://kol-fans.fp.ps.netease.com/file/5f3c09ff7f9d2a277c15ff6ejwEaP2za02']",2020-08-18 17:04:01
与日常咕咕侠日常,,游戏截图,上好佳,"['https://kol-fans.fp.ps.netease.com/file/5f3c0855143cfa3038e57d20XLjoiytc02', 'https://kol-fans.fp.ps.netease.com/file/5f3c0856143cfa39bd6bcc7ctkIdUvp202', 'https://kol-fans.fp.ps.netease.com/file/5f3c08567f9d2a281e437aa2w1zaiAmA02', 'https://kol-fans.fp.ps.netease.com/file/5f3c08562786fd1c32b61bbcmDUjWZuG02']",2020-08-18 16:56:55
上好佳的日常生活1,,游戏截图,上好佳,"['https://kol-fans.fp.ps.netease.com/file/5f3c06cb8b74272e695aa008Vci7vUDi02', 'https://kol-fans.fp.ps.netease.com/file/5f3c06cc96dee43104100d510NKvXm7602', 'https://kol-fans.fp.ps.netease.com/file/5f3c06cc96dee453bcc357b9y7CVbGJ502', 'https://kol-fans.fp.ps.netease.com/file/5f3c06cc5e602799ae877faeg60uVuIz02']",2020-08-18 16:50:21
与日常咕咕日常对话1,,游戏截图,上好佳,"['https://kol-fans.fp.ps.netease.com/file/5f3c062c8b74272eb001964eyCEN5Sal02', 'https://kol-fans.fp.ps.netease.com/file/5f3c062c143cfa080d47cbb4WRsesg0m02', 'https://kol-fans.fp.ps.netease.com/file/5f3c062c8b74275e55d29503Z5AI7hiC02', 'https://kol-fans.fp.ps.netease.com/file/5f3c062ca7f252c7e04c7a7bLDFoHMsp02']",2020-08-18 16:47:40
蓝色月亮下的你和我,,游戏截图,鱼思,['https://kol-fans.fp.ps.netease.com/file/5f3bf4017f9d2a91543ff393yMFwQXzt02'],2020-08-18 15:30:10
在光之子的世界里，献祭重生成为了轮回，他们的光照亮了许多人，带来了这温暖的世界🎇,,游戏截图,呆辰,"['https://kol-fans.fp.ps.netease.com/file/5f3bdeb496dee42704ef97c1AtfCXKZZ02', 'https://kol-fans.fp.ps.netease.com/file/5f3bdeb4143cfa17fe477bce5DOcuUTf02']",2020-08-18 13:59:16
云野找人🙏,,找人,18292****14,"['https://kol-fans.fp.ps.netease.com/file/5f3bd6c5a7f25274e13a0336SZxgZVh502', 'https://kol-fans.fp.ps.netease.com/file/5f3bd6c6143cfae574f663a2RrzIhFgy02', 'https://kol-fans.fp.ps.netease.com/file/5f3bd6c68b742757973de604L3K3xVia02']",2020-08-18 13:25:26
游戏日常,,游戏截图,15075****52,"['https://kol-fans.fp.ps.netease.com/file/5f3bcad07f9d2a8ff8730d29H1vGT9G402', 'https://kol-fans.fp.ps.netease.com/file/5f3bcad17f9d2a808c75dc92TMvtUt1F02']",2020-08-18 12:34:25
在云野,,游戏截图,17603****16,"['https://kol-fans.fp.ps.netease.com/file/5f3bbc5b7f9d2a1073c029ccw2VJJHap02', 'https://kol-fans.fp.ps.netease.com/file/5f3bbc5b8b742797a5325516wZiCPCMH02', 'https://kol-fans.fp.ps.netease.com/file/5f3bbc5b2786fd945eb52beaOIIM8bvq02']",2020-08-18 11:32:44
与光遇帅鸽们的合影,,游戏截图,17603****16,"['https://kol-fans.fp.ps.netease.com/file/5f3bbbe86f049459064f2cbcejIlFQcr02', 'https://kol-fans.fp.ps.netease.com/file/5f3bbbe8143cfaefaeb3e90a2lL8kkmt02']",2020-08-18 11:30:49
在重生之路的截图,,游戏截图,17603****16,"['https://kol-fans.fp.ps.netease.com/file/5f3bbb468b7427e6886e44a4F58e8Qth02', 'https://kol-fans.fp.ps.netease.com/file/5f3bbb467f9d2a8fe997926fmTqk6Wui02']",2020-08-18 11:28:06
是我红狐不配么,,游戏截图,阿萱,"['https://kol-fans.fp.ps.netease.com/file/5f3b9ec65e60271f3fd42be24wKmVlLb02', 'https://kol-fans.fp.ps.netease.com/file/5f3b9ec6a7f2520d54d5ce881RKgorii02', 'https://kol-fans.fp.ps.netease.com/file/5f3b9ec6a7f252ecf4c0cd1bsHu0wHfH02', 'https://kol-fans.fp.ps.netease.com/file/5f3b9ec796dee4def4d280a7eWBFDmEr02']",2020-08-18 09:26:32
不要怕，我在,,游戏截图,阿萱,"['https://kol-fans.fp.ps.netease.com/file/5f3b9c34a7f252e09a7fdaf08O4OiFx302', 'https://kol-fans.fp.ps.netease.com/file/5f3b9c347f9d2a59138a3e1753kHNKLC02', 'https://kol-fans.fp.ps.netease.com/file/5f3b9c35a7f252ecf4c0c8acG83YoBi402', 'https://kol-fans.fp.ps.netease.com/file/5f3b9c357f9d2a2bd4600085aIAolJV902']",2020-08-18 09:15:34
温暖的灵魂,,游戏截图,阿萱,"['https://kol-fans.fp.ps.netease.com/file/5f3b9b7c8b74276c4e6fc002aq6hJmzG02', 'https://kol-fans.fp.ps.netease.com/file/5f3b9b7d7f9d2a2bd45fff85lsvPo53002', 'https://kol-fans.fp.ps.netease.com/file/5f3b9b7d2786fd4ef8761febIc8pu0zE02']",2020-08-18 09:12:30
画的双子,,同人绘,安卓华为18149939761,['https://kol-fans.fp.ps.netease.com/file/5f3b82f3a7f25217a48f4305F7XX2Su202'],2020-08-18 07:27:48
今天接住了蓝蝴蝶呢……,,游戏截图,安卓华为18149939761,['https://kol-fans.fp.ps.netease.com/file/5f3b816a8b74271b07ef6afc9PiFYPMG02'],2020-08-18 07:21:15
晚霞照耀着美丽的霞谷，他们各自守候自己的赛道迎接新的旅人🌅,,游戏截图,呆辰,"['https://kol-fans.fp.ps.netease.com/file/5f3b67dfa7f2527c6379d4ee8pI6vND702', 'https://kol-fans.fp.ps.netease.com/file/5f3b67df7f9d2a9ec963a48eflr6Pvd802', 'https://kol-fans.fp.ps.netease.com/file/5f3b67e06f0494eb839d4fb9C71Ct2z502']",2020-08-18 05:32:16
重要的是，有人懂你奇奇怪怪，陪你可可爱爱🤪🤪,,游戏截图,18834****78,"['https://kol-fans.fp.ps.netease.com/file/5f3b64f596dee4b5a5979f53IXMFy6f702', 'https://kol-fans.fp.ps.netease.com/file/5f3b64f5143cfa34d2f6f4ddaa7wgjKt02', 'https://kol-fans.fp.ps.netease.com/file/5f3b64f596dee4c530ec72dc4u64ge9B02', 'https://kol-fans.fp.ps.netease.com/file/5f3b64f596dee4bce0fb48dfOcqD3saE02']",2020-08-18 05:19:50
愿你我都能遇见温暖的人,,游戏截图,18834****78,"['https://kol-fans.fp.ps.netease.com/file/5f3b62207f9d2a8f2b5d8b17K9VQx5je02', 'https://kol-fans.fp.ps.netease.com/file/5f3b622096dee464326b1745AlZTADKS02', 'https://kol-fans.fp.ps.netease.com/file/5f3b62207f9d2ab1082b6e70glYMmKwq02']",2020-08-18 05:07:45
自抱自弃,,游戏截图,:D,['https://kol-fans.fp.ps.netease.com/file/5f3b523da7f252ab5355f0a5i0rwidcS02'],2020-08-18 03:59:58
彩虹桥,,游戏截图,青楼丶听戏人,"['https://kol-fans.fp.ps.netease.com/file/5f3b46d87f9d2ab72420ba85bULawfb002', 'https://kol-fans.fp.ps.netease.com/file/5f3b46d85e602785e7bd9f5aZJcVG0wT02', 'https://kol-fans.fp.ps.netease.com/file/5f3b46d85e602771e2d88504LXMPTi8802']",2020-08-18 03:11:20
有的时候会和好友们一起去找路人一起沙雕awa,,沙雕日常,忆之殇,"['https://kol-fans.fp.ps.netease.com/file/5f3b448b2786fdb706be62b0j2e2eibW02', 'https://kol-fans.fp.ps.netease.com/file/5f3b448c96dee4a1326993f7Qdz6MGQH02']",2020-08-18 03:01:32
#烤螃蟹:D#,,游戏截图,:D,['https://kol-fans.fp.ps.netease.com/file/5f3b297e7f9d2ae157482d01855H22ZM02'],2020-08-18 01:06:07
8位猛男可可耐耐,,游戏截图,15534****27,"['https://kol-fans.fp.ps.netease.com/file/5f3b096d5e6027b006d627b3JgJR6Jmg02', 'https://kol-fans.fp.ps.netease.com/file/5f3b096d6f0494ac1211396bhiiLudCH02', 'https://kol-fans.fp.ps.netease.com/file/5f3b096d143cfa85ae1ff1ddcC1coIDg02']",2020-08-17 22:49:18
昨日份开心,,游戏截图,15852****26,"['https://kol-fans.fp.ps.netease.com/file/5f3af62096dee4630f396cc7NQcHWm6v02', 'https://kol-fans.fp.ps.netease.com/file/5f3af620a7f2529b7d9a4e64zdtgKfrk02', 'https://kol-fans.fp.ps.netease.com/file/5f3af6205e60273e73eb6a0edwxiBALY02']",2020-08-17 21:26:56
和小集美的美好时光,,骨头和何子,13420****01,"['https://kol-fans.fp.ps.netease.com/file/5f3acbd496dee47f632582c1bhRmEPKX02', 'https://kol-fans.fp.ps.netease.com/file/5f3acbd55e602794378c77d48BHIiVbO02', 'https://kol-fans.fp.ps.netease.com/file/5f3acbd68b742749c9394467jsxwb9Av02']",2020-08-17 18:26:31
踏踏西哈哈哈,,游戏截图,15139****48,"['https://kol-fans.fp.ps.netease.com/file/5f3abcfd8b7427ee5cb681d8AblLlPft02', 'https://kol-fans.fp.ps.netease.com/file/5f3abcfe96dee4083704632bCO73wmMQ02', 'https://kol-fans.fp.ps.netease.com/file/5f3abcfe7f9d2aaef700e9cdRoSzDNKe02']",2020-08-17 17:23:10
梦之遇,,游戏截图,小萌萌,"['https://kol-fans.fp.ps.netease.com/file/5f3ab22696dee4c215005d8ejfWcvZ6p02', 'https://kol-fans.fp.ps.netease.com/file/5f3ab22796dee4bcc3cf6b39HqjCWVfl02']",2020-08-17 16:36:55
和陌生人之间的温馨,,游戏截图,1****08578,['https://kol-fans.fp.ps.netease.com/file/5f3a9e3f7f9d2a38548ff352TLcvPohe02'],2020-08-17 15:11:59
孤狼一只,,游戏截图,13841****43,['https://kol-fans.fp.ps.netease.com/file/5f3a9d517f9d2a31bb59d3d77geSgc7a02'],2020-08-17 15:08:02
孤狼的快乐,,游戏截图,琦玉玄玄子,"['https://kol-fans.fp.ps.netease.com/file/5f3a94ee7f9d2acfb162db11QzM6wtjb02', 'https://kol-fans.fp.ps.netease.com/file/5f3a94ee8b74274117000e13LcicmvJx02', 'https://kol-fans.fp.ps.netease.com/file/5f3a94ee2786fdd905ed7544F9RS4g6L02', 'https://kol-fans.fp.ps.netease.com/file/5f3a94ee8b742733d768f33aZ8EOFGSx02']",2020-08-17 14:32:15
无,,同人绘,13641****05,"['https://kol-fans.fp.ps.netease.com/file/5f3a915096dee4cba6e2a4d1yWNVvNTA02', 'https://kol-fans.fp.ps.netease.com/file/5f3a91516f0494e03cfd2ffavWLvpD2e02', 'https://kol-fans.fp.ps.netease.com/file/5f3a91525e60271c1430e50eDDgjilhk02', 'https://kol-fans.fp.ps.netease.com/file/5f3a91526f0494d9ac2e1f9b5WQ7KFla02']",2020-08-17 14:16:52
粉红云海,,游戏截图,曙光灿灿,['https://kol-fans.fp.ps.netease.com/file/5f3a7ed67f9d2a52d05cdb34Q6gr2mg302'],2020-08-17 12:57:58
把小揪揪扔下去,,游戏截图,阿念,"['https://kol-fans.fp.ps.netease.com/file/5f3a72187f9d2a1276b3fe3fJocrVGmJ02', 'https://kol-fans.fp.ps.netease.com/file/5f3a721896dee4b14672ffb0C3sc3Fhm02']",2020-08-17 12:03:37
还是两小只,,游戏截图,阿念,"['https://kol-fans.fp.ps.netease.com/file/5f3a71d85e6027dc566f2159EVFid2dJ02', 'https://kol-fans.fp.ps.netease.com/file/5f3a71d896dee4a6d72faba82gbmpqqI02', 'https://kol-fans.fp.ps.netease.com/file/5f3a71d896dee4633c3b8965qjUJc87p02', 'https://kol-fans.fp.ps.netease.com/file/5f3a71d8a7f2524b624d0258PcVjM9ii02']",2020-08-17 12:02:33
暮土也有漫天星辰,,游戏截图,阿念,"['https://kol-fans.fp.ps.netease.com/file/5f3a718096dee4a6d72fab2cp9UmgMDh02', 'https://kol-fans.fp.ps.netease.com/file/5f3a718096dee4a38d9b9b3dKEheh5Rx02']",2020-08-17 12:01:05
可可爱爱小团子,,游戏截图,阿念,"['https://kol-fans.fp.ps.netease.com/file/5f3a711a6f0494eb0634d07dzTl5eZSN02', 'https://kol-fans.fp.ps.netease.com/file/5f3a711a2786fdd9f56f9177JEMJtvMt02']",2020-08-17 11:59:23
花、小可爱和凛凛蝶,,游戏截图,阿杉的随机工坊,['https://kol-fans.fp.ps.netease.com/file/5f3a6ce8a7f2526b94747bf0PN097Iv602'],2020-08-17 11:41:29
动感光波，biu～,,游戏截图,阿杉的随机工坊,['https://kol-fans.fp.ps.netease.com/file/5f3a6a6d6f049403c67c99da7VDigRqa02'],2020-08-17 11:30:54
黑白双子,,游戏截图,15223****98,['https://kol-fans.fp.ps.netease.com/file/5f3a65415e60277dee5620f8o7DT0iHq02'],2020-08-17 11:08:49
只有bug才能体会到光遇的美😆😆😆,,游戏截图,18872****96,"['https://kol-fans.fp.ps.netease.com/file/5f3a609f96dee404289de141wuWSB6sd02', 'https://kol-fans.fp.ps.netease.com/file/5f3a60a18b74279bb7909c23aPSCOAPD02', 'https://kol-fans.fp.ps.netease.com/file/5f3a60a18b7427ae67162594lYmoGMN302', 'https://kol-fans.fp.ps.netease.com/file/5f3a60a42786fd4bcd0e7a456Mtp4Vt002']",2020-08-17 10:49:10
可可爱爱,,游戏截图,17321****68,"['https://kol-fans.fp.ps.netease.com/file/5f3a5d9ba7f25248177ae2d1mqs8oxCR02', 'https://kol-fans.fp.ps.netease.com/file/5f3a5d9b143cfa21839035183l8hmkDB02', 'https://kol-fans.fp.ps.netease.com/file/5f3a5d9c5e6027678d2d542dEVImhm0e02', 'https://kol-fans.fp.ps.netease.com/file/5f3a5d9d96dee416271032d82doG0Qk002']",2020-08-17 10:36:14
但愿温暖的灵魂不会串线,,闲,sky.川,"['https://kol-fans.fp.ps.netease.com/file/5f3a4d492786fd9ca41b5c6dMaYdgd3o02', 'https://kol-fans.fp.ps.netease.com/file/5f3a4d49a7f252ab869fd1b2kmqcsitu02', 'https://kol-fans.fp.ps.netease.com/file/5f3a4d4a7f9d2afacbcfb4faRr6a9jAe02', 'https://kol-fans.fp.ps.netease.com/file/5f3a4d4a7f9d2a033af39727M3GN8MkK02']",2020-08-17 09:26:34
工具人摆拍的日常,,游戏截图,13008****85,"['https://kol-fans.fp.ps.netease.com/file/5f3a406b143cfa3644d3a4b9Yp1y0wTR02', 'https://kol-fans.fp.ps.netease.com/file/5f3a406b6f0494c06d745c55xCPiiz7W02']",2020-08-17 08:31:40
小栗子的日常,,游戏截图,小栗子,"['https://kol-fans.fp.ps.netease.com/file/5f39dc1e5e60271666258d20w2919sum02', 'https://kol-fans.fp.ps.netease.com/file/5f39dc1e5e602701fca761187g3GyzXa02', 'https://kol-fans.fp.ps.netease.com/file/5f39dc1e2786fd797087f292bImNxu2s02', 'https://kol-fans.fp.ps.netease.com/file/5f39dc1fa7f25265c3f45b33CdRxJehf02']",2020-08-17 01:23:47
咔咔日常,,游戏截图,小栗子,"['https://kol-fans.fp.ps.netease.com/file/5f39db2c5e60272fec40b8a4cs88UO3b02', 'https://kol-fans.fp.ps.netease.com/file/5f39db2d5e602701fca760468isMsmKE02', 'https://kol-fans.fp.ps.netease.com/file/5f39db2e143cfa06605695dfgidVNOsE02', 'https://kol-fans.fp.ps.netease.com/file/5f39db2f143cfa079783bf3dFh10XPIu02']",2020-08-17 01:19:44
来一个亲亲吗,,游戏截图,18338****63,['https://kol-fans.fp.ps.netease.com/file/5f39876f143cfaf2e414d8b0HOv2gIZt02'],2020-08-16 19:22:24
﻿这个小黑…它竟然是个小可爱！我还以为是石头😂,,游戏截图,18338****63,['https://kol-fans.fp.ps.netease.com/file/5f39872f96dee4fe69900ba26B5i06j302'],2020-08-16 19:21:20
我的光遇小故事,,同人文,18338****63,['https://kol-fans.fp.ps.netease.com/file/5f3986dc96dee4fe69900b75sF8u8xPs02'],2020-08-16 19:19:56
你的小可爱里面是这样的，你敢想象吗,,游戏截图,18338****63,['https://kol-fans.fp.ps.netease.com/file/5f3986547f9d2ad4d4554181VkMzdHxR02'],2020-08-16 19:17:41
吾已得道飞升,,游戏截图,18338****63,['https://kol-fans.fp.ps.netease.com/file/5f3985f56f0494f745fcb2acaNM33deQ02'],2020-08-16 19:16:06
帅气的脏辫,,游戏截图,谷嵇君,"['https://kol-fans.fp.ps.netease.com/file/5f394641143cfa488e213e76W9ta0ZiI02', 'https://kol-fans.fp.ps.netease.com/file/5f394642a7f25248259d2b64uE2mrwCx02', 'https://kol-fans.fp.ps.netease.com/file/5f3946426f0494c72035c53aAsWiiXy302', 'https://kol-fans.fp.ps.netease.com/file/5f3946422786fd865484cf7d7y47VTBb02']",2020-08-16 14:44:19
陪伴,,游戏截图,15915****74,"['https://kol-fans.fp.ps.netease.com/file/5f3944855e602781fb21425cJmdIGL1X02', 'https://kol-fans.fp.ps.netease.com/file/5f3944856f0494da07e089c6zQwvMrca02']",2020-08-16 14:36:53
孤独の🐺,,游戏截图,14752****28,['https://kol-fans.fp.ps.netease.com/file/5f39417d8b7427c95bc06baasTxsI31002'],2020-08-16 14:23:58
晨岛,,游戏截图,13876****73,['https://kol-fans.fp.ps.netease.com/file/5f39407a7f9d2a7f678471b8EUzfDPxc02'],2020-08-16 14:19:39
云野,,游戏截图,18902****45,['https://kol-fans.fp.ps.netease.com/file/5f3939442786fd08cd319dfdimHCVPbM02'],2020-08-16 13:48:52
从晨岛看伊甸之眼,,游戏截图,17784****80,['https://kol-fans.fp.ps.netease.com/file/5f3934012786fd79d5467a7fNq1oPh3K02'],2020-08-16 13:26:25
星河,,游戏截图,13266****75,['https://kol-fans.fp.ps.netease.com/file/5f392de88b742752ac7b6ab3so7wAaOX02'],2020-08-16 13:00:25
云野隐藏地图的风景,,游戏截图,13266****75,['https://kol-fans.fp.ps.netease.com/file/5f392d928b7427437220f9550WzjHHZo02'],2020-08-16 12:58:59
戴狐狸面具的脏辫有点帅,,游戏截图,谷嵇君,"['https://kol-fans.fp.ps.netease.com/file/5f388182143cfa6ae5782782Z6st84aS02', 'https://kol-fans.fp.ps.netease.com/file/5f3881827f9d2aab815427e7v2vI2Flu02', 'https://kol-fans.fp.ps.netease.com/file/5f388185a7f25220f4de10010j7qcZWm02']",2020-08-16 00:44:54
[光遇人生]沉溺在这虚无的魅力世界,,游戏截图,光遇与我,"['https://kol-fans.fp.ps.netease.com/file/5f3816342786fdabbafa378aEFLTO6CE02', 'https://kol-fans.fp.ps.netease.com/file/5f381635a7f2520bc77d3b30q6h85CNI02', 'https://kol-fans.fp.ps.netease.com/file/5f38163696dee48255b7c0fah38vLyti02', 'https://kol-fans.fp.ps.netease.com/file/5f3816372786fdc39713a3e5xBLBioqX02']",2020-08-15 17:07:08
吉他先祖,,游戏截图,芝麻ios,"['https://kol-fans.fp.ps.netease.com/file/5f37ee002786fdd5bd3c5537vF1BHXRP02', 'https://kol-fans.fp.ps.netease.com/file/5f37ee002786fdcda47b4017vEpsyAlO02']",2020-08-15 14:15:29
太空站,,游戏截图,13522****82,['https://kol-fans.fp.ps.netease.com/file/5f37ebb5a7f2527bc5eec0a1jMiCYwiN02'],2020-08-15 14:05:42
云野入口,,游戏截图,13522****82,['https://kol-fans.fp.ps.netease.com/file/5f37eb9596dee45eb02927bfUpkQEsIl02'],2020-08-15 14:05:09
赴死,,游戏截图,13522****82,['https://kol-fans.fp.ps.netease.com/file/5f37eb6a96dee4667a40636bg86Pb9Mz02'],2020-08-15 14:04:27
晨岛上空,,游戏截图,13522****82,['https://kol-fans.fp.ps.netease.com/file/5f37eb3096dee454fef252d1MS33V8ov02'],2020-08-15 14:03:28
彩虹🌈,,游戏截图,13522****82,['https://kol-fans.fp.ps.netease.com/file/5f37eb098b742765d659840eZgvB2tHF02'],2020-08-15 14:02:50
静坐,,游戏截图,Q,['https://kol-fans.fp.ps.netease.com/file/5f37e0d47f9d2ac335349394elihpP7i02'],2020-08-15 13:19:17
第一次和4个小伙伴同时成为朋友并牵手，还看见了彩虹。,,游戏截图,d****_stop13578,"['https://kol-fans.fp.ps.netease.com/file/5f37e0ae96dee4f76308130bO3usHkhi02', 'https://kol-fans.fp.ps.netease.com/file/5f37e0ae7f9d2ab9e9f403fbzoMD7j1t02']",2020-08-15 13:18:39
每一个有光的黄昏：2020SKY器乐小薇演奏《永远同在》,,视频,d****_stop13578,['https://kol-fans.fp.ps.netease.com/file/5f37e0045e6027b0b3951f4flyYRFY2B02'],2020-08-15 13:15:52
（光遇人生）,,游戏截图,光遇与我,"['https://kol-fans.fp.ps.netease.com/file/5f37dd378b7427b6881bbdb1papmdtMI02', 'https://kol-fans.fp.ps.netease.com/file/5f37dd3896dee401406989d0R2UlXWE002', 'https://kol-fans.fp.ps.netease.com/file/5f37dd396f0494d2a90d3d9cxemtLkD502', 'https://kol-fans.fp.ps.netease.com/file/5f37dd392786fd6acc3abe7bpBfOfgC902']",2020-08-15 13:03:57
相遇,,游戏截图,Q,"['https://kol-fans.fp.ps.netease.com/file/5f37d98496dee4e1ffc807afBCMWSaJe02', 'https://kol-fans.fp.ps.netease.com/file/5f37d984143cfa48f466d4b2qcTSuR3V02']",2020-08-15 12:48:05
霞谷—白狐狸,,同人绘,15130****58,['https://kol-fans.fp.ps.netease.com/file/5f37d16596dee48cc0f7b100x8pStOcP02'],2020-08-15 12:13:25
云野—黑面具,,同人绘,15130****58,['https://kol-fans.fp.ps.netease.com/file/5f37d14496dee460bb0ae279SBWxAy2R02'],2020-08-15 12:12:52
暮土—卡卡西,,同人绘,15130****58,['https://kol-fans.fp.ps.netease.com/file/5f37d11e96dee45efbf13752TmWp2rrO02'],2020-08-15 12:12:14
雨林—红狐狸,,同人绘,15130****58,['https://kol-fans.fp.ps.netease.com/file/5f37d0e17f9d2a423c121c88IPM00y6E02'],2020-08-15 12:11:14
帅帅的红狐狸面具,,红狐狸,19153****19,"['https://kol-fans.fp.ps.netease.com/file/5f37c6326f0494432963fec4ugIzNB9U02', 'https://kol-fans.fp.ps.netease.com/file/5f37c635a7f2522cd5d44afd6wms11bW02', 'https://kol-fans.fp.ps.netease.com/file/5f37c63596dee4fb8f0df38cyL60ZErl02']",2020-08-15 11:25:42
一个人看风景,,游戏截图,小梅,"['https://kol-fans.fp.ps.netease.com/file/5f37c181143cfab1f803b86dGRizCwQd02', 'https://kol-fans.fp.ps.netease.com/file/5f37c18296dee4c6613b120aZQ3Yrahp02', 'https://kol-fans.fp.ps.netease.com/file/5f37c182143cfab37a77d2feKsL5JMEm02', 'https://kol-fans.fp.ps.netease.com/file/5f37c183a7f2524bf27b0f35jM4zLzpj02']",2020-08-15 11:05:40
光遇越玩越“现实”,,游戏截图,1****08578,"['https://kol-fans.fp.ps.netease.com/file/5f37b0436f0494070ecc7a17id2ircgK02', 'https://kol-fans.fp.ps.netease.com/file/5f37b045a7f252e727b64a67ft3cGGgo02']",2020-08-15 09:52:06
打卡,,游戏截图,m****3446322,"['https://kol-fans.fp.ps.netease.com/file/5f37a45c143cfad97c1d3eb4XC4NS1cp02', 'https://kol-fans.fp.ps.netease.com/file/5f37a45c5e6027f4fa6e48e9Q9Mlbaku02', 'https://kol-fans.fp.ps.netease.com/file/5f37a45c8b742764a5da267cjf0RoYOE02', 'https://kol-fans.fp.ps.netease.com/file/5f37a45d5e602705517e0121EGyZiUfF02']",2020-08-15 09:01:17
景点打卡,,游戏截图,洛年,"['https://kol-fans.fp.ps.netease.com/file/5f379fbea7f25298efcdbb91mriEsm7102', 'https://kol-fans.fp.ps.netease.com/file/5f379fc05e6027fe5f6fefe4UusWwM4R02']",2020-08-15 08:41:36
卡无翼的时候碰到了一个温柔的雨妈,,游戏截图,洛年,['https://kol-fans.fp.ps.netease.com/file/5f379db1a7f2529ec85c4a6fRAOi4yjk02'],2020-08-15 08:32:49
霞,,光遇,17740****43,"['https://kol-fans.fp.ps.netease.com/file/5f379a657f9d2abfb41b946b0ivPCGIy02', 'https://kol-fans.fp.ps.netease.com/file/5f379a652786fdd07be697b3iTaL4LjY02']",2020-08-15 08:18:46
第一个陪你的人还在吗？,,游戏截图,17635****55,"['https://kol-fans.fp.ps.netease.com/file/5f378fc2143cfa57b60394c91y9RmPai02', 'https://kol-fans.fp.ps.netease.com/file/5f378fc2143cfa57b60394ccFcL8jzGj02', 'https://kol-fans.fp.ps.netease.com/file/5f378fc2143cfa4e1a458ba7M1qZKfuq02']",2020-08-15 07:33:23
日常站岗,,游戏截图,17635****55,['https://kol-fans.fp.ps.netease.com/file/5f378f6596dee4d5a3c95a434L6WSQL702'],2020-08-15 07:31:50
阿弥陀佛,,游戏截图,17635****55,['https://kol-fans.fp.ps.netease.com/file/5f378efd7f9d2ad0613cfc897u9AO1qK02'],2020-08-15 07:30:06
大侠之风,,游戏截图,15223****98,['https://kol-fans.fp.ps.netease.com/file/5f375ea47f9d2a8e72323f1buJNiRiRc02'],2020-08-15 04:03:48
温柔？怎么可能，我可是嗜血的狮子,,游戏截图,15239****23,"['https://kol-fans.fp.ps.netease.com/file/5f375c26143cfa0b874a8e22FWBJIf7c02', 'https://kol-fans.fp.ps.netease.com/file/5f375c26143cfaa96cb561f9SwBcz7KQ02']",2020-08-15 03:53:11
温暖的灵魂,,游戏截图,17851****56,"['https://kol-fans.fp.ps.netease.com/file/5f3759e68b7427213496514dsbsPbX4w02', 'https://kol-fans.fp.ps.netease.com/file/5f3759e7a7f25204a94598c98hrpwVlp02', 'https://kol-fans.fp.ps.netease.com/file/5f3759e77f9d2a72a394463bxzzl73um02', 'https://kol-fans.fp.ps.netease.com/file/5f3759e87f9d2a679aafd054ape1wDQ202']",2020-08-15 03:43:37
无限旅行才能体会相遇的快乐,,游戏截图,z****qxsw,"['https://kol-fans.fp.ps.netease.com/file/5f37523c5e6027d8376e5d06uGSNewiI02', 'https://kol-fans.fp.ps.netease.com/file/5f37523da7f2529f0ef962b8C2GcGWIZ02', 'https://kol-fans.fp.ps.netease.com/file/5f37523d96dee49ccb0432cabi8IqR8T02', 'https://kol-fans.fp.ps.netease.com/file/5f37523d96dee4b2da668764iUJHopDB02']",2020-08-15 03:10:54
温暖的灵魂终会相遇,,游戏截图,z****qxsw,"['https://kol-fans.fp.ps.netease.com/file/5f375119a7f252c69598b56cQcDyTSce02', 'https://kol-fans.fp.ps.netease.com/file/5f37511a2786fdf74e4436c7koMjhP8t02', 'https://kol-fans.fp.ps.netease.com/file/5f37511a5e6027d8376e5a83uXbyoWFE02', 'https://kol-fans.fp.ps.netease.com/file/5f37511a8b74276f8f41d5dasFgV1zNk02']",2020-08-15 03:06:03
🦊,,游戏截图,未末。。,"['https://kol-fans.fp.ps.netease.com/file/5f374f402786fdf472f15f7eXNMNu4bv02', 'https://kol-fans.fp.ps.netease.com/file/5f374f406f049462b7dc85feg5KxkJOl02']",2020-08-15 02:58:08
快乐升天,,游戏截图,未末。。,"['https://kol-fans.fp.ps.netease.com/file/5f374eb02786fdfb033c35edaB1i1Zl602', 'https://kol-fans.fp.ps.netease.com/file/5f374eb1a7f2529f0ef95f9ebgZMSTUe02', 'https://kol-fans.fp.ps.netease.com/file/5f374eb196dee4a39063db7c0s6rZseR02']",2020-08-15 02:55:46
夜晚千鸟城快乐打卡,,游戏截图,未末。。,"['https://kol-fans.fp.ps.netease.com/file/5f374df9143cfa806df10cf8NKtkOxS702', 'https://kol-fans.fp.ps.netease.com/file/5f374dfb7f9d2a136e773951dbrHGh8o02', 'https://kol-fans.fp.ps.netease.com/file/5f374dfb143cfa6d2fb99defuWKaDcBm02']",2020-08-15 02:52:44
我们仨,,游戏截图,小梅,['https://kol-fans.fp.ps.netease.com/file/5f373b4f5e6027327516404dayRWqxSs02'],2020-08-15 01:33:04
是红色的～,,游戏截图,十紫,['https://kol-fans.fp.ps.netease.com/file/5f36dadc5e60276c134d05ea8sK7hElI02'],2020-08-14 18:41:33
比翼双飞的你,,游戏截图,1****3349,"['https://kol-fans.fp.ps.netease.com/file/5f36b4606f049415155d4e7adiHR26j302', 'https://kol-fans.fp.ps.netease.com/file/5f36b4606f0494180dfd6ca8c5URJiNY02', 'https://kol-fans.fp.ps.netease.com/file/5f36b4608b74270082cdb27cA5GTzvp102', 'https://kol-fans.fp.ps.netease.com/file/5f36b46196dee4b9e63d3658IxN1t8Fy02']",2020-08-14 15:57:22
这个红兔子好好看啊,,游戏截图,18368****53,['https://kol-fans.fp.ps.netease.com/file/5f36a4645e6027970ff2db12l6wIuLf802'],2020-08-14 14:49:08
遇境,,游戏截图,19861****11,"['https://kol-fans.fp.ps.netease.com/file/5f3696945e602725ab0ca7f87kB5NSTa02', 'https://kol-fans.fp.ps.netease.com/file/5f3696945e60274f3d841f4dRzlL6TIq02', 'https://kol-fans.fp.ps.netease.com/file/5f3696956f04946898f20f0bz41iheMP02']",2020-08-14 13:50:13
我和短短,,游戏截图,19861****11,"['https://kol-fans.fp.ps.netease.com/file/5f369647a7f252bdbf77c2c9f1NmqOvM02', 'https://kol-fans.fp.ps.netease.com/file/5f3696488b74274c771dfa33aG9eiRcR02', 'https://kol-fans.fp.ps.netease.com/file/5f369648143cfa2dfd1e6c5dbQjOUiaO02']",2020-08-14 13:48:56
足迹,,游戏截图,渔火,['https://kol-fans.fp.ps.netease.com/file/5f3695f2a7f2528864fd931fk9Y5OLx102'],2020-08-14 13:47:31
光遇打卡圣地,,游戏截图,19861****11,"['https://kol-fans.fp.ps.netease.com/file/5f3695c38b74272d278848afOlGXzvVf02', 'https://kol-fans.fp.ps.netease.com/file/5f3695c38b74272d278848b0O4AHiCkF02', 'https://kol-fans.fp.ps.netease.com/file/5f3695c396dee4d8e8dbfa3b4xLZJ27602', 'https://kol-fans.fp.ps.netease.com/file/5f3695c396dee4d8e8dbfa3ctSeJE58p02']",2020-08-14 13:46:44
#新时代猛男写真集#,,游戏截图,安卓祖贤昂,"['https://kol-fans.fp.ps.netease.com/file/5f368a696f0494dcacc86328fz9poyE002', 'https://kol-fans.fp.ps.netease.com/file/5f368a695e6027b0b58705e7wPXBYkOg02', 'https://kol-fans.fp.ps.netease.com/file/5f368a6996dee4893d568a7dEgKxl8HJ02', 'https://kol-fans.fp.ps.netease.com/file/5f368a692786fd79eda817d71jb5QDwv02']",2020-08-14 12:58:18
自截表情包昂,,游戏截图,安卓祖贤昂,"['https://kol-fans.fp.ps.netease.com/file/5f3689c36f0494dcc1431427MMWMXSjA02', 'https://kol-fans.fp.ps.netease.com/file/5f3689c32786fdb9fe01e90fzjo74oSL02', 'https://kol-fans.fp.ps.netease.com/file/5f3689c36f0494dcb4f35075LQ9NAFg502', 'https://kol-fans.fp.ps.netease.com/file/5f3689c37f9d2ab9f24e5f60ZFTV9Fcb02']",2020-08-14 12:55:33
霞谷之巅,,游戏截图,15223****98,"['https://kol-fans.fp.ps.netease.com/file/5f3683f08b7427c202ab69a4rHM7bprx02', 'https://kol-fans.fp.ps.netease.com/file/5f3683f15e6027b0ac1c7f5dOLyHLADj02']",2020-08-14 12:30:41
她回不来了,,游戏截图,l****ngzu2020,"['https://kol-fans.fp.ps.netease.com/file/5f364ca9a7f2523e5a8ceb68iTvJOzHQ02', 'https://kol-fans.fp.ps.netease.com/file/5f364ca96f04944acb3b5744UO7dYuAD02', 'https://kol-fans.fp.ps.netease.com/file/5f364ca9a7f25291806b8c7eZJwiaDa902', 'https://kol-fans.fp.ps.netease.com/file/5f364caaa7f25255eb2283dfObMIY67802']",2020-08-14 08:34:54
温暖的灵魂终会相遇,,游戏截图,木比,"['https://kol-fans.fp.ps.netease.com/file/5f36420b7f9d2a946beb8831tPzmT9PX02', 'https://kol-fans.fp.ps.netease.com/file/5f36420b96dee49560af220eWrPYlbvB02', 'https://kol-fans.fp.ps.netease.com/file/5f36420ca7f252b4fe859f7dIaAVOwgj02', 'https://kol-fans.fp.ps.netease.com/file/5f36420d8b74279a658f89a4vgypsEZA02']",2020-08-14 07:49:34
﻿关于平菇哥哥千万不能踩的雷点,,同人绘,白琴,['https://kol-fans.fp.ps.netease.com/file/5f3641ba7f9d2a946beb87c1ZP9bg2Dm02'],2020-08-14 07:48:10
龙卡粮,,同人绘,白琴,['https://kol-fans.fp.ps.netease.com/file/5f364194143cfa1524d222b25EyultDo02'],2020-08-14 07:47:32
雨中树林，由我守护,,游戏截图,木比,"['https://kol-fans.fp.ps.netease.com/file/5f363d5196dee4974f968ad9NmaKxbL302', 'https://kol-fans.fp.ps.netease.com/file/5f363d518b7427a580725d56hg10NqX002']",2020-08-14 07:29:22
这是几号？,,游戏截图,c****201505,['https://kol-fans.fp.ps.netease.com/file/5f35cba46f0494ab9a0ad415xf3xAXKB02'],2020-08-13 23:24:21
面对千星许愿tgc蓝斗篷,,游戏截图,c****99367,['https://kol-fans.fp.ps.netease.com/file/5f357b395e6027e4a990a1d4zYX108I002'],2020-08-13 17:41:14
有你哪里都不孤单,,游戏截图,c****99367,['https://kol-fans.fp.ps.netease.com/file/5f357ac35e6027e4a990a14bm6aW75HK02'],2020-08-13 17:39:15
光遇音乐课堂开课啦hhh,,游戏截图,奶盖,"['https://kol-fans.fp.ps.netease.com/file/5f3567e2a7f252fb0cf21572xeNHHQkt02', 'https://kol-fans.fp.ps.netease.com/file/5f3567e296dee42c8cbe4162obzmrpsA02']",2020-08-13 16:18:43
路人放出的彩虹🌈 霞谷的日落🌄 献祭过后的星河✨ 可爱的光之子们🥰 面对皮皮虾时的无谓🦐 光遇真的很快乐,,游戏截图,奔奔,"['https://kol-fans.fp.ps.netease.com/file/5f3562847f9d2a8a020900baELYCBHco02', 'https://kol-fans.fp.ps.netease.com/file/5f356287143cfa5df899301b6epg0Hbm02', 'https://kol-fans.fp.ps.netease.com/file/5f3562902786fdfbb5afe3f3B2TJ2CO002', 'https://kol-fans.fp.ps.netease.com/file/5f3562982786fdcbb8f59b2dN7m61kff02']",2020-08-13 15:56:15
飞云下的世界,,游戏截图,13008****85,"['https://kol-fans.fp.ps.netease.com/file/5f350b586f04943cebe08c60iBzFykBy02', 'https://kol-fans.fp.ps.netease.com/file/5f350b585e6027d15f9469efMsjxpfEm02']",2020-08-13 09:43:53
愿，和你走遍这光遇世界的每个角落,,游戏截图,光遇木头,"['https://kol-fans.fp.ps.netease.com/file/5f3505ee7f9d2aff076751f2uIJtfTsZ02', 'https://kol-fans.fp.ps.netease.com/file/5f3505eea7f252851253ef77bhlBhyri02', 'https://kol-fans.fp.ps.netease.com/file/5f3505ef2786fd1a619cd500bcUbZTkh02', 'https://kol-fans.fp.ps.netease.com/file/5f3505ef96dee4ca9f1d36fdijiajEWg02']",2020-08-13 09:20:48
喜欢你，就这样静静看着你，就已经很开心了,,游戏截图,13904****75,['https://kol-fans.fp.ps.netease.com/file/5f34f8b96f04944e41009125EzAFALaW02'],2020-08-13 08:24:26
𝓘 𝓵𝓸𝓿𝓮 𝔂𝓸𝓾 𝓯𝓸𝓻 𝓷𝓸 𝓻𝓮𝓪𝓼𝓸𝓷 ,,游戏截图,锖兔,"['https://kol-fans.fp.ps.netease.com/file/5f34f0ba7f9d2a5c00bf38227RYi71cx02', 'https://kol-fans.fp.ps.netease.com/file/5f34f0ba7f9d2a5c00bf3823Tje38XiG02', 'https://kol-fans.fp.ps.netease.com/file/5f34f0ba96dee4df0513d9d7pwCjNYoP02', 'https://kol-fans.fp.ps.netease.com/file/5f34f0ba6f0494621971069epmX2p2xf02']",2020-08-13 07:50:19
看星光,,游戏截图,15869****84,['https://kol-fans.fp.ps.netease.com/file/5f34c6db8b74272b8d267363DaWBZhSO02'],2020-08-13 04:51:39
和你在一起的日子（2）,,游戏截图,19525****25,"['https://kol-fans.fp.ps.netease.com/file/5f34beaa5e6027474141142cb2cXVuDa02', 'https://kol-fans.fp.ps.netease.com/file/5f34beaa7f9d2af2dae831d4zZYiiiF602', 'https://kol-fans.fp.ps.netease.com/file/5f34beaaa7f2528181ee4f2bGEqfcT6602', 'https://kol-fans.fp.ps.netease.com/file/5f34beaa7f9d2aeae88eb149HD2hqrI502']",2020-08-13 04:16:44
千鸟岛终究是只可远观,,游戏截图,13147****89,"['https://kol-fans.fp.ps.netease.com/file/5f34b4fa6f04947aaa65b437NxQm5pAh02', 'https://kol-fans.fp.ps.netease.com/file/5f34b4fb8b7427d08dad8c9dwmybzElp02', 'https://kol-fans.fp.ps.netease.com/file/5f34b4fb8b7427b13a7454c5B81e9MCF02', 'https://kol-fans.fp.ps.netease.com/file/5f34b4fb5e60270ef511b2c6LzZdqpHZ02']",2020-08-13 03:35:25
猜猜光芒来自哪里,,游戏截图,13147****89,['https://kol-fans.fp.ps.netease.com/file/5f34b393143cfaa9ebc37600Y1iiCO6r02'],2020-08-13 03:29:24
晨岛-幽静阁,,游戏截图,希-打卡小众景点,['https://kol-fans.fp.ps.netease.com/file/5f34b24a6f04947afb20e53chKRbNyfx02'],2020-08-13 03:23:55
在黑暗中你我相依,,游戏截图,暮辰羽惜,['https://kol-fans.fp.ps.netease.com/file/5f34ab4c8b74276a9d836cd8orJcXTDr02'],2020-08-13 02:54:05
向光而生，永不言败,,游戏截图,宜,"['https://kol-fans.fp.ps.netease.com/file/5f34a9157f9d2a20ece77ab8UCddqML802', 'https://kol-fans.fp.ps.netease.com/file/5f34a9155e60278239cc0d7fgaUkraxz02', 'https://kol-fans.fp.ps.netease.com/file/5f34a9168b7427534da2387evhFx0jLj02', 'https://kol-fans.fp.ps.netease.com/file/5f34a9166f04948102b593d7oHhJqTIp02']",2020-08-13 02:44:39
绝美雨林旅游打卡,,游戏截图,15964****86,"['https://kol-fans.fp.ps.netease.com/file/5f349a266f04940acc38c967i1MtCWsl02', 'https://kol-fans.fp.ps.netease.com/file/5f349a2896dee4d6b473cd84BJKY54HM02', 'https://kol-fans.fp.ps.netease.com/file/5f349a297f9d2ad310e3c3d0O39tjMr302', 'https://kol-fans.fp.ps.netease.com/file/5f349a2ba7f25252b1ea8feaWY2R2ii402']",2020-08-13 01:41:01
我和她,,游戏截图,18230****28683904,"['https://kol-fans.fp.ps.netease.com/file/5f34691e7f9d2a6d670bf25aCoUJQF4L02', 'https://kol-fans.fp.ps.netease.com/file/5f34691e7f9d2ae000a3b5caWiusvWU802', 'https://kol-fans.fp.ps.netease.com/file/5f34691e8b7427de8c730fd5D6LQYAHo02', 'https://kol-fans.fp.ps.netease.com/file/5f34691e7f9d2ae79ac2d0e5ugtLO13f02']",2020-08-12 22:11:43
我和你，将永远在一起,,游戏截图,18148****55,"['https://kol-fans.fp.ps.netease.com/file/5f3436b76f0494d47e5a39700XlsvTbR02', 'https://kol-fans.fp.ps.netease.com/file/5f3436b82786fd1f0b57bdfeEPN2Nkc302', 'https://kol-fans.fp.ps.netease.com/file/5f3436b82786fd1f0b57bdffBUMXyvxX02', 'https://kol-fans.fp.ps.netease.com/file/5f3436b8143cfaccbb0b69d4Pric1LUJ02']",2020-08-12 18:36:52
和你,,游戏截图,13655****27749399,"['https://kol-fans.fp.ps.netease.com/file/5f34275e6f0494521110d2caU5LykR1x02', 'https://kol-fans.fp.ps.netease.com/file/5f34275e96dee42e4eea41f0AYvopFmu02', 'https://kol-fans.fp.ps.netease.com/file/5f34275e2786fd1b72eee7f9k58dalPG02', 'https://kol-fans.fp.ps.netease.com/file/5f34275e7f9d2a13d87ee534jpOEhQiG02']",2020-08-12 17:31:11
啊吧啊吧,,游戏截图,w****106909,"['https://kol-fans.fp.ps.netease.com/file/5f33fdf5a7f25216305fd2d3CklNKdrG02', 'https://kol-fans.fp.ps.netease.com/file/5f33fdf596dee4baeec019f4JxLOROsJ02', 'https://kol-fans.fp.ps.netease.com/file/5f33fdf58b742778ac12ee3dpdmjdYrx02', 'https://kol-fans.fp.ps.netease.com/file/5f33fdf57f9d2a3017b728ceyqGkBbY002']",2020-08-12 14:34:30
今日份温柔,,游戏截图,仙亦er,['https://kol-fans.fp.ps.netease.com/file/5f33f1a2143cfafc65279577pV5j0ETl02'],2020-08-12 13:41:55
何以为祭,,游戏截图,阿念,['https://kol-fans.fp.ps.netease.com/file/5f33ec5a8b7427bd4be650edhaIjTDvp02'],2020-08-12 13:19:23
走投无路的光之子,,游戏截图,阿念,"['https://kol-fans.fp.ps.netease.com/file/5f33ec075e6027ae57fdd65cI08oiVax02', 'https://kol-fans.fp.ps.netease.com/file/5f33ec0796dee449dcf66a6cspTBF6pg02', 'https://kol-fans.fp.ps.netease.com/file/5f33ec086f04943182a8dba8adx7M6OV02']",2020-08-12 13:18:01
站住，别跑,,游戏截图,阿念,"['https://kol-fans.fp.ps.netease.com/file/5f33eb297f9d2adcbf2107beYDd2fyEN02', 'https://kol-fans.fp.ps.netease.com/file/5f33eb298b74271179848b92xqL1Qwzk02']",2020-08-12 13:14:18
如果不曾遇见你,,视频,鱼,['https://kol-fans.fp.ps.netease.com/file/5f33e9927f9d2a8309f1f822ulMi0szT02'],2020-08-12 13:07:32
希望你的那个人出现,,游戏截图,楠楠要跑图啦,['https://kol-fans.fp.ps.netease.com/file/5f33e518a7f2526f90eadc5cO4pGEwzw02'],2020-08-12 12:48:25
水底世界呐,,游戏截图,楠楠要跑图啦,['https://kol-fans.fp.ps.netease.com/file/5f33e4c52786fd562a0161ca1kil9JT402'],2020-08-12 12:47:02
因为BUG出现的彩虹桥，在暴风眼面对冥龙，在献祭结束后的拥抱，在云上飞行 前往伊甸，每一次，都是最珍贵的回忆,,游戏截图,尘埃,"['https://kol-fans.fp.ps.netease.com/file/5f33db3e143cfa5439163b91Q2MD2GZF02', 'https://kol-fans.fp.ps.netease.com/file/5f33db3f8b74277b32f47823YmErLOXs02', 'https://kol-fans.fp.ps.netease.com/file/5f33db3f2786fdf4938279dfCgkZuHbJ02', 'https://kol-fans.fp.ps.netease.com/file/5f33db3f8b74279463575c50dgNIJK0k02']",2020-08-12 12:06:24
看画这个很火，随便画了一个，我真希望黑斗篷的恢复效果改一改啊啊。,,同人绘,九儿,['https://kol-fans.fp.ps.netease.com/file/5f33d693a7f2520e821bc426xHjsVM1D02'],2020-08-12 11:46:28
旅途,,游戏截图,鹿呦,"['https://kol-fans.fp.ps.netease.com/file/5f33b8a9a7f25297bab97181lNKMoEkl02', 'https://kol-fans.fp.ps.netease.com/file/5f33b8aa7f9d2a8566f5bcb5S9r9XiHm02']",2020-08-12 09:38:50
落日🌇 ,,游戏截图,13008****85,"['https://kol-fans.fp.ps.netease.com/file/5f33b6c796dee46751a7cf2ddfzIik8402', 'https://kol-fans.fp.ps.netease.com/file/5f33b6c75e60276ea39386e21kuMUiy002']",2020-08-12 09:30:48
新景点？,,游戏截图,为光,"['https://kol-fans.fp.ps.netease.com/file/5f33b6267f9d2a63f807cf06oPUkZyf102', 'https://kol-fans.fp.ps.netease.com/file/5f33b626143cfae626fdbf11tA1dIcqi02', 'https://kol-fans.fp.ps.netease.com/file/5f33b6267f9d2a419c6b9e46isqgX7Ij02']",2020-08-12 09:28:06
龙卡,,游戏截图,15716****86,['https://kol-fans.fp.ps.netease.com/file/5f33aa5a8b742743e594a5ddT4kTINvL02'],2020-08-12 08:37:47
弯月moon,,游戏截图,m****7148961,['https://kol-fans.fp.ps.netease.com/file/5f3381838b74270aece64fb5kPNZgS7A02'],2020-08-12 05:43:32
哪怕世界末日，只要有你在身旁……,,游戏截图,13669****18,['https://kol-fans.fp.ps.netease.com/file/5f337d966f0494d87f8debb8OGuhVs0Q02'],2020-08-12 05:26:47
陪我挂机的小可爱,,游戏截图,13051****79,"['https://kol-fans.fp.ps.netease.com/file/5f336b0a8b74278fe6f6c14eM8FkCpdS02', 'https://kol-fans.fp.ps.netease.com/file/5f336b0a8b74278f758c9745vseTV5Oy02']",2020-08-12 04:07:39
第一次设计斗篷哈哈哈哈限发九张，还有很多颜色没发,,原创设计,囡囡,"['https://kol-fans.fp.ps.netease.com/file/5f32fc3f143cfac2f3755d1cSNG4xBmT02', 'https://kol-fans.fp.ps.netease.com/file/5f32fc3f143cfac2f3755d1ef41sM9eb02', 'https://kol-fans.fp.ps.netease.com/file/5f32fc3f6f04941090c4ab13YidXQMPs02', 'https://kol-fans.fp.ps.netease.com/file/5f32fc407f9d2a4157ba1b39lYdoRNfE02']",2020-08-11 20:14:57
烤月饼（？？？）,,游戏截图,风风,['https://kol-fans.fp.ps.netease.com/file/5f32eb5596dee4e2188acad64zdqjgBs02'],2020-08-11 19:02:46
哎呀，掉进内心里了,,同人绘,十紫,['https://kol-fans.fp.ps.netease.com/file/5f32cf19a7f25269f62533e1jN90ymRQ02'],2020-08-11 17:02:17
彩虹,,游戏截图,十紫,['https://kol-fans.fp.ps.netease.com/file/5f32ce987f9d2ab7436264ebMTRG3C6202'],2020-08-11 17:00:08
遇见了最美的一切,,游戏截图,十紫,"['https://kol-fans.fp.ps.netease.com/file/5f32cd8096dee464b0b8c38ceyfhVGRt02', 'https://kol-fans.fp.ps.netease.com/file/5f32cd817f9d2ab7436263f49ckPvzCM02', 'https://kol-fans.fp.ps.netease.com/file/5f32cd815e6027a86430e2db7T2f0AUS02', 'https://kol-fans.fp.ps.netease.com/file/5f32cd817f9d2abd92332af0p4dBMzZd02']",2020-08-11 16:55:30
暮土风格的云野,,同人绘,～零～,['https://kol-fans.fp.ps.netease.com/file/5f32c2202786fd057b87b545ilHfvhkL02'],2020-08-11 16:06:57
呜呜呜呜有没有佬大带带我，没有手手,,游戏截图,18973****84,"['https://kol-fans.fp.ps.netease.com/file/5f32bc572786fdee1bc8f6e8JiKiKHgP02', 'https://kol-fans.fp.ps.netease.com/file/5f32bc578b74278dc47d31dcLW30zOG702']",2020-08-11 15:42:15
孤狼日常,,游戏截图,苏颜汐,['https://kol-fans.fp.ps.netease.com/file/5f32a8da6f04942fa22e85a1y6E3hsb902'],2020-08-11 14:19:06
打卡,,视频,13558****00,['https://kol-fans.fp.ps.netease.com/file/5f32a1a18b7427abfc38f4d1SusiI4I902'],2020-08-11 13:48:18
所有美好的事物都在向你奔来,,视频,13558****00,['https://kol-fans.fp.ps.netease.com/file/5f32a059a7f2523f143b8cf7iNFtRuj502'],2020-08-11 13:42:50
和好朋友一起去打卡哇🌚👍很漂亮,,打卡区,13427****69,"['https://kol-fans.fp.ps.netease.com/file/5f328b6696dee4219df2c5a716s0YLwz02', 'https://kol-fans.fp.ps.netease.com/file/5f328b68143cfae0661cb2cbhaGh5cHH02', 'https://kol-fans.fp.ps.netease.com/file/5f328b6996dee445c10440e3gzwrJ4D302', 'https://kol-fans.fp.ps.netease.com/file/5f328b6a2786fdb798da65bc5DHdVgo602']",2020-08-11 12:13:32
火树银花,,游戏截图,风风,['https://kol-fans.fp.ps.netease.com/file/5f327d03143cfa6c473ef49cucrUKsPT02'],2020-08-11 11:12:05
当时就看见他一个人在雨林门上弹琴，就想着去陪陪他。后来我也拿出了琴但不怎么会，他就一步一步教我。真的很温柔一个人，但还没加好友就串线了，就这样再也找不到了,,游戏截图,13972****14,"['https://kol-fans.fp.ps.netease.com/file/5f327712a7f252fa7fabd24dh3HhIIA902', 'https://kol-fans.fp.ps.netease.com/file/5f327712a7f252235f7277afh6BRXCd802', 'https://kol-fans.fp.ps.netease.com/file/5f3277136f0494d27783b150Q5fPVw7f02']",2020-08-11 10:46:43
#谢谢迷茫时为我指路的你#,,游戏截图,8****1280,['https://kol-fans.fp.ps.netease.com/file/5f326df48b742772728be9d8D5JLGomb02'],2020-08-11 10:07:49
遇,"我是在伊甸的途中遇到他的。（此处不知道那位小黑人的性别，用“他”代替。）
  在一堆飞石中，我看到了一个人的身影，他好像被石头砸了。我走到他身边，给他点了火，灰色的身子慢慢充满了色彩，宛若在云野中看到的蝴蝶一般一点一点地恢复着。
  我们以路人的身份，一起走过了我害怕的“皮皮虾巡游之地”，也在风尘滚滚的地方相互大叫补充光之能量。终于，我们并肩来到了伊甸之眼的入口，他没有进去，而是在门口伊甸之眼的外面摆了个秋千，我坐了上去。
    秋千慢慢地摇着，我仍还记得他对我说的第一句话“你好，谢谢你刚刚给我点火。”
    我说：“没关系，应该的。”他走下秋千，给我做了一个鞠躬的动作。随后坐上秋千，问道：“你是来献祭的吗？”
   我回复：“对，第一次来呢.....为了准备献祭看了很多攻略。”我看着许多牵着手的旅人并肩走入暴风眼，感叹了一句：“可惜也没人带我呢，孤狼可能就是这样吧。”他说：“我以前的固玩也是在暴风眼遇到的哈哈哈，当时也是个像你一样的萌新。可惜，他退游了。”
  我感到惋惜，安慰他说：“别难过啦，我还没啥好友呢。”“那就一起走吧。”他发来邀请，也给我讲了很多暴风眼的知识，这是看视频所单纯不知道的。第一次感觉色调黑暗的伊甸，充满了温暖的烛光。
  我们并肩出发，一同点亮路途上的小黑人。我性格比较莽，有好几次被红石雨砸掉好几个翼，变成“卤蛋”的时候也跌跌撞撞地跑向他所在的地方点火，我们也边走边大叫，相互在这红石雨肆虐的地方成为对方的一点光亮。即使我呼叫，我只能见到路人的星星，没有他的名字，但我总能看到他跟在我的身后，一转头就能看到。没想到，寒冷无情的暴风眼，有这么一盏光亮陪我前行。
  很快我们来到了不会停歇红石雨的地方，看着自己的光翼一个一个地丢失，我却无能为力。不止一次被红石雨打到在地上，也不知道相互之间大叫有没有用，可我只是一直大叫。我不愿他的能量消逝得如此快。很快，我光翼掉光了，自己一个人走过美丽的重生之路，以为孤狼不会孤独，一直假装坚强的我，突然眼泪充满了眼眶。
  我连他的名字都不知道。
  我们无法牵手，无法拥抱，却让我感受到了朋友的温暖。
  以至于我每次见到被我不知道何时点亮的路人，我都会想很久：他是我在哪遇到的人呢。
  光遇的魅力，对我来说，可能就在这里吧。
  我虽不知你姓名，却温暖如心。
                                                                                  ——遇",故事,13710****73,[],2020-08-11 10:05:52
幻想季•光之旅人,,斗篷设计,南衍,['https://kol-fans.fp.ps.netease.com/file/5f3265d8a7f25287d6e676e1lMkXS08d02'],2020-08-11 09:33:12
咕咕侠变成了不咕鸟,,游戏截图,不咕鸟,"['https://kol-fans.fp.ps.netease.com/file/5f32630b5e60277207416620jc2sGkrE02', 'https://kol-fans.fp.ps.netease.com/file/5f32630ba7f2528a7120a1b2r939Exok02', 'https://kol-fans.fp.ps.netease.com/file/5f32630b6f0494b4d0e77cbbud6vvJYM02', 'https://kol-fans.fp.ps.netease.com/file/5f32630c8b74272b1e093baddB4q9iyi02']",2020-08-11 09:21:16
上好佳日常,,游戏截图,上好佳,"['https://kol-fans.fp.ps.netease.com/file/5f32618e2786fd671eac019edSpiDYFE02', 'https://kol-fans.fp.ps.netease.com/file/5f32618e143cfa7e55cb0538zY44toKX02', 'https://kol-fans.fp.ps.netease.com/file/5f32618e5e60277864cd2e5b34srduMI02', 'https://kol-fans.fp.ps.netease.com/file/5f32618e143cfa5d50daac93l5KszqlL02']",2020-08-11 09:14:56
幸识,,游戏截图,风青玄鹤,"['https://kol-fans.fp.ps.netease.com/file/5f325e885e6027640b31144bXPcW3BNU02', 'https://kol-fans.fp.ps.netease.com/file/5f325e88a7f25271c4d59e6bL3I4qbTt02']",2020-08-11 09:02:01
咕咕侠,,游戏截图,上好佳,"['https://kol-fans.fp.ps.netease.com/file/5f32566196dee42db0dfef9dXfAd1TSo02', 'https://kol-fans.fp.ps.netease.com/file/5f3256612786fdf100c9be40fr7AYljw02', 'https://kol-fans.fp.ps.netease.com/file/5f32566196dee422086c58227vHVmOsH02', 'https://kol-fans.fp.ps.netease.com/file/5f3256615e6027083138edbfj04N2jie02']",2020-08-11 08:27:15
﻿𓄹粉红云端𓄼,,游戏截图,风风,['https://kol-fans.fp.ps.netease.com/file/5f323d956f04940e252af0e410JALzMC02'],2020-08-11 06:41:25
风景照（修过图）,,游戏截图,风风,"['https://kol-fans.fp.ps.netease.com/file/5f3230f296dee4ee313ec372eaM8dMiF02', 'https://kol-fans.fp.ps.netease.com/file/5f3230f2143cfab4728a2de1B5k68lNk02', 'https://kol-fans.fp.ps.netease.com/file/5f3230f2143cfa077d00d98fEk3WW7bj02', 'https://kol-fans.fp.ps.netease.com/file/5f3230f396dee4f5bc1aec60Xaj9h4H902']",2020-08-11 05:47:32
和朋友们旅游景点照，冰洞，纯白，蝴蝶，新月，双面海，落日，落日桥,,游戏截图,南钰,"['https://kol-fans.fp.ps.netease.com/file/5f320922143cfaa63b4c099fWWXIWWCs02', 'https://kol-fans.fp.ps.netease.com/file/5f3209226f0494707edf11baolG7k31P02', 'https://kol-fans.fp.ps.netease.com/file/5f32092396dee48eae2cadfeQ9Guhxzo02', 'https://kol-fans.fp.ps.netease.com/file/5f320923143cfaadc59024caW1QbRw5y02']",2020-08-11 02:57:41
一群大佬伪装萌新的聚会（演戏）,,游戏截图,南钰,['https://kol-fans.fp.ps.netease.com/file/5f3208828b7427afdecb98d54C5vz8rU02'],2020-08-11 02:54:58
卡卡，吸溜吸溜,,游戏截图,南钰,['https://kol-fans.fp.ps.netease.com/file/5f32084c5e60277a9a908066sVIrjCjp02'],2020-08-11 02:54:05
风景,,游戏截图,15019****20,"['https://kol-fans.fp.ps.netease.com/file/5f3203022786fdcc9f3f22d0q56Pg8hC02', 'https://kol-fans.fp.ps.netease.com/file/5f3203032786fdb64fb4274761CZ08i302', 'https://kol-fans.fp.ps.netease.com/file/5f320305a7f252cb2ee4a5c9eajjQ2MO02', 'https://kol-fans.fp.ps.netease.com/file/5f3203062786fdc32be554184HMDX0Z202']",2020-08-11 02:31:41
夕阳,,游戏截图,小铅笔,['https://kol-fans.fp.ps.netease.com/file/5f31fa41a7f252b892118495sqzDz7x602'],2020-08-11 01:54:09
伊甸,,游戏截图,小铅笔,"['https://kol-fans.fp.ps.netease.com/file/5f31f9de96dee4197566332cVJiPVYXl02', 'https://kol-fans.fp.ps.netease.com/file/5f31f9dfa7f252c4df523599QtpdpEOc02', 'https://kol-fans.fp.ps.netease.com/file/5f31f9df6f04944e9bd9fa66eiezL5tz02']",2020-08-11 01:52:32
一顿几个小孩？,,游戏截图,小铅笔,['https://kol-fans.fp.ps.netease.com/file/5f31f9975e6027183d6dfd602tBgzHWH02'],2020-08-11 01:51:20
这是什么回事哈哈哈哈哈哈哈哈哈,,游戏截图,小铅笔,['https://kol-fans.fp.ps.netease.com/file/5f31f94f96dee41975663267cu99mOrg02'],2020-08-11 01:50:08
如果可以，我会说声对不起,,游戏截图,小铅笔,"['https://kol-fans.fp.ps.netease.com/file/5f31f928143cfa24456d77b8hSjyie2402', 'https://kol-fans.fp.ps.netease.com/file/5f31f9286f0494145c26f0f0GPrEVPSN02']",2020-08-11 01:49:29
甜甜的日常,,游戏截图,小铅笔,['https://kol-fans.fp.ps.netease.com/file/5f31f8e35e602720ddf728245khPdA1i02'],2020-08-11 01:48:20
千鸟图留念,,游戏截图,小铅笔,"['https://kol-fans.fp.ps.netease.com/file/5f31f8387f9d2acf9d88d3a6vfiflwqQ02', 'https://kol-fans.fp.ps.netease.com/file/5f31f8387f9d2a04f4367946HBA4WPXa02', 'https://kol-fans.fp.ps.netease.com/file/5f31f8386f04944e9bd9f826G0qTKOqj02', 'https://kol-fans.fp.ps.netease.com/file/5f31f838143cfa24456d765cVDOGg3ft02']",2020-08-11 01:45:29
粉红海留念,,游戏截图,小铅笔,['https://kol-fans.fp.ps.netease.com/file/5f31f7b9a7f25255096c8ddeib8mldiD02'],2020-08-11 01:43:22
在峡谷赛道飞起来啦耶,,游戏截图,小铅笔,['https://kol-fans.fp.ps.netease.com/file/5f31f7637f9d2aa4fc4c27aa35wmcP7i02'],2020-08-11 01:41:56
驯龙骑士，第一次成功留念。温暖的灵魂终将相遇，屠龙的勇士永远都是少年,,游戏截图,18633****21,['https://kol-fans.fp.ps.netease.com/file/5f31f67396dee4ed20e1e067xirGU8uA02'],2020-08-11 01:37:56
光·遇,,游戏截图,13420****15,"['https://kol-fans.fp.ps.netease.com/file/5f317fde7f9d2a63961686d3HGVPOUTB02', 'https://kol-fans.fp.ps.netease.com/file/5f317fdf7f9d2a6ee3eec0c1JSoevRFT02']",2020-08-10 17:12:00
一个人的孤独寂寞。光阴虚度。已受君恩顾，好与花为主。万里丹霄,,游戏截图,13392****59896827,"['https://kol-fans.fp.ps.netease.com/file/5f31779e96dee494813e699bFmi6Bsow02', 'https://kol-fans.fp.ps.netease.com/file/5f31779e6f04945f28cbfe5acSBSak0902', 'https://kol-fans.fp.ps.netease.com/file/5f31779f7f9d2a53627db679AYitzOVt02']",2020-08-10 16:36:47
孤单只是一瞬间，但愿每个人可以遇到心意的人,,游戏截图,1****91465,"['https://kol-fans.fp.ps.netease.com/file/5f3173aa2786fd9c05098d8allP29JV102', 'https://kol-fans.fp.ps.netease.com/file/5f3173aa143cfa1d0f016e8fkldvAUpJ02', 'https://kol-fans.fp.ps.netease.com/file/5f3173aa96dee4bc8e621582JamgjIay02', 'https://kol-fans.fp.ps.netease.com/file/5f3173ab7f9d2a2cb568fca6JWozGgOg02']",2020-08-10 16:19:56
禁阁星光,,同人绘,18635****66,['https://kol-fans.fp.ps.netease.com/file/5f31665b5e6027b5526c6f0dl1H0WFep02'],2020-08-10 15:23:07
潇湘我想你了我是阿玖,,游戏截图,17321****79,"['https://kol-fans.fp.ps.netease.com/file/5f315be77f9d2a7b0bbf1612zpR0LptU02', 'https://kol-fans.fp.ps.netease.com/file/5f315be75e60274eede07189ikDyXreP02', 'https://kol-fans.fp.ps.netease.com/file/5f315be77f9d2aa0d1f28e3f1r8rT5lS02', 'https://kol-fans.fp.ps.netease.com/file/5f315be7143cfa58295bda30NofAr4EG02']",2020-08-10 14:38:32
今天刚入游吖！做个纪念！,,游戏截图,13006****08,"['https://kol-fans.fp.ps.netease.com/file/5f3154c45e60272696df88d4t2zi4mxh02', 'https://kol-fans.fp.ps.netease.com/file/5f3154c47f9d2a4f5dbb71adN34XukzP02', 'https://kol-fans.fp.ps.netease.com/file/5f3154c42786fde8baa2b89a242gThEY02']",2020-08-10 14:08:05
光遇的第一张照片,,游戏截图,尾生,['https://kol-fans.fp.ps.netease.com/file/5f313b8c96dee40aba680f11MDc1HTPG02'],2020-08-10 12:20:28
我真的好喜欢她,,游戏截图,15844****58,['https://kol-fans.fp.ps.netease.com/file/5f313aca6f04941173533ec6pGiwdFYU02'],2020-08-10 12:17:15
猛男对视,,游戏截图,15844****58,['https://kol-fans.fp.ps.netease.com/file/5f313a77143cfa8b1a19cb2aBFbZGMC602'],2020-08-10 12:15:52
希望我们能一起走过世界每个角落,,游戏截图,潮/叶子,"['https://kol-fans.fp.ps.netease.com/file/5f3136347f9d2a4298dfd1edhRWwPiKw02', 'https://kol-fans.fp.ps.netease.com/file/5f3136352786fd181761f571gtsvXhrz02', 'https://kol-fans.fp.ps.netease.com/file/5f313635a7f2528cab5b3cf84LJfea2L02', 'https://kol-fans.fp.ps.netease.com/file/5f3136355e602722d369bd54rQ6uaciC02']",2020-08-10 11:57:44
日常照,,游戏截图,18984****11,"['https://kol-fans.fp.ps.netease.com/file/5f31284d143cfa1848b56b96xeiE0kyX02', 'https://kol-fans.fp.ps.netease.com/file/5f31284e96dee45062b4b837Bjt44TBC02', 'https://kol-fans.fp.ps.netease.com/file/5f31284e2786fd641a1785f0wdk9LezD02', 'https://kol-fans.fp.ps.netease.com/file/5f31284e96dee45db4e75007FXlE0WiA02']",2020-08-10 10:58:26
会飞的光之子,,同人绘,18984****11,['https://kol-fans.fp.ps.netease.com/file/5f3120a02786fd3ae67d3c934wrOdwQC02'],2020-08-10 10:25:37
朋友,,游戏截图,18872****52,"['https://kol-fans.fp.ps.netease.com/file/5f311f062786fd3ae67d3b9dRUiSA0HP02', 'https://kol-fans.fp.ps.netease.com/file/5f311f067f9d2ae109a6dff1OseoDzoR02', 'https://kol-fans.fp.ps.netease.com/file/5f311f076f049451d05b6c6a65IZ4T9B02']",2020-08-10 10:18:47
无题,,游戏截图,13780****69,['https://kol-fans.fp.ps.netease.com/file/5f311d3b96dee401b2de84feFOXvxX6d02'],2020-08-10 10:11:07
无题,,游戏截图,13780****69,['https://kol-fans.fp.ps.netease.com/file/5f311ccb6f0494e194899d57YZk56eik02'],2020-08-10 10:09:16
每日发疯嘿嘿嘿,,游戏截图,Sky光遇小冥,['https://kol-fans.fp.ps.netease.com/file/5f310ec96f0494cdc63f500eybHc7oEb02'],2020-08-10 09:09:29
原来无脸有眼睛睫毛还很长。。,,游戏截图,未末。。,"['https://kol-fans.fp.ps.netease.com/file/5f3104425e602793a9823daa4m3IBiw202', 'https://kol-fans.fp.ps.netease.com/file/5f3104436f0494914929425fdX993CHR02', 'https://kol-fans.fp.ps.netease.com/file/5f310443143cfac84a430eaaAB5fRKF602']",2020-08-10 08:24:36
白斗+黑脸+卤蛋 套装 get～,,游戏截图,未末。。,"['https://kol-fans.fp.ps.netease.com/file/5f3103e07f9d2a06698ff606BMPvAPWC02', 'https://kol-fans.fp.ps.netease.com/file/5f3103e28b7427406af601bbOizTHjhb02']",2020-08-10 08:22:59
是新生，还是轮回,,游戏截图,阿念,['https://kol-fans.fp.ps.netease.com/file/5f30b70296dee44193586336gkvip7oj02'],2020-08-10 02:54:59
漫天星辉，谁与我携手共度,,游戏截图,阿念,"['https://kol-fans.fp.ps.netease.com/file/5f30b6cc8b74274d462d09b7dPhkcztB02', 'https://kol-fans.fp.ps.netease.com/file/5f30b6cc2786fdf09360a947gIjDxZVg02']",2020-08-10 02:54:05
先祖，别打我，我怕,,游戏截图,阿念,"['https://kol-fans.fp.ps.netease.com/file/5f30b6126f04945695c3adffJKj452RI02', 'https://kol-fans.fp.ps.netease.com/file/5f30b613a7f252cdf4396d2dIrIgTGyd02', 'https://kol-fans.fp.ps.netease.com/file/5f30b6138b742748ffcf227eB3dbWlvE02', 'https://kol-fans.fp.ps.netease.com/file/5f30b6135e60271e31e57dbforCCKfIG02']",2020-08-10 02:51:00
裂痕,,游戏截图,18872****52,['https://kol-fans.fp.ps.netease.com/file/5f30b1c98b7427dc0826d5c2giQibLGN02'],2020-08-10 02:32:41
老友,,游戏截图,18872****52,"['https://kol-fans.fp.ps.netease.com/file/5f30b1af2786fd4ed3404445t93ZMsHM02', 'https://kol-fans.fp.ps.netease.com/file/5f30b1af96dee415fb137168NGH9a1tx02', 'https://kol-fans.fp.ps.netease.com/file/5f30b1afa7f2529bb453cd62NAURuSpX02']",2020-08-10 02:32:16
故乡的sakura开了 大佐 你不回来看看嘛👀（附一群小朋友躺在一起弹琴,,游戏截图,13530****61,"['https://kol-fans.fp.ps.netease.com/file/5f3085ee6f0494947b09e871aLZBZyZK02', 'https://kol-fans.fp.ps.netease.com/file/5f3085f5a7f25260e9e32bfaiibTN1gc02']",2020-08-09 23:25:42
表情包合集,,游戏截图,呐,"['https://kol-fans.fp.ps.netease.com/file/5f304f7596dee4607ea6d79663B6tV6M02', 'https://kol-fans.fp.ps.netease.com/file/5f304f752786fdee4b2216dfgcJxkUJp02', 'https://kol-fans.fp.ps.netease.com/file/5f304f76143cfaa266f33745VjOiEk6w02', 'https://kol-fans.fp.ps.netease.com/file/5f304f76143cfaa266f33746TFoHiybU02']",2020-08-09 19:33:11
波波头！真的好乖！！,,游戏截图,呐,"['https://kol-fans.fp.ps.netease.com/file/5f304e785e602730646c9ba195Zi51qP02', 'https://kol-fans.fp.ps.netease.com/file/5f304e782786fdee4b22166dVRXx4HME02', 'https://kol-fans.fp.ps.netease.com/file/5f304e796f0494935e5e53b61wMvw0c102', 'https://kol-fans.fp.ps.netease.com/file/5f304e798b7427b5b8b54b1aOYkXi1MP02']",2020-08-09 19:28:57
卡卡西真的太帅了吧！！！,,游戏截图,呐,"['https://kol-fans.fp.ps.netease.com/file/5f304d0ba7f252c19e7f0b11h9COyJYa02', 'https://kol-fans.fp.ps.netease.com/file/5f304d0c7f9d2a6bf3dc5f28O9Ekqu1M02', 'https://kol-fans.fp.ps.netease.com/file/5f304d0c8b74274021ebd92ealM4gTmo02']",2020-08-09 19:22:52
温暖的灵魂终将相遇,,游戏截图,Miho,"['https://kol-fans.fp.ps.netease.com/file/5f303e525e602726cdbd19e4hxbKN9mq02', 'https://kol-fans.fp.ps.netease.com/file/5f303e522786fdba25462117y6TjPqUa02', 'https://kol-fans.fp.ps.netease.com/file/5f303e5396dee4b16ac8da6au35VNczo02', 'https://kol-fans.fp.ps.netease.com/file/5f303e53143cfa1c8f8b0bc3joIyYEdv02']",2020-08-09 18:20:05
真的很开心，跟你一起收蜡烛,,游戏截图,15766****27,"['https://kol-fans.fp.ps.netease.com/file/5f3028608b7427f25d179115bh0IQhix02', 'https://kol-fans.fp.ps.netease.com/file/5f302860143cfada9cc91da4ki2xmlbL02', 'https://kol-fans.fp.ps.netease.com/file/5f3028608b7427f25d179116Fj5zjoIk02', 'https://kol-fans.fp.ps.netease.com/file/5f3028605e6027b94ae1348ekAivqMGg02']",2020-08-09 16:46:25
霞谷游,,游戏截图,19859****86,"['https://kol-fans.fp.ps.netease.com/file/5f3020085e60277560bcc53cVcasJ9hS02', 'https://kol-fans.fp.ps.netease.com/file/5f302009143cfaceec724216OrHL1IuM02', 'https://kol-fans.fp.ps.netease.com/file/5f3020098b7427d0a9b9c5damimYGYp102', 'https://kol-fans.fp.ps.netease.com/file/5f30200996dee4399fae1f83DAgt5KQ202']",2020-08-09 16:10:50
被雨妈吓到了,,游戏截图,Sha,"['https://kol-fans.fp.ps.netease.com/file/5f300ecf7f9d2ad8645be08e7lDmsrwg02', 'https://kol-fans.fp.ps.netease.com/file/5f300ecf6f0494bd6588f20axZzVDFku02']",2020-08-09 14:57:19
我的奇奇怪怪遇,,游戏截图,13611****30,"['https://kol-fans.fp.ps.netease.com/file/5f3005986f049480006b948cCAhiqNxw02', 'https://kol-fans.fp.ps.netease.com/file/5f30059a7f9d2a27443870dfjqNI8z2F02', 'https://kol-fans.fp.ps.netease.com/file/5f30059c8b74274259e5f2d29XewvtBS02', 'https://kol-fans.fp.ps.netease.com/file/5f30059da7f252bdc617a07cZANKM64J02']",2020-08-09 14:18:14
想要拥抱你,,同人绘,13633****74,"['https://kol-fans.fp.ps.netease.com/file/5f2ff6162786fdfd288996df6LPOehRt02', 'https://kol-fans.fp.ps.netease.com/file/5f2ff6167f9d2ac42ce930b6OVHO1zO702', 'https://kol-fans.fp.ps.netease.com/file/5f2ff61696dee41caf1cdd60VzZALNvx02', 'https://kol-fans.fp.ps.netease.com/file/5f2ff6168b7427cc7642a0a5z4hcPXDI02']",2020-08-09 13:11:51
反正你也看不到      我也爱你,,游戏截图,千晨,"['https://kol-fans.fp.ps.netease.com/file/5f2feeb8a7f25254f9eb2887BJK9z3zE02', 'https://kol-fans.fp.ps.netease.com/file/5f2feeb996dee4b4b4b7e7f7604Hkmpj02']",2020-08-09 12:40:25
驮风而行，寻找你,,游戏截图,Ahu,['https://kol-fans.fp.ps.netease.com/file/5f2fea8b5e60271850bf1577xe5RlcQX02'],2020-08-09 12:22:36
千鸟城之巅,,游戏截图,苏鲤w,['https://kol-fans.fp.ps.netease.com/file/5f2fea5996dee4c16bcf9bd9SihiAqR002'],2020-08-09 12:21:45
阳，月,,游戏截图,15805****35,"['https://kol-fans.fp.ps.netease.com/file/5f2fe10f7f9d2a4205b8adddCHGmE8fm02', 'https://kol-fans.fp.ps.netease.com/file/5f2fe10f5e6027d7905d15ceHqqBFKYj02', 'https://kol-fans.fp.ps.netease.com/file/5f2fe1107f9d2a134477dd5aY99JIGPK02', 'https://kol-fans.fp.ps.netease.com/file/5f2fe1102786fd900c18a557VGtg54P702']",2020-08-09 11:42:09
与旅人的社交活动,,游戏截图,17601****72,"['https://kol-fans.fp.ps.netease.com/file/5f2fbe1f2786fd95204aad4a8MCKi72X02', 'https://kol-fans.fp.ps.netease.com/file/5f2fbe1f8b742780a8e979b5ulFgqivW02', 'https://kol-fans.fp.ps.netease.com/file/5f2fbe1fa7f25227f05fb922SGbDK11302', 'https://kol-fans.fp.ps.netease.com/file/5f2fbe1f143cfa12c583fb2ai1PMxQaM02']",2020-08-09 09:13:04
先祖，你是要回家吗,,游戏截图,阿念,['https://kol-fans.fp.ps.netease.com/file/5f2fbc71143cfafb09bf85f6vAt4vHc202'],2020-08-09 09:05:54
光之逆子，先祖我们谈谈,,游戏截图,阿念,"['https://kol-fans.fp.ps.netease.com/file/5f2fbae52786fd35f7af58ecdgSiVtTF02', 'https://kol-fans.fp.ps.netease.com/file/5f2fbae5143cfa0ccfeec86eObmFSoqH02', 'https://kol-fans.fp.ps.netease.com/file/5f2fbae66f0494a4a4c793a1dCYjyjDb02', 'https://kol-fans.fp.ps.netease.com/file/5f2fbae66f049486594a3f11R7eYCKgT02']",2020-08-09 08:59:21
【sky光遇微电影】《撒野》MV珍藏版——左肩有你 右肩微笑 在你眼里 撒野奔跑,,视频,呆毛,['https://kol-fans.fp.ps.netease.com/file/5f2f89d196dee40eb24398b3LzwlrV3d02'],2020-08-09 05:30:01
始,,游戏截图,a****100608,"['https://kol-fans.fp.ps.netease.com/file/5f2f83e48b7427217e32240dzA7BIvIt02', 'https://kol-fans.fp.ps.netease.com/file/5f2f83e45e6027632b914bedCMkYi8zI02', 'https://kol-fans.fp.ps.netease.com/file/5f2f83e5a7f252d105022c43QDK1OkfR02', 'https://kol-fans.fp.ps.netease.com/file/5f2f83e58b74272fd66936660MEU07io02']",2020-08-09 05:04:38
希望官方看到呐，自己的创意，不求全部一样但是本人敲喜欢双马尾啊。弄出来一定好可爱，推荐复刻先祖。❤️ ❤️ ❤️ ❤️ ,,手作,a****0520601,"['https://kol-fans.fp.ps.netease.com/file/5f2f81f42786fd385e47563becvCcWW002', 'https://kol-fans.fp.ps.netease.com/file/5f2f81f55e6027632b91483dVyvD82aT02']",2020-08-09 04:56:22
粉色,,游戏截图,阿念,"['https://kol-fans.fp.ps.netease.com/file/5f2f78e35e6027016a30c1d7HSZLsvaj02', 'https://kol-fans.fp.ps.netease.com/file/5f2f78e37f9d2acd333461d3iqTlur2X02', 'https://kol-fans.fp.ps.netease.com/file/5f2f78e35e602719ae32946994X9xDVo02', 'https://kol-fans.fp.ps.netease.com/file/5f2f78e36f049442cbb6dac7eRZVUFuV02']",2020-08-09 04:17:41
﻿绿色,,游戏截图,阿念,"['https://kol-fans.fp.ps.netease.com/file/5f2f75ee6f0494e4603dcc00ldfIAvTv02', 'https://kol-fans.fp.ps.netease.com/file/5f2f75ef7f9d2a1d78eeadd0xZbFjckD02', 'https://kol-fans.fp.ps.netease.com/file/5f2f75ef96dee4852f236d0cLplIdiDy02', 'https://kol-fans.fp.ps.netease.com/file/5f2f75ef8b7427b95ebd5575EQW8Rhye02']",2020-08-09 04:05:05
我的魔法季,,游戏截图,15910****32,"['https://kol-fans.fp.ps.netease.com/file/5f2f72d22786fdf28cc5cc5dRgx7HPcC02', 'https://kol-fans.fp.ps.netease.com/file/5f2f72d3143cfa499f44f5cdw7TEcBhW02', 'https://kol-fans.fp.ps.netease.com/file/5f2f72d496dee444c060df62fEe9iGZb02', 'https://kol-fans.fp.ps.netease.com/file/5f2f72d47f9d2a7e846f0f12hsoWHi2z02']",2020-08-09 03:51:49
阿糖我想你了,,游戏截图,132****1207,"['https://kol-fans.fp.ps.netease.com/file/5f2f5d337f9d2a2da2f787ac3U4pcW1S02', 'https://kol-fans.fp.ps.netease.com/file/5f2f5d345e602767791560a6hROZeH3c02', 'https://kol-fans.fp.ps.netease.com/file/5f2f5d342786fd6392e36662WtmM0QBX02', 'https://kol-fans.fp.ps.netease.com/file/5f2f5d3596dee4adba3885f2Dp2JtKAd02']",2020-08-09 02:19:34
孤儿背影,,游戏截图,17858****95,"['https://kol-fans.fp.ps.netease.com/file/5f2f400e5e602738131af154Bx3vSeiI02', 'https://kol-fans.fp.ps.netease.com/file/5f2f400ea7f252443e59e628BXCfiQlP02', 'https://kol-fans.fp.ps.netease.com/file/5f2f400f7f9d2ae6c5309aedrM3geo8e02', 'https://kol-fans.fp.ps.netease.com/file/5f2f400f2786fd27b68f2480diPbAHYo02']",2020-08-09 00:15:12
第一次投稿哈哈哈哈，,,游戏截图,15805****35,"['https://kol-fans.fp.ps.netease.com/file/5f2f2f888b74270adf3f389dhtsZRtTF02', 'https://kol-fans.fp.ps.netease.com/file/5f2f2f8b5e60273d2c674817f5KOxaEA02', 'https://kol-fans.fp.ps.netease.com/file/5f2f2f8ea7f252fe4ea50274lGk01cUE02']",2020-08-08 23:04:47
遇镜～,,猪猪and爆炸头,爆炸猪,"['https://kol-fans.fp.ps.netease.com/file/5f2efc008b7427ee39e09dee3lX2qH6C02', 'https://kol-fans.fp.ps.netease.com/file/5f2efc002786fd42e7de6902Iory0t3H02']",2020-08-08 19:24:48
酷,,爆炸头,爆炸猪,"['https://kol-fans.fp.ps.netease.com/file/5f2efb708b74273953acda46XgqLX6JS02', 'https://kol-fans.fp.ps.netease.com/file/5f2efb702786fd3934c52f8dtVSlzh1402', 'https://kol-fans.fp.ps.netease.com/file/5f2efb715e6027a7c3f487ffOL7AHiEM02']",2020-08-08 19:22:25
意境到了,,游戏截图,m****1733643,['https://kol-fans.fp.ps.netease.com/file/5f2ed3518b742772aa24bd31BH607bjd02'],2020-08-08 16:31:13
不知道牛顿怎么看这位光子,,游戏截图,诗镜,['https://kol-fans.fp.ps.netease.com/file/5f2ec8fe7f9d2ae1c59a2b405R6U6C3M02'],2020-08-08 15:47:11
好梦幻的禁阁,,游戏截图,小梅,['https://kol-fans.fp.ps.netease.com/file/5f2eb1e396dee43672841b7at15RDOlM02'],2020-08-08 14:08:35
我所享受的事,,同人绘,13633****74,"['https://kol-fans.fp.ps.netease.com/file/5f2e963b6f0494095cf6edb3iKfKxofu02', 'https://kol-fans.fp.ps.netease.com/file/5f2e963b8b7427faf971084ecbEafbuv02', 'https://kol-fans.fp.ps.netease.com/file/5f2e963b6f049436dac72fd9E4v1sUiq02', 'https://kol-fans.fp.ps.netease.com/file/5f2e963b7f9d2a940b5ec661bxIl0C9N02']",2020-08-08 12:10:36
夕阳。,,游戏截图,18666****47,"['https://kol-fans.fp.ps.netease.com/file/5f2e739d7f9d2ae140e10ff7Cx0peHdy02', 'https://kol-fans.fp.ps.netease.com/file/5f2e739e6f04942e1a0a40b0FeOL4soZ02']",2020-08-08 09:42:54
会有兔子先生等着我吗？,,游戏截图,18563****83,['https://kol-fans.fp.ps.netease.com/file/5f2e6a4296dee45355f12216v5Zx3L3W02'],2020-08-08 09:02:59
？？？,,游戏截图,13412****35,['https://kol-fans.fp.ps.netease.com/file/5f2e50cd6f04949db16b0cbeuos3ftzt02'],2020-08-08 07:14:22
我在霞谷溜冰时掉进了着个坑，然后我一脸懵逼,,游戏截图,13412****35,['https://kol-fans.fp.ps.netease.com/file/5f2e504c143cfafae3c5a803uBDEkYqE02'],2020-08-08 07:12:12
飞向雪山,,游戏截图,18367****70,['https://kol-fans.fp.ps.netease.com/file/5f2e48596f049453887eb947xMxTJB6p02'],2020-08-08 06:38:17
被先祖气哭了,,游戏截图,阿念,"['https://kol-fans.fp.ps.netease.com/file/5f2e2c87a7f252fc535b2bedatK51X7q02', 'https://kol-fans.fp.ps.netease.com/file/5f2e2c9196dee475bd188845Hm3roMdE02']",2020-08-08 05:00:03
天上的小黑：老子吃狗粮就算了，还要含泪给你们笔心,,游戏截图,光遇-盲小,['https://kol-fans.fp.ps.netease.com/file/5f2e18c86f049440f0006283SVqWSHmS02'],2020-08-08 03:15:20
沙雕朋友：我好渴。 我：？不至于不至于,,游戏截图,光遇-盲小,['https://kol-fans.fp.ps.netease.com/file/5f2e1822143cfa87428ba5f9vd3sq6jb02'],2020-08-08 03:12:34
带你飞上云端看月亮,,游戏截图,光遇-盲小,['https://kol-fans.fp.ps.netease.com/file/5f2e17ca2786fd38d43ccb94Op306DXt02'],2020-08-08 03:11:08
偶遇龙卡西皮,,游戏截图,光遇-盲小,['https://kol-fans.fp.ps.netease.com/file/5f2e17335e6027fc1c568cf37b0Jdv2m02'],2020-08-08 03:08:35
嚯嚯,,游戏截图,w****iayunyun,['https://kol-fans.fp.ps.netease.com/file/5f2e0e0c8b7427c405abb585olEkJbmP02'],2020-08-08 02:29:33
让我们努力向山顶攀登！,,游戏截图,j****e071010,"['https://kol-fans.fp.ps.netease.com/file/5f2df2a296dee4ed4ca15731ALKCz9Fr02', 'https://kol-fans.fp.ps.netease.com/file/5f2df2a36f04945d1cbea726bDhTmJaF02']",2020-08-08 00:32:36
温暖的灵魂终将相遇，即使最终会离开彼此,,游戏截图,17763****24,"['https://kol-fans.fp.ps.netease.com/file/5f2d690d2786fda23dd5a442sCBVQDNw02', 'https://kol-fans.fp.ps.netease.com/file/5f2d691096dee47d1aa2f135doULKgKw02', 'https://kol-fans.fp.ps.netease.com/file/5f2d69117f9d2aaec84a2897pu2kszHd02', 'https://kol-fans.fp.ps.netease.com/file/5f2d69125e602706cfa6b5712yaRkMM102']",2020-08-07 14:45:48
皮皮虾，你还好吗？🌚,,游戏截图,19825****95,['https://kol-fans.fp.ps.netease.com/file/5f2d681c5e6027e599537dbb0PJT2acm02'],2020-08-07 14:41:33
哈哈哈哈哈😂龙骨：。。。,,游戏截图,尹燚,['https://kol-fans.fp.ps.netease.com/file/5f2d60c46f0494fd211f7b94mSLXMP6g02'],2020-08-07 14:10:12
高冷王子跟傲娇小公主,,游戏截图,18818****17,"['https://kol-fans.fp.ps.netease.com/file/5f2d4fb68b74274c8bed88722uXwGiaC02', 'https://kol-fans.fp.ps.netease.com/file/5f2d4fb68b74277442a856d8Ep2ZIiEw02', 'https://kol-fans.fp.ps.netease.com/file/5f2d4fb67f9d2a7e5d0a6401GGGH4iVW02', 'https://kol-fans.fp.ps.netease.com/file/5f2d4fb66f0494bda75cce9b3XuyEAqh02']",2020-08-07 12:57:27
云破日出，你是那道光束,,游戏截图,18734****02,"['https://kol-fans.fp.ps.netease.com/file/5f2d4def6f0494c82853db8f4FmFohV502', 'https://kol-fans.fp.ps.netease.com/file/5f2d4def8b742761f679752cpXt8yeLW02', 'https://kol-fans.fp.ps.netease.com/file/5f2d4def5e602746122e7394AyF9bpWB02', 'https://kol-fans.fp.ps.netease.com/file/5f2d4def143cfa9ae31bf8e9j5vksSxY02']",2020-08-07 12:49:52
一个人也可以很酷,,游戏截图,酷盖,"['https://kol-fans.fp.ps.netease.com/file/5f2d1b588b7427e3726d162a66A0ITdm02', 'https://kol-fans.fp.ps.netease.com/file/5f2d1b582786fd87663698cbA7xoZ7i702']",2020-08-07 09:14:01
一组图，讲个故事,,游戏截图,石头,['https://kol-fans.fp.ps.netease.com/file/5f2d182696dee4b513e5a24eY56XGE0v02'],2020-08-07 09:00:23
光遇太空站的正确打开方式,,游戏截图,石头,['https://kol-fans.fp.ps.netease.com/file/5f2d15557f9d2aaf909dea5fKZgCG2KL02'],2020-08-07 08:48:21
看云卷云舒,,游戏截图,石头,['https://kol-fans.fp.ps.netease.com/file/5f2d14de5e60276c42ee7ff7vTkq3TDC02'],2020-08-07 08:46:22
今日小绿芽,,游戏截图,未末。。,"['https://kol-fans.fp.ps.netease.com/file/5f2d13f6143cfab85d7e3a93emmZgibw02', 'https://kol-fans.fp.ps.netease.com/file/5f2d13f796dee49e44a8bcc2GiUamjIp02']",2020-08-07 08:42:31
刷图日常,,游戏截图,未末。。,"['https://kol-fans.fp.ps.netease.com/file/5f2d13ae143cfacb9e1d9868Y8ZYVlm302', 'https://kol-fans.fp.ps.netease.com/file/5f2d13afa7f2522da33bc89c5DppcPsR02']",2020-08-07 08:41:19
快乐烤蟹,,游戏截图,未末。。,"['https://kol-fans.fp.ps.netease.com/file/5f2d131e2786fdf01eee9f5f29L7beML02', 'https://kol-fans.fp.ps.netease.com/file/5f2d13202786fdd37b29f982UY9X0OMP02', 'https://kol-fans.fp.ps.netease.com/file/5f2d13216f0494ead719fc74wDq04Tw502', 'https://kol-fans.fp.ps.netease.com/file/5f2d13237f9d2aaf909de6ecZFZ1MCcP02']",2020-08-07 08:39:00
第一次接到这个心心的时候的状况,,同人绘,15010****70,['https://kol-fans.fp.ps.netease.com/file/5f2cfc97143cfa12693cb66f1T67mfjl02'],2020-08-07 07:02:48
和月亮的游戏日常🌙,,游戏截图,猫,"['https://kol-fans.fp.ps.netease.com/file/5f2cf5bf96dee46690d72e95HFrNlOwI02', 'https://kol-fans.fp.ps.netease.com/file/5f2cf5bf5e6027676a3cae70WSTDqYqz02', 'https://kol-fans.fp.ps.netease.com/file/5f2cf5c08b74270254ddb0853bYwItNb02', 'https://kol-fans.fp.ps.netease.com/file/5f2cf5c0143cfae5460e57e9gZpVKZl302']",2020-08-07 06:33:37
带蘑菇一起过风暴眼and大白在厕所干嘛呢,,游戏截图,楠雨,"['https://kol-fans.fp.ps.netease.com/file/5f2cf3c27f9d2ac52b4b349dYm6tvT3D02', 'https://kol-fans.fp.ps.netease.com/file/5f2cf3c26f049428f90eefb8fkyRHdaX02', 'https://kol-fans.fp.ps.netease.com/file/5f2cf3c25e6027676a3caa395j5rpdT202', 'https://kol-fans.fp.ps.netease.com/file/5f2cf3c38b74270313f4b13cmFO8aIgx02']",2020-08-07 06:25:09
旅途,,游戏截图,十四,"['https://kol-fans.fp.ps.netease.com/file/5f2ce164a7f2520e1a70f1d8EwEOyiKr02', 'https://kol-fans.fp.ps.netease.com/file/5f2ce164a7f252fda81737ffv2D4xEBh02', 'https://kol-fans.fp.ps.netease.com/file/5f2ce1658b7427879cfb2c02MYVvKy0J02', 'https://kol-fans.fp.ps.netease.com/file/5f2ce1656f049474d58fc42bp5kCujLx02']",2020-08-07 05:06:46
来吸奶卡和奶龙！！恰糖,,cp向,18959****30,"['https://kol-fans.fp.ps.netease.com/file/5f2cbbea143cfa2fa3dee632890fqlYO02', 'https://kol-fans.fp.ps.netease.com/file/5f2cbbeba7f2521c98cbfbb1g6L1mMtU02', 'https://kol-fans.fp.ps.netease.com/file/5f2cbbeb7f9d2a3f4c97ad14ez5O7DWI02', 'https://kol-fans.fp.ps.netease.com/file/5f2cbbeb7f9d2a6e267a813cY0tUiWIb02']",2020-08-07 02:26:53
和你在一起的日子（1）,,游戏截图,19525****25,"['https://kol-fans.fp.ps.netease.com/file/5f2cb931143cfafdf8d58e7efmITwkKB02', 'https://kol-fans.fp.ps.netease.com/file/5f2cb9326f0494543c8f583athbsDY6a02', 'https://kol-fans.fp.ps.netease.com/file/5f2cb9325e60277c266e5ab5Aw2qdzR002', 'https://kol-fans.fp.ps.netease.com/file/5f2cb9325e6027b1d954b187miGtUxbE02']",2020-08-07 02:15:16
朋友,,游戏截图,18872****52,"['https://kol-fans.fp.ps.netease.com/file/5f2ca775a7f25260f5d8de99PsaDJhcM02', 'https://kol-fans.fp.ps.netease.com/file/5f2ca7758b7427b1f57e3d71MKFpoWfT02', 'https://kol-fans.fp.ps.netease.com/file/5f2ca775143cfa8f35b18753wtryDcOB02']",2020-08-07 00:59:34
两个人,,游戏截图,18872****52,"['https://kol-fans.fp.ps.netease.com/file/5f2ca7515e60271a86c64caeyJaWIaIp02', 'https://kol-fans.fp.ps.netease.com/file/5f2ca7512786fd40c8777594CmboLXOx02', 'https://kol-fans.fp.ps.netease.com/file/5f2ca752a7f25299c28cf393hDioNeXs02', 'https://kol-fans.fp.ps.netease.com/file/5f2ca7526f049444c32b0f12RaHO6K7i02']",2020-08-07 00:58:59
祈祷,,游戏截图,18872****52,"['https://kol-fans.fp.ps.netease.com/file/5f2ca6ae143cfa8f35b1863fkhXfB4pN02', 'https://kol-fans.fp.ps.netease.com/file/5f2ca6ae143cfa8f35b18640WTHqHAiU02', 'https://kol-fans.fp.ps.netease.com/file/5f2ca6ae96dee4b267442d70rujHWX4q02', 'https://kol-fans.fp.ps.netease.com/file/5f2ca6ae6f04940f02a76d9fUDIUrM3c02']",2020-08-07 00:56:15
一个人,,游戏截图,18872****52,['https://kol-fans.fp.ps.netease.com/file/5f2ca5002786fd237ad447d3i7QUoTDy02'],2020-08-07 00:49:06
远方,,游戏截图,18872****52,"['https://kol-fans.fp.ps.netease.com/file/5f2ca4ea7f9d2abd517a50des7fZagiB02', 'https://kol-fans.fp.ps.netease.com/file/5f2ca4ea8b7427e9a7a05083bhkrWFMj02']",2020-08-07 00:48:43
雨,,游戏截图,18872****52,"['https://kol-fans.fp.ps.netease.com/file/5f2ca469143cfa47570c1e62L6FNMlzB02', 'https://kol-fans.fp.ps.netease.com/file/5f2ca4697f9d2ad934711b4aqx5Bip5Q02', 'https://kol-fans.fp.ps.netease.com/file/5f2ca46996dee48b2f7f512cNIZc4aTb02', 'https://kol-fans.fp.ps.netease.com/file/5f2ca4697f9d2abd517a50b3A4ljkSJp02']",2020-08-07 00:46:34
说真的我想你了，阿糖,,游戏截图,132****1207,"['https://kol-fans.fp.ps.netease.com/file/5f2ca2e296dee4b2674428d2YZGXBGEr02', 'https://kol-fans.fp.ps.netease.com/file/5f2ca2e296dee4a3cb632cb2Mgu7Kxp002', 'https://kol-fans.fp.ps.netease.com/file/5f2ca2e22786fd085ec9123epHJoiOUY02', 'https://kol-fans.fp.ps.netease.com/file/5f2ca2e296dee48a5f810708crRNHhB202']",2020-08-07 00:40:04
大手牵小手,,游戏截图,灯灯,"['https://kol-fans.fp.ps.netease.com/file/5f2c44447f9d2add95d99ffeeteriuRL02', 'https://kol-fans.fp.ps.netease.com/file/5f2c444596dee451574d6fc4yGomk0IO02']",2020-08-06 17:56:21
暴风眼美丽的地方期待旅人们的探索,,游戏截图,灯灯,"['https://kol-fans.fp.ps.netease.com/file/5f2c43e35e6027cd496e723cb3lsErru02', 'https://kol-fans.fp.ps.netease.com/file/5f2c43e35e6027cdc9f8bedf9j7RXpXY02', 'https://kol-fans.fp.ps.netease.com/file/5f2c43e36f0494c6ec5f0665zx4Wi52p02', 'https://kol-fans.fp.ps.netease.com/file/5f2c43e496dee484e0f28311F01p4l9F02']",2020-08-06 17:54:45
相遇朋友们的快乐,,游戏截图,灯灯,['https://kol-fans.fp.ps.netease.com/file/5f2c434a143cfa12284e281bBJTNNLiM02'],2020-08-06 17:52:11
相遇 第一次合奏,,游戏截图,灯灯,['https://kol-fans.fp.ps.netease.com/file/5f2c42775e6027cdc9f8bd59TVNaw4so02'],2020-08-06 17:48:39
耳机、尤克里里、雨、沙,,游戏截图,h****fangzheng2008,"['https://kol-fans.fp.ps.netease.com/file/5f2c231f5e602706f74fce37LaEjlcx802', 'https://kol-fans.fp.ps.netease.com/file/5f2c231f5e602712e76750bfNmW1eDhl02', 'https://kol-fans.fp.ps.netease.com/file/5f2c231f143cfa468869b856EVJugjdo02', 'https://kol-fans.fp.ps.netease.com/file/5f2c231f2786fd5241a53d70mg6GjjpI02']",2020-08-06 15:34:56
奇奇怪怪合集,,游戏截图,爱冒险的铭儿,"['https://kol-fans.fp.ps.netease.com/file/5f2bfa25143cfa42e4ba38054eoJvMcZ02', 'https://kol-fans.fp.ps.netease.com/file/5f2bfa2596dee431ab1c0566isgdcJrg02', 'https://kol-fans.fp.ps.netease.com/file/5f2bfa262786fd1c1622e8b2p9HSL3SH02', 'https://kol-fans.fp.ps.netease.com/file/5f2bfa26a7f252b656beb7eaxXb5JI6T02']",2020-08-06 12:40:06
怀念也回不到从前,,游戏截图,零一,"['https://kol-fans.fp.ps.netease.com/file/5f2bf939a7f25273a1a5d672HAPiffoq02', 'https://kol-fans.fp.ps.netease.com/file/5f2bf93aa7f2527eba8ec1b3RizW6RFW02', 'https://kol-fans.fp.ps.netease.com/file/5f2bf93a6f049467975cce11OZm3LgJJ02']",2020-08-06 12:36:11
小黑探监 2020.8.6,,游戏截图,为光,"['https://kol-fans.fp.ps.netease.com/file/5f2bf71c6f049452d34726b12jZNOjzJ02', 'https://kol-fans.fp.ps.netease.com/file/5f2bf71c5e60276426d913e23FiudLdk02']",2020-08-06 12:27:08
幽灵船打卡 2020.8.6,,游戏截图,为光,"['https://kol-fans.fp.ps.netease.com/file/5f2bf6e696dee4eb59b91258tp5aaaUK02', 'https://kol-fans.fp.ps.netease.com/file/5f2bf6e68b7427f7748b1414Trwdxi1802']",2020-08-06 12:26:15
我为以后季节画的，发型是中长发，齐刘海，刘海长一点，有个领带，,,同人绘,18998****84,['https://kol-fans.fp.ps.netease.com/file/5f2bef896f0494f9792a8b9b72Tsg97g02'],2020-08-06 11:54:50
与老弟,,游戏截图,子葉,['https://kol-fans.fp.ps.netease.com/file/5f2be5a37f9d2a5a4170baf3EE0MvB3602'],2020-08-06 11:12:35
loneliness,,游戏截图,子葉,['https://kol-fans.fp.ps.netease.com/file/5f2be5836f049499cf124dd0yqiixqxV02'],2020-08-06 11:12:04
﻿伊甸雷“龙”,,游戏截图,子葉,['https://kol-fans.fp.ps.netease.com/file/5f2be5645e602713f1b97c9656L16pPU02'],2020-08-06 11:11:33
环皮皮虾,,游戏截图,子葉,['https://kol-fans.fp.ps.netease.com/file/5f2be52e6f0494bacb61b0faKrpHZHli02'],2020-08-06 11:10:39
光·遇,,游戏截图,13420****15,['https://kol-fans.fp.ps.netease.com/file/5f2be3d3143cfa872f2e0c106BXsV8ru02'],2020-08-06 11:04:52
彩虹暴风雨,,游戏截图,15801****70,['https://kol-fans.fp.ps.netease.com/file/5f2bd67396dee47d4ba57271JuUXLiFj02'],2020-08-06 10:07:48
孤狼的游玩日记,,游戏截图,sky.川,"['https://kol-fans.fp.ps.netease.com/file/5f2bd2e996dee4b2059b464eRsIF27aG02', 'https://kol-fans.fp.ps.netease.com/file/5f2bd2e96f04944d1616203bK97JZJEc02', 'https://kol-fans.fp.ps.netease.com/file/5f2bd2e9143cfa1420328128ihrlWUpF02', 'https://kol-fans.fp.ps.netease.com/file/5f2bd2e996dee4a8f0e823eeMrD2IaYx02']",2020-08-06 09:52:42
光·遇-落,,同人绘,阿楠阿,['https://kol-fans.fp.ps.netease.com/file/5f2bb6437f9d2aee992f6990QoKVQapw02'],2020-08-06 07:50:28
曙光,,游戏截图,遇见,"['https://kol-fans.fp.ps.netease.com/file/5f2ba6a15e6027bcb0e9bab3Xh6PlkuC02', 'https://kol-fans.fp.ps.netease.com/file/5f2ba6a28b7427981fa0960coxGJoZv302', 'https://kol-fans.fp.ps.netease.com/file/5f2ba6a396dee407cec5ffbdD53iJLJG02', 'https://kol-fans.fp.ps.netease.com/file/5f2ba6a5a7f2525308ca717ceWu1KtNb02']",2020-08-06 06:43:50
孤独与陪伴,,游戏截图,15001****58,"['https://kol-fans.fp.ps.netease.com/file/5f2ba4e3a7f252cebd0bf65a0vhg5LKp02', 'https://kol-fans.fp.ps.netease.com/file/5f2ba4e32786fdb807b67c9aig9679J902', 'https://kol-fans.fp.ps.netease.com/file/5f2ba4e38b742785ea540e9aOdFfhwI302']",2020-08-06 06:36:20
抓住那道光,,同人绘,小梅,['https://kol-fans.fp.ps.netease.com/file/5f2b9e445e602766800c4703KWpr0Xit02'],2020-08-06 06:08:04
一起再走一遍,,游戏截图,18764****86,['https://kol-fans.fp.ps.netease.com/file/5f2b9d522786fd864fd98f2dNrdaSYFW02'],2020-08-06 06:04:03
好朋友们,,游戏截图,18610****90,"['https://kol-fans.fp.ps.netease.com/file/5f2b8a752786fd19c9c2cee1W7wi2aZK02', 'https://kol-fans.fp.ps.netease.com/file/5f2b8a758b7427d633c0ef42miC8FOX202', 'https://kol-fans.fp.ps.netease.com/file/5f2b8a76a7f252b3bbda4c6aZxXi5BQg02', 'https://kol-fans.fp.ps.netease.com/file/5f2b8a767f9d2a81de270f17uthSqcdO02']",2020-08-06 04:43:42
最好的朋友,,游戏截图,18610****90,"['https://kol-fans.fp.ps.netease.com/file/5f2b89af8b7427c9e58da57bgqw9r2LC02', 'https://kol-fans.fp.ps.netease.com/file/5f2b89afa7f2524e66ac0b9fyiSZ9ekF02', 'https://kol-fans.fp.ps.netease.com/file/5f2b89b15e6027197d6e8d53GCvKmIPs02', 'https://kol-fans.fp.ps.netease.com/file/5f2b89b45e6027f4b4d13ad898jcXibL02']",2020-08-06 04:40:30
午休,,游戏截图,18610****90,['https://kol-fans.fp.ps.netease.com/file/5f2b874896dee406a4fb3eceFkrCBQ6602'],2020-08-06 04:30:03
俯视这个世界,,游戏截图,18610****90,['https://kol-fans.fp.ps.netease.com/file/5f2b87197f9d2a5d6070e0f62UGSAuWk02'],2020-08-06 04:29:14
夕阳下的两小人,,游戏截图,18610****90,['https://kol-fans.fp.ps.netease.com/file/5f2b86a0a7f2526c6b0db457D2CbcJLE02'],2020-08-06 04:27:15
5分钟摸鱼——白鸟,,同人绘,18611****69,['https://kol-fans.fp.ps.netease.com/file/5f2b84a75e6027f4b4d1381e5m2Cid4h02'],2020-08-06 04:18:48
重生之路上,,游戏截图,阿衍.,"['https://kol-fans.fp.ps.netease.com/file/5f2b84582786fd1ec8aae328szZZ78Hv02', 'https://kol-fans.fp.ps.netease.com/file/5f2b845996dee4fc2f7ffab5JoKPG4ha02', 'https://kol-fans.fp.ps.netease.com/file/5f2b84596f04942fff874702JHyd4mv702']",2020-08-06 04:17:30
去往暴风眼的路上,,游戏截图,18610****90,['https://kol-fans.fp.ps.netease.com/file/5f2b83e1a7f2527ca1c09c780PD2vtwt02'],2020-08-06 04:15:29
重生之路,,游戏截图,18980****93,['https://kol-fans.fp.ps.netease.com/file/5f2b7bb896dee499c8f8314edlwY2mbe02'],2020-08-06 03:40:41
我和你相遇,,游戏截图,顾,"['https://kol-fans.fp.ps.netease.com/file/5f2b76478b74276eb89137d99sTqtszF02', 'https://kol-fans.fp.ps.netease.com/file/5f2b76598b74276eb89137f8HFbi9Y1M02', 'https://kol-fans.fp.ps.netease.com/file/5f2b7659a7f2523010fb4abfJtlFlq2302', 'https://kol-fans.fp.ps.netease.com/file/5f2b76592786fd8182b7b2baSaoOWEaJ02']",2020-08-06 03:17:47
在遗迹的船上空,,游戏截图,15565****74,['https://kol-fans.fp.ps.netease.com/file/5f2b74295e602779c100cf3dfPffcR6402'],2020-08-06 03:08:26
一起🤸‍♀️鹅鹅鹅,,游戏截图,Yrrr_,['https://kol-fans.fp.ps.netease.com/file/5f2b72ef96dee43ce66e2afbEaLDs4Dd02'],2020-08-06 03:03:12
欢迎这个世界,,游戏截图,小黑,['https://kol-fans.fp.ps.netease.com/file/5f2b6cfe96dee4e0cb49621bo0K8wMmA02'],2020-08-06 02:37:51
酷盖！,,游戏截图,小黑,['https://kol-fans.fp.ps.netease.com/file/5f2b6c536f049428e6de108fDzUl5Bte02'],2020-08-06 02:34:59
景,,游戏截图,小黑,"['https://kol-fans.fp.ps.netease.com/file/5f2b6b976f0494639c47f58aXmfE7Afs02', 'https://kol-fans.fp.ps.netease.com/file/5f2b6b97a7f252959281496cIl5J3H4D02']",2020-08-06 02:31:51
日常,,游戏截图,15031****89,"['https://kol-fans.fp.ps.netease.com/file/5f2b69937f9d2ac524dce30902tpqUdw02', 'https://kol-fans.fp.ps.netease.com/file/5f2b69937f9d2ae3e66cd555vhOxrODU02', 'https://kol-fans.fp.ps.netease.com/file/5f2b69948b742713b7ac21b2uSNN4dyT02', 'https://kol-fans.fp.ps.netease.com/file/5f2b69948b742713b7ac21b3o2OddHRx02']",2020-08-06 02:23:18
带好集美打卡景区ing,,游戏截图,a****992089,"['https://kol-fans.fp.ps.netease.com/file/5f2b663a7f9d2ac524dcdf28fjEAlTNv02', 'https://kol-fans.fp.ps.netease.com/file/5f2b663a8b7427a0fe7f2603788qAFoS02', 'https://kol-fans.fp.ps.netease.com/file/5f2b663b2786fd40e1516d10xXLCkG4J02', 'https://kol-fans.fp.ps.netease.com/file/5f2b663ba7f252bb657cf628BD5vbpGT02']",2020-08-06 02:09:00
去伊甸了,,游戏截图,c****1146285,"['https://kol-fans.fp.ps.netease.com/file/5f2b63ea5e60271a0a6a3e2d8Dw1usvm02', 'https://kol-fans.fp.ps.netease.com/file/5f2b63eb5e602700b8e86c22LLtkizHS02']",2020-08-06 01:59:07
记录每日生活,,游戏截图,18369****88,"['https://kol-fans.fp.ps.netease.com/file/5f2b600f6f04943025c19679k9HdqcHd02', 'https://kol-fans.fp.ps.netease.com/file/5f2b600f96dee499d33e57db91NE6Ijl02', 'https://kol-fans.fp.ps.netease.com/file/5f2b601096dee485a0ad1781bgbCQLri02', 'https://kol-fans.fp.ps.netease.com/file/5f2b601096dee48c1fd34ee4UW8ovi4102']",2020-08-06 01:42:41
是千鸟城呐！,,游戏截图,Sky光遇小冥,['https://kol-fans.fp.ps.netease.com/file/5f2b5fc996dee499d33e5770KLAOiLyz02'],2020-08-06 01:41:30
和朋友冰淇淋山,,朋友,18581****40,"['https://kol-fans.fp.ps.netease.com/file/5f2b5ec996dee48d345087f09lsWzwNC02', 'https://kol-fans.fp.ps.netease.com/file/5f2b5ec98b7427aa77654bd8k11XeSLY02']",2020-08-06 01:37:14
无愿,,游戏截图,15914****26,['https://kol-fans.fp.ps.netease.com/file/5f2b5e81143cfa7bf821c289dQGEdMPU02'],2020-08-06 01:36:02
曾经,,游戏截图,18716****32,"['https://kol-fans.fp.ps.netease.com/file/5f2b5d3296dee4bee77b8dd4xHOLX8H002', 'https://kol-fans.fp.ps.netease.com/file/5f2b5d336f0494dba20e2e39ZYdrw8wY02', 'https://kol-fans.fp.ps.netease.com/file/5f2b5d337f9d2aac383493d7jEgR76PT02', 'https://kol-fans.fp.ps.netease.com/file/5f2b5d33143cfa39a2192083YtGNOIqT02']",2020-08-06 01:30:28
感谢相遇,,游戏截图,15937****48,"['https://kol-fans.fp.ps.netease.com/file/5f2b59a5143cfa1a5b6d0334rw0VXuLO02', 'https://kol-fans.fp.ps.netease.com/file/5f2b59a67f9d2a4cf43cdfc6xax9x2M602', 'https://kol-fans.fp.ps.netease.com/file/5f2b59a86f049494d2a10d4dijvjgvMh02', 'https://kol-fans.fp.ps.netease.com/file/5f2b59ab96dee46ef4ce1111zfEtwzcQ02']",2020-08-06 01:15:27
“灯”火阑珊处,,游戏截图,跃跃欲试,['https://kol-fans.fp.ps.netease.com/file/5f2b5778143cfafe59f0037bAGXu8wPJ02'],2020-08-06 01:06:01
《我和你》感谢相遇,,游戏截图,木清,"['https://kol-fans.fp.ps.netease.com/file/5f2b52538b7427936331e03aT50mLAYa02', 'https://kol-fans.fp.ps.netease.com/file/5f2b52586f0494bc2dc86502pDOsegR802', 'https://kol-fans.fp.ps.netease.com/file/5f2b525d96dee426a2c7b359ysJijWAL02', 'https://kol-fans.fp.ps.netease.com/file/5f2b52628b742771204390f9PTYCx7iD02']",2020-08-06 00:44:23
闻泊爹爹你看见我了吗？,,游戏截图,Sky光遇小冥,['https://kol-fans.fp.ps.netease.com/file/5f2b50a2a7f25237613ed5bdUfxThBkR02'],2020-08-06 00:36:51
一路孤儿，呜呜呜，也想拥有大家庭的我，有没有人收我呀～我很乖的我在iOS等你！,,游戏截图,13570****05,"['https://kol-fans.fp.ps.netease.com/file/5f2b4d5b8b7427f749ac61e1S5ovCRcX02', 'https://kol-fans.fp.ps.netease.com/file/5f2b4d5c143cfa5d27eaae34WdkgXvt302', 'https://kol-fans.fp.ps.netease.com/file/5f2b4d5d8b74272b82eb59bbfyYfRJOg02', 'https://kol-fans.fp.ps.netease.com/file/5f2b4d5d2786fd897c2af573WMcpdvZO02']",2020-08-06 00:22:55
大猪猪,,游戏截图,15813****03,"['https://kol-fans.fp.ps.netease.com/file/5f2b43e5a7f252e027ed39ae5TLFggcV02', 'https://kol-fans.fp.ps.netease.com/file/5f2b43e62786fd013183436apXvISzEZ02', 'https://kol-fans.fp.ps.netease.com/file/5f2b43e68b742797f22b7181MeQaJAmi02', 'https://kol-fans.fp.ps.netease.com/file/5f2b43e696dee4e0ebc9c224BthZ4sL502']",2020-08-05 23:42:32
和萌新主播我们直播了～,,游戏截图,w****8488,"['https://kol-fans.fp.ps.netease.com/file/5f2af9e05e6027846edec8052T0g1CGt02', 'https://kol-fans.fp.ps.netease.com/file/5f2af9e06f0494b6c57d270aIEGAcRSo02', 'https://kol-fans.fp.ps.netease.com/file/5f2af9e02786fd6bf1ea65c0t2tQKPmF02', 'https://kol-fans.fp.ps.netease.com/file/5f2af9e06f0494266ebd7794FVas6pSl02']",2020-08-05 18:26:41
点滴快乐记忆,,游戏截图,18355****25,"['https://kol-fans.fp.ps.netease.com/file/5f2af7c096dee4019eb04793e8iAZa9I02', 'https://kol-fans.fp.ps.netease.com/file/5f2af7c096dee43d77691fefkXT3Cjgh02', 'https://kol-fans.fp.ps.netease.com/file/5f2af7c05e6027ec73d498dfbfvvflVQ02', 'https://kol-fans.fp.ps.netease.com/file/5f2af7c16f0494202674d37dcg8USFft02']",2020-08-05 18:17:38
我正在思考思考：怎样才能更快地跑图？🌚,,游戏截图,努力的辰辰,['https://kol-fans.fp.ps.netease.com/file/5f2af1ff143cfae2e3de5737SBEg9cLF02'],2020-08-05 17:53:04
紧紧抱住你的头❤️,,游戏截图,努力的辰辰,['https://kol-fans.fp.ps.netease.com/file/5f2af1605e60275904c6deabfFG85Ru102'],2020-08-05 17:50:25
光烛成花,,游戏截图,光遇@七岁,['https://kol-fans.fp.ps.netease.com/file/5f2abf376f0494917debb998UgjB4uST02'],2020-08-05 14:16:24
这是？巨人,,游戏截图,光遇@七岁,['https://kol-fans.fp.ps.netease.com/file/5f2abebd96dee48654332ad8cTxtYQ9j02'],2020-08-05 14:14:22
未来可期,,游戏截图,光遇@七岁,['https://kol-fans.fp.ps.netease.com/file/5f2abe776f0494917debb880s4a39Tvt02'],2020-08-05 14:13:11
奔跑,,游戏截图,苏颜汐,['https://kol-fans.fp.ps.netease.com/file/5f2aae2996dee4f42eeaac73Mx4zmND502'],2020-08-05 13:03:37
温暖的灵魂终会相遇,,游戏截图,13135****81,"['https://kol-fans.fp.ps.netease.com/file/5f2aa94f5e602760fade8bbeohSKIRzs02', 'https://kol-fans.fp.ps.netease.com/file/5f2aa9507f9d2a87c8cc2ebaPsWxhhyi02', 'https://kol-fans.fp.ps.netease.com/file/5f2aa951a7f25276f6bc08d3wil2kREu02', 'https://kol-fans.fp.ps.netease.com/file/5f2aa952a7f252604ead46a4W11s61LY02']",2020-08-05 12:43:01
家庭聚会,,游戏截图,九儿,['https://kol-fans.fp.ps.netease.com/file/5f2aa3a62786fde33a6be610gb4xYVyt02'],2020-08-05 12:18:46
这是蝴蝶结吗，哈哈哈哈,,同人绘,九儿,['https://kol-fans.fp.ps.netease.com/file/5f2aa2b7143cfab30d67ee8bf11Zy2EP02'],2020-08-05 12:14:48
补发,,游戏截图,饼饼,['https://kol-fans.fp.ps.netease.com/file/5f2a9bce8b74270addb788e50lbzuKC202'],2020-08-05 11:45:19
雨林妈妈小课堂开始啦,,游戏截图,饼饼,"['https://kol-fans.fp.ps.netease.com/file/5f2a9b84143cfa8bb3b5ac83yMw921BB02', 'https://kol-fans.fp.ps.netease.com/file/5f2a9b845e6027edff93a2618vRXpsqV02']",2020-08-05 11:44:04
祝我朋友生日快乐！！！,,游戏截图,鹿鸣,"['https://kol-fans.fp.ps.netease.com/file/5f2a8dad6f04940c81fc19facA4XfWTL02', 'https://kol-fans.fp.ps.netease.com/file/5f2a8dada7f252b8544d104ft9cAfsX202', 'https://kol-fans.fp.ps.netease.com/file/5f2a8dad5e6027520ba920b32OqHmQTU02', 'https://kol-fans.fp.ps.netease.com/file/5f2a8dae6f04942914e66794jsIiQ7Vd02']",2020-08-05 10:45:03
.,,游戏截图,pear,['https://kol-fans.fp.ps.netease.com/file/5f2a7ff05e602707a7b1ef6cPf3aofsG02'],2020-08-05 09:46:25
(◍˃̶ᗜ˂̶◍)✩,,游戏截图,pear,['https://kol-fans.fp.ps.netease.com/file/5f2a7e23a7f2522ce871d586DhZKe4wG02'],2020-08-05 09:38:44
感谢相遇，不问归期,,游戏截图,15703****33,"['https://kol-fans.fp.ps.netease.com/file/5f2a7a0fa7f2522255d5c9ebaI1ZoWow02', 'https://kol-fans.fp.ps.netease.com/file/5f2a7a0f96dee435cee2c9f8bm1Mvbb202']",2020-08-05 09:21:19
傍晚听着曲子坐在篝火旁，真的很治愈心灵。,,游戏截图,z****914145304,['https://kol-fans.fp.ps.netease.com/file/5f2a775096dee42696d00a0fZjk10UQf02'],2020-08-05 09:09:36
在夕阳下点起第一根烛,,游戏截图,爱冒险的铭儿,['https://kol-fans.fp.ps.netease.com/file/5f2a5e0e6f0494c24082649ddiilPpfV02'],2020-08-05 07:21:50
美景与闪光,,游戏截图,爱冒险的铭儿,['https://kol-fans.fp.ps.netease.com/file/5f2a5ddf143cfa8f7e6b45020fi8gv5Q02'],2020-08-05 07:21:03
给不给我赞？？,,游戏截图,爱冒险的铭儿,['https://kol-fans.fp.ps.netease.com/file/5f2a5dbb5e602709102199c99lTY9v7u02'],2020-08-05 07:20:27
﻿花椰菜烤螃蟹,,游戏截图,爱冒险的铭儿,['https://kol-fans.fp.ps.netease.com/file/5f2a5da4143cfa8214b790a0v0eLx5ts02'],2020-08-05 07:20:05
本人都不知道在哪拍的.jpg,,游戏截图,爱冒险的铭儿,['https://kol-fans.fp.ps.netease.com/file/5f2a5d8c6f0494d8d754a455H76uwZgc02'],2020-08-05 07:19:40
洞穴风光,,游戏截图,爱冒险的铭儿,['https://kol-fans.fp.ps.netease.com/file/5f2a5d5e143cfa8f7e6b440500WPhiRE02'],2020-08-05 07:18:54
我的旅行记录,,同人绘,13633****74,"['https://kol-fans.fp.ps.netease.com/file/5f2a55fe2786fd7f0b8eccb6OGfrdCyP02', 'https://kol-fans.fp.ps.netease.com/file/5f2a55fe5e6027bbcf932f49zSP2yaMo02', 'https://kol-fans.fp.ps.netease.com/file/5f2a55fe7f9d2a6359a896ceWViDb1Ws02', 'https://kol-fans.fp.ps.netease.com/file/5f2a55fe2786fd9261dda067T9D1yHrb02']",2020-08-05 06:47:27
我与光遇与她,,游戏截图,h****fangzheng2008,"['https://kol-fans.fp.ps.netease.com/file/5f2a41317f9d2ad68b5d6047y3rf9lVB02', 'https://kol-fans.fp.ps.netease.com/file/5f2a4131143cfa6e32af6e04oaCaKN9a02', 'https://kol-fans.fp.ps.netease.com/file/5f2a41316f04943ab019d58akcPUMLPZ02', 'https://kol-fans.fp.ps.netease.com/file/5f2a4131a7f252682a46af31coFibFic02']",2020-08-05 05:18:42
孤,,游戏截图,我是小疆,"['https://kol-fans.fp.ps.netease.com/file/5f2a171e5e6027a4ecb67ef52iJNRUmK02', 'https://kol-fans.fp.ps.netease.com/file/5f2a171fa7f25276d6d4160e7qpVTEk402', 'https://kol-fans.fp.ps.netease.com/file/5f2a171fa7f2525e1bf2915eJoYDxgop02', 'https://kol-fans.fp.ps.netease.com/file/5f2a171f143cfa522f7b15ffvFhfpLuJ02']",2020-08-05 02:19:11
相 · 遇,,游戏截图,我是小疆,"['https://kol-fans.fp.ps.netease.com/file/5f2a09cc96dee412fa1d03c1R1oZNiUv02', 'https://kol-fans.fp.ps.netease.com/file/5f2a09cd96dee4423482ef40JMPoDFTz02', 'https://kol-fans.fp.ps.netease.com/file/5f2a09cda7f2522bc792b7f9wP5zo8kq02', 'https://kol-fans.fp.ps.netease.com/file/5f2a09ce96dee4423482ef41DpNi9TRr02']",2020-08-05 01:22:23
相遇,,游戏截图,苏颜汐,['https://kol-fans.fp.ps.netease.com/file/5f29fc875e6027ffbd9296efqpoXitut02'],2020-08-05 00:25:43
蜡像馆！,,游戏截图,十一,"['https://kol-fans.fp.ps.netease.com/file/5f29a92fa7f252d125e77fd49CDv74kP02', 'https://kol-fans.fp.ps.netease.com/file/5f29a92f143cfabab8a24a7472UprYxp02', 'https://kol-fans.fp.ps.netease.com/file/5f29a930a7f2522b444d70e8tad3Vy1j02', 'https://kol-fans.fp.ps.netease.com/file/5f29a9302786fd73387ff9e74CW40cev02']",2020-08-04 18:30:09
带着自家小无翼逛日月岛,,游戏截图,十一,"['https://kol-fans.fp.ps.netease.com/file/5f29a86e6f04942d0e6086bfWAcZSlb402', 'https://kol-fans.fp.ps.netease.com/file/5f29a86fa7f252d125e77f8cDp7skeeC02', 'https://kol-fans.fp.ps.netease.com/file/5f29a86f6f049460e452f393f76SsqaT02']",2020-08-04 18:26:56
烟火,,游戏截图,c****201505,['https://kol-fans.fp.ps.netease.com/file/5f29520e7f9d2a1d5eefc66bMQAhgIsi02'],2020-08-04 12:18:22
爱是不夜城,,游戏截图,15386****84,"['https://kol-fans.fp.ps.netease.com/file/5f29414f6f0494e29ac94841JfiPWIiE02', 'https://kol-fans.fp.ps.netease.com/file/5f2941505e60276a66276f14twdrdxHc02', 'https://kol-fans.fp.ps.netease.com/file/5f2941507f9d2ab4c449ca74Sbszc48V02', 'https://kol-fans.fp.ps.netease.com/file/5f29415096dee4ac27c40c31eEDm789K02']",2020-08-04 11:06:57
不经意与万千美景邂逅,,游戏截图,香香,"['https://kol-fans.fp.ps.netease.com/file/5f293ddb7f9d2ab4c449c66fULaSmiJW02', 'https://kol-fans.fp.ps.netease.com/file/5f293ddb7f9d2a752c240973fabGMRbi02', 'https://kol-fans.fp.ps.netease.com/file/5f293ddb7f9d2a752c240974g33GU2bT02', 'https://kol-fans.fp.ps.netease.com/file/5f293ddc96dee4ca49e9d8d5i3fzrbiO02']",2020-08-04 10:52:12
憧憬,,游戏截图,香香,['https://kol-fans.fp.ps.netease.com/file/5f293cd88b742768fcebc6a1IUepglrm02'],2020-08-04 10:47:53
追着光去与你相遇,,游戏截图,香香,['https://kol-fans.fp.ps.netease.com/file/5f293c4f143cfa84257fc9deVFTBI8Sp02'],2020-08-04 10:45:36
温暖的灵魂终会相遇,,游戏截图,饼饼,['https://kol-fans.fp.ps.netease.com/file/5f29230d5e60275a0125960626qNsATx02'],2020-08-04 08:57:50
光遇美景,,游戏截图,13268****01,"['https://kol-fans.fp.ps.netease.com/file/5f29153c6f0494ce96ba9ee20i6bwa7S02', 'https://kol-fans.fp.ps.netease.com/file/5f29153d7f9d2a831723985brRTxpPRA02', 'https://kol-fans.fp.ps.netease.com/file/5f29153d96dee4fccf919525aPjBABdo02', 'https://kol-fans.fp.ps.netease.com/file/5f29153d6f049410c66622ac40yKHaiK02']",2020-08-04 07:58:54
镜面湖,,游戏截图,13268****01,['https://kol-fans.fp.ps.netease.com/file/5f291480a7f2521681cfe2afNlOlP9GB02'],2020-08-04 07:55:45
献祭,,游戏截图,13922****98,"['https://kol-fans.fp.ps.netease.com/file/5f28c20596dee42ff2943798T6yXtlxf02', 'https://kol-fans.fp.ps.netease.com/file/5f28c20596dee436b01988d7JM6OiGCG02', 'https://kol-fans.fp.ps.netease.com/file/5f28c206a7f252d8ffdce450UX8ZIDZW02', 'https://kol-fans.fp.ps.netease.com/file/5f28c2062786fd5d85a3bda81ylIIZcD02']",2020-08-04 02:03:51
你抬头仰望的是什么,,游戏截图,19525****25,['https://kol-fans.fp.ps.netease.com/file/5f2859caa7f252f49b94986e4eo4mi8e02'],2020-08-03 18:39:06
光遇，遇见快乐遇见你,,游戏截图,15660****93,"['https://kol-fans.fp.ps.netease.com/file/5f283341143cfaae6b991554w7RV456F02', 'https://kol-fans.fp.ps.netease.com/file/5f28334196dee49f6a847d33vmKSuzLO02', 'https://kol-fans.fp.ps.netease.com/file/5f2833415e6027d87c0b42c5XD3qBKiL02', 'https://kol-fans.fp.ps.netease.com/file/5f28334296dee4ab162285f9l6VhNwfm02']",2020-08-03 15:54:44
光遇，遇见快乐遇见你,,游戏截图,15660****93,"['https://kol-fans.fp.ps.netease.com/file/5f28331e6f04949732b3d69czq8fEqeq02', 'https://kol-fans.fp.ps.netease.com/file/5f28331e6f049477a3b551bbqtAQPfIu02', 'https://kol-fans.fp.ps.netease.com/file/5f28331f96dee4ab162285d00GyVLIYd02', 'https://kol-fans.fp.ps.netease.com/file/5f28331f5e6027d87c0b42a8VKMTo7Cg02']",2020-08-03 15:54:09
#拉着朋友的手#,,同人绘,15771****50,['https://kol-fans.fp.ps.netease.com/file/5f2812867f9d2a7de4324101KAFrtKAA02'],2020-08-03 13:35:03
《极夜的千鸟城》,,游戏截图,君子兰,"['https://kol-fans.fp.ps.netease.com/file/5f2812696f04945640c3b54agPScDfgR02', 'https://kol-fans.fp.ps.netease.com/file/5f28126996dee4a18abc6c43Kse8IWgi02', 'https://kol-fans.fp.ps.netease.com/file/5f281269a7f25248b543be49X3m1w5gi02', 'https://kol-fans.fp.ps.netease.com/file/5f28126996dee4a18abc6c450He2MMh702']",2020-08-03 13:34:34
存在便是为了相遇,,游戏截图,君子兰,['https://kol-fans.fp.ps.netease.com/file/5f2811068b7427656c649713puYKmSbM02'],2020-08-03 13:28:39
一些奇奇怪怪的场面,,游戏截图,小梅,"['https://kol-fans.fp.ps.netease.com/file/5f28106c6f0494d1e4ba1ceetI6fQGXZ02', 'https://kol-fans.fp.ps.netease.com/file/5f28106c5e6027f3f4f7146eiMFOqJvY02', 'https://kol-fans.fp.ps.netease.com/file/5f28106d6f0494dcbcf63311ZDoWOUNB02', 'https://kol-fans.fp.ps.netease.com/file/5f28106e96dee48e2049aec83V7j1sCu02']",2020-08-03 13:26:07
看着空荡荡的遇境，有点想流下遗憾的泪水，为什么我总是错过我所想要的东西？,,游戏截图,小梅,['https://kol-fans.fp.ps.netease.com/file/5f280cf98b7427ff3b377093ivdVmS7Q02'],2020-08-03 13:11:22
浩瀚星空,,游戏截图,13996****21,['https://kol-fans.fp.ps.netease.com/file/5f28098f143cfa712c6720fbp2p5xALB02'],2020-08-03 12:56:47
彩虹,,游戏截图,13996****21,['https://kol-fans.fp.ps.netease.com/file/5f2809182786fd5a70bdd325NugfbxNW02'],2020-08-03 12:54:49
奥义!   人 蟹 合 一,,游戏截图,不与君鸣-ing,['https://kol-fans.fp.ps.netease.com/file/5f27fb8f6f04940ab0642d76JEPYqZht02'],2020-08-03 11:57:03
我和我的萌新同学们,,同人绘,15868****28,['https://kol-fans.fp.ps.netease.com/file/5f27f6c95e6027f119b454e66qXeBK0f02'],2020-08-03 11:36:41
这个世界很好，我很喜欢她.,,游戏截图,猫,"['https://kol-fans.fp.ps.netease.com/file/5f27f02e8b7427792e0d5c12jyoCpXFc02', 'https://kol-fans.fp.ps.netease.com/file/5f27f02e2786fda6f827dfc2sz63Bogy02', 'https://kol-fans.fp.ps.netease.com/file/5f27f02e6f0494d5b4878d34Wg6VEKsr02', 'https://kol-fans.fp.ps.netease.com/file/5f27f02f8b7427792e0d5c15flC1X6bX02']",2020-08-03 11:08:31
光遇一截一个壁纸不是吹的,,游戏截图,x****qiaokuoai520,"['https://kol-fans.fp.ps.netease.com/file/5f27edcc6f04943ee9a85a55OqiYWOyA02', 'https://kol-fans.fp.ps.netease.com/file/5f27edcc7f9d2af38d06b50d2Yp9EF3O02', 'https://kol-fans.fp.ps.netease.com/file/5f27edcd6f0494d5b48789aezb0H861T02', 'https://kol-fans.fp.ps.netease.com/file/5f27edcd8b74272ff303d76dZQabWS6e02']",2020-08-03 10:58:22
光之逆子,,游戏截图,十一,['https://kol-fans.fp.ps.netease.com/file/5f27e53c2786fd68a31f9028VxViCwlm02'],2020-08-03 10:21:49
吃小孩啦！！😜,,游戏截图,十一,"['https://kol-fans.fp.ps.netease.com/file/5f27e4ec143cfa5aebd57507Ky5STvdi02', 'https://kol-fans.fp.ps.netease.com/file/5f27e4ec143cfa3ac53e1a588pkr2HX402', 'https://kol-fans.fp.ps.netease.com/file/5f27e4eda7f252d13f6d0379ZXlR6q0R02']",2020-08-03 10:20:30
可爱无翼！,,游戏截图,十一,"['https://kol-fans.fp.ps.netease.com/file/5f27e4b196dee4279520e490yHNt1Fbz02', 'https://kol-fans.fp.ps.netease.com/file/5f27e4b496dee424b4b6701aYiXGWy0q02', 'https://kol-fans.fp.ps.netease.com/file/5f27e4b5143cfa46ab5d69d01Ss6Wywg02']",2020-08-03 10:19:34
魔法季毕业照,,游戏截图,楠,"['https://kol-fans.fp.ps.netease.com/file/5f27e38196dee49dc19e15abXVcTuWHi02', 'https://kol-fans.fp.ps.netease.com/file/5f27e381143cfa46ab5d671cDNMMC8bt02', 'https://kol-fans.fp.ps.netease.com/file/5f27e3816f0494620c162fe2UjwojBZ902', 'https://kol-fans.fp.ps.netease.com/file/5f27e381a7f252fe083fdd508zeZ7U3Z02']",2020-08-03 10:14:26
我是睡美人我是睡美人,,游戏截图,18656****36,['https://kol-fans.fp.ps.netease.com/file/5f27e17e96dee4bab7a3055bOgdCrxNR02'],2020-08-03 10:05:50
我觉得很好看qwq,,游戏截图,13672****85,['https://kol-fans.fp.ps.netease.com/file/5f27d52e143cfad26097e838Kyaaw9V202'],2020-08-03 09:13:18
好心疼鸭😥 ,,游戏截图,17318****23,['https://kol-fans.fp.ps.netease.com/file/5f27cc0a2786fd5b19e2efb2LiqsuMv002'],2020-08-03 08:34:19
白色相簿,,同人绘,15989****82,['https://kol-fans.fp.ps.netease.com/file/5f27c33596dee4ec62936e2ePVIQWeFs02'],2020-08-03 07:56:38
在玩光遇的10几天里收获很多快乐a,,游戏截图,氿绊,"['https://kol-fans.fp.ps.netease.com/file/5f27949996dee42f403773ecDGjekgsu02', 'https://kol-fans.fp.ps.netease.com/file/5f2794996f04945b03822f02s64mc6t202', 'https://kol-fans.fp.ps.netease.com/file/5f2794998b742781b769d954CtAbWx2z02', 'https://kol-fans.fp.ps.netease.com/file/5f27949aa7f252876d9cc67bDaVBbITm02']",2020-08-03 04:37:46
近期,,游戏截图,Cc,"['https://kol-fans.fp.ps.netease.com/file/5f2767018b7427abb9ce3ee5c2PbAabM02', 'https://kol-fans.fp.ps.netease.com/file/5f2767016f0494e570100c4fPNkmPNX702', 'https://kol-fans.fp.ps.netease.com/file/5f2767016f0494e7911e1cacXwhYMJqZ02', 'https://kol-fans.fp.ps.netease.com/file/5f276701143cfa59f494ab10GopROH4P02']",2020-08-03 01:23:14
在暮土差点被皮皮虾来个3龙聚顶,,游戏截图,谷嵇君,"['https://kol-fans.fp.ps.netease.com/file/5f27561b96dee42db51f025bXsXHgq4d02', 'https://kol-fans.fp.ps.netease.com/file/5f27561ba7f2524b2204f887LLrjhM9502', 'https://kol-fans.fp.ps.netease.com/file/5f27561c6f0494cbd7982725KR2AbMVJ02']",2020-08-03 00:11:08
光遇景色打卡点合集,,视频,玖璃,['https://kol-fans.fp.ps.netease.com/file/5f2701cc96dee48f2af44733pAKP7pYO02'],2020-08-02 18:11:26
躺着过日子,,游戏截图,j****weiru6,['https://kol-fans.fp.ps.netease.com/file/5f26d0557f9d2a5cb82dc39f61FlIxfp02'],2020-08-02 14:40:22
林（原创作品）,,游戏截图,是曦子w,"['https://kol-fans.fp.ps.netease.com/file/5f26cfb58b74274ab7890212YZSbhTgN02', 'https://kol-fans.fp.ps.netease.com/file/5f26cfb52786fda48101f165G104DIOv02', 'https://kol-fans.fp.ps.netease.com/file/5f26cfb57f9d2a6c88bcd0f0OeWxXQ0R02', 'https://kol-fans.fp.ps.netease.com/file/5f26cfb596dee4f486805f1aXZ7PtHTb02']",2020-08-02 14:37:42
庙（原创作品）,,游戏截图,是曦子w,['https://kol-fans.fp.ps.netease.com/file/5f26ce7a5e60273374512aa8Tm5mJWSp02'],2020-08-02 14:32:27
峰（原创作品）,,游戏截图,是曦子w,['https://kol-fans.fp.ps.netease.com/file/5f26cb53143cfac2d72a70f77iX1kszF02'],2020-08-02 14:18:59
洞（原创作品）,,游戏截图,是曦子w,['https://kol-fans.fp.ps.netease.com/file/5f26caf3a7f2522f57a72b13OLW77vUQ02'],2020-08-02 14:17:24
当在伊甸完后切后台。。。,,游戏截图,18588****08,['https://kol-fans.fp.ps.netease.com/file/5f2694c65e60276835b667e2E9TaE9EC02'],2020-08-02 10:26:15
是红色的云呐,,游戏截图,凩,['https://kol-fans.fp.ps.netease.com/file/5f2690f92786fd10509d54a7WuqtfL4002'],2020-08-02 10:10:01
sky·光遇·终,,同人绘,阿楠阿,['https://kol-fans.fp.ps.netease.com/file/5f267f3d6f0494ff1e7b0701jRqkjH2T02'],2020-08-02 08:54:22
落霞与孤鹜齐飞，秋水共长天一色。,,游戏截图,白粥,"['https://kol-fans.fp.ps.netease.com/file/5f26595196dee4896bd2d381wiRRoQf002', 'https://kol-fans.fp.ps.netease.com/file/5f265952143cfa90942dbec7Ov4XA1jd02', 'https://kol-fans.fp.ps.netease.com/file/5f2659528b7427b35f065670qHx2xNWN02', 'https://kol-fans.fp.ps.netease.com/file/5f2659526f0494fe446ce556z9CU8GBC02']",2020-08-02 06:12:35
光遇景点打卡,,游戏截图,15504****03,"['https://kol-fans.fp.ps.netease.com/file/5f262fb52786fd0a9d4badc3IvKxv69p02', 'https://kol-fans.fp.ps.netease.com/file/5f262fb56f0494f0ccefb844S8cplZeW02', 'https://kol-fans.fp.ps.netease.com/file/5f262fb56f04942c7dc6ad4aCFCkHcQg02', 'https://kol-fans.fp.ps.netease.com/file/5f262fb6a7f252b905a4bc0akDLHyfaL02']",2020-08-02 03:15:04
午夜的灵感,,同人绘,18998****84,"['https://kol-fans.fp.ps.netease.com/file/5f2628e02786fd74728d78dfNiTiai6U02', 'https://kol-fans.fp.ps.netease.com/file/5f2628e0a7f252a7646c7a24darIrEOA02']",2020-08-02 02:45:53
骑大马,,游戏截图,死鱼安乐,['https://kol-fans.fp.ps.netease.com/file/5f26117f6f0494739d3fc675ZkitWQiR02'],2020-08-02 01:06:08
夕阳终有一天会落在你身边🌇 ,,游戏截图,丸子,"['https://kol-fans.fp.ps.netease.com/file/5f25cb5496dee4c4df7675e7fJIqIW5Q02', 'https://kol-fans.fp.ps.netease.com/file/5f25cb55143cfaeebbd046d3mHGvGm9j02']",2020-08-01 20:06:45
云野可爱小无翼,,游戏截图,十一,"['https://kol-fans.fp.ps.netease.com/file/5f25c1118b7427bb2cfbae4ePGFlUBsI02', 'https://kol-fans.fp.ps.netease.com/file/5f25c1116f0494cc96351200A3P7wtYH02', 'https://kol-fans.fp.ps.netease.com/file/5f25c1117f9d2a0480ecf4a0tlTbfSHG02']",2020-08-01 19:22:58
墓土彩虹,,游戏截图,13420****15,['https://kol-fans.fp.ps.netease.com/file/5f25b99fa7f252b4840b0cbfJS0v6f8w02'],2020-08-01 18:51:12
﻿养老,,游戏截图,13240****42,"['https://kol-fans.fp.ps.netease.com/file/5f25953896dee49f3ecfbb211koDrf9K02', 'https://kol-fans.fp.ps.netease.com/file/5f2595387f9d2a9a4ba11968gYBe7TXF02']",2020-08-01 16:15:53
游泳喔,,游戏截图,17621****71,['https://kol-fans.fp.ps.netease.com/file/5f259489143cfa00735aec065LkIZba702'],2020-08-01 16:12:58
峡谷双子,"多年以前，天空王国正值辉煌时期
那时的天空王国，无论是建筑、军事还是生活水平，都比以前进步了一大截
在那时候，天空王国的一个男孩诞生了
他有着一双蓝眼睛，仿佛天使降落凡间
他从小无忧无虑地长大，过着快乐的生活
有一天，他认识了另一个男孩
那个男孩和他差不多大，有着火一般的红瞳
他立刻兴奋地上去打招呼
“你好啊！我叫alef，你叫什么名字啊？”
“……？”那个男孩露出了疑惑的神情，好像被alef吓到了，不过他很快就回过了神，“我叫daleth，请多指教……”
眼前这个男孩的年龄明明和他相差不多，却好似比他稳重了几倍，alef因此对他产生了极大的兴趣
天生自来熟的他缠着那个男孩聊了好久，一直聊到了深夜才依依不舍地放过他
他交到了人生中的第一个朋友
自此，他几乎每天都缠着daleth一起做这一起做那，两人形影不离，不知道的还以为他们是亲兄弟呢
时间渐渐过去，alef和daleth也迎来了他们的18岁生日
alef生日那晚，他兴奋地冲daleth，紧紧地抱住他
daleth微笑着将他拥入怀中
不久，他们的生活出现了变化
云中王国资源开始供不应求，挑选出拔尖的人接手云中王国是当务之急，而alef和daleth在竞赛中表现的极为优秀，理所当然的成为了领导者
他们被称为“双子先祖”
alef开朗、具有创造力，既可以提出大胆创新的意见，也可以鼓舞大家积极工作
daleth成熟稳重，在制订计划，工作成绩等方面都十分突出，带动了整个王国的发展
他们将王国管理的井井有条，使天空王国发展到了极致
他们本该前途无量，可意外一定会如约而至
王国的发展导致了环境的大面积污染，光之生物堕入黑暗，成为了黑暗生物
如今，它们回来报仇了
双子不得不动用所有士兵来对抗它们，然而即使已经做到了这个地步，局势也依旧十分紧张，常年安宁祥和的云中王国几乎再也没有发展过军事，黑暗生物这么强大，士兵几乎不可阻挡
这一天还是来了
王国战败的消息传遍了每个角落，黑暗生物四处侵袭，森林开始常年下雨，房屋倒塌，冥龙、螃蟹四处横行，剥夺后裔的能量，天空王国变成了地狱
alef看见如此不堪的王国，几乎快要崩溃了，这里的一切仿佛都在大声地对他喊着
“你的领导是多么失败！是你让我们变成了这个鬼样子，是你们让这个地方变成了这个模样！”
兄弟俩看着王国的景象，不约而同地沉默了
alef一天比一天消沉，把自己关进房间不愿出来
daleth因为士兵几乎全部被剿灭，不得不亲自上阵，每日奔波在战争的一线
他得保护他那脆弱的弟弟
王国失去了英明的领导，开始变得荒芜，整年充斥着战乱
有一天，daleth像往常一样来到战场与冥龙争斗，然而还在战着呢，他却看着早已破败不堪的神庙，微微出神
这个地方曾经是那么辉煌啊，曾经和弟弟来到这里时，夕阳洒在熠熠生辉的屋顶上，整座神庙闪动着金色的光芒……那是多么震撼的景色啊，而如今，它却成为了满载黑暗的战场，这是多么悲哀……
daleth的思绪逐渐飘远，想起了和alef 的过去
曾经我们那么幸福啊，曾经的alef，脸上每时每刻都挂着阳光灿烂的微笑，而如今却整日郁郁寡欢……这都是因为我没保护好他吧……
alef……
然而daleth却没有发现，一只冥龙正趁着他分神向他冲来
“I want revenge……”
冥龙的这句话让daleth一惊，他立刻转回身来，却看见了近在咫尺的冥龙
“revenge！”
daleth终于反应过来了
——然而，已经来不及了
四周空旷无比，冥龙近在眼前
daleth，已经必死无疑了
毕竟冥龙可不会因为他那双好看的火红眸子放过他
他叹了口气，原来一向稳重的daleth也会因为这种小错误丢掉性命啊
那么，再见了，这个世界——
冥龙冲了下去，daleth的世界瞬间变得一片黑暗
他的身上长出了黑暗植物，像镣铐一般锁住了他的尸体，预示着他的死亡
他的眼睛一直睁着，那只火红色的眸子，仿佛那年遇见alef时的漫天红霞，那么凄美，那么动人
没有人注意到，他死前轻声说了一句
“alef……”

即使士兵们极力掩饰，alef还是得知了他哥哥的死讯
当他无意间从闲聊的士兵嘴里听到这个消息时，他甚至以为自己还在做梦
哥哥死了，他的那个成熟、稳重，仿佛任何时候都不会有任何问题的哥哥，他的那个无所不能的哥哥，居然死了？
这个消息就像是压死骆驼的最后一根稻草一样，打破了他的最后一丝希望
啊，不对，最后一吨稻草
哥哥的死对他来说无疑是致命的
他的世界开始支离破碎，四周变得一片黑暗
他的光消失了
他发了疯似的冲向哥哥逝去的战场，见到了那座神庙
哥哥的尸体还在那里，黑暗植物依旧牢牢的锁着他，他那火红色的眸子和往常一样耀眼
他的蓝眼睛立刻暗淡下来
哥哥的伤非常严重，冥龙一点也没对哥哥手下留情，尸体甚至有一条手臂直接断了
他终于抑制不住地哭了起来，那哭声响彻天空，任何一个人听了都会为之动容。哭声回荡在神庙，仿佛在诉说着一段故事
alef这样哭了很久，很久
以至于把战场上遗留的冥龙招惹来了，他都没有注意
冥龙逐渐逼近，alef看向它，这就是杀害他哥哥的罪魁祸首
他静静地闭上了眼睛
“连你都不在了，我独自一人守着这乱世，又有什么意义呢……”
冥龙撞向他，像几天前杀死daleth一样，夺走了alef的生命
他的世界再次陷入一片死寂，四周只剩黑暗
他在这个世界穿行，一直走，一直走，走了很久很久……
终于，仿佛是回馈他的努力似的，他望见了一束光
那束光将他从黑暗中拉出来，将他救出了深渊
他不断向着光的中心前进，期待着望见那个熟悉的身影
他的期待没有被辜负
光的中间出现了一个人影，那个人，化成灰他都认得
是他最亲爱的哥哥，daleth
他立刻冲向他，狠狠地抱住了他
daleth像alef的18岁生日那晚一样，微笑着将他拥入怀中
“alef……这么多年了，你还是像个小孩子一样……”
他紧紧地抱着他的哥哥，生怕他会消失
“哥哥……”
“我爱你……”
daleth愣了一愣，然后微笑着说出了那句，alef一生都在期待的话
“我也爱你啊”
“我最亲爱的……”
“alef”
—end—",同人文,myosotis.谙然,[],2020-08-01 14:58:21
追光季贵妇套装,,同人绘,锤锤,"['https://kol-fans.fp.ps.netease.com/file/5f2573242786fd08bd67dd06YkEM8Ji302', 'https://kol-fans.fp.ps.netease.com/file/5f2573258b742782eb8ac685CLbIbYba02']",2020-08-01 13:50:30
冬季小龙女,,同人绘,锤锤,['https://kol-fans.fp.ps.netease.com/file/5f2572718b742782eb8ac615le2T8LdI02'],2020-08-01 13:47:30
是bug呀  2020.8.1,,游戏截图,为光,['https://kol-fans.fp.ps.netease.com/file/5f25719b96dee4968e7c49dabPkGrICx02'],2020-08-01 13:43:55
你是落日弥漫的橘    天边透亮的星,,游戏截图,g****360100,['https://kol-fans.fp.ps.netease.com/file/5f25707d96dee4847cb5c20awD1wj6o902'],2020-08-01 13:39:09
奔向美好,,游戏截图,g****360100,['https://kol-fans.fp.ps.netease.com/file/5f257003143cfaf3e56d679ep69KpMiX02'],2020-08-01 13:37:07
《幻昼》   【总有一天，你会遇到一个彩虹般绚烂的人，怦然而心动】,,视频,g****360100,['https://kol-fans.fp.ps.netease.com/file/5f256fdf8b742797706575c1xCqdP2bb02'],2020-08-01 13:36:32
伫立,,游戏截图,g****360100,['https://kol-fans.fp.ps.netease.com/file/5f256e58143cfa1cd349b6a8VsQIaNwi02'],2020-08-01 13:30:00
雨林,"多年前这里曾是森林
那时有一个小女孩天天造访这里
她在森林中穿梭
她与遥鲲交友、与蝴蝶飞鸟共舞、她在湖中畅游、她在木亭观景
她坐在少见的一块空地上对我说
“等我长大了，我一定要守护这个如梦境一般的世界”
后来，如她所愿，她长大了，成为了这儿的守护者
但幸福的日子没有持续多久
云中王国过度开发，光之生物被污染，大家被迫与昔日的伙伴反目
包括她。
她亲眼看到她的森林被攻破，雨水毫不留情的降临
昔日的草地被水淹没，曾经的神庙被雨冲塌，旧时的巨树被雨侵蚀
她的森林，从那时起获得了一个新名字
—雨林
她疑惑，她不解，她悲痛不已……
——但她对此无能为力
她亲眼看着那片昔日最为美好的森林被水淹没，失去光明
她意识到，柔弱救不了雨林
她拿起了那个人送给她的大锤，她曾经仅仅只用它来开凿山洞
而如今，她被迫肩负起了保护雨林的职责，她也是，大锤也是
大家眼中的她仿佛变了一个人，前一阵子望着雨林眼里泪水泛滥，如今却突然坚强起来，用她那以往几乎不会拿起的大锤抵抗黑暗生物
这样的日子持续了很久很久
就在她几近绝望的时候，一种奇特的生物涌入了云中王国
他们称自己为“光之后裔”
他们来到雨林，点亮了林中的灯，烧掉了黑暗植物，为雨林带来了几乎就要灭的火种
他们为雨林带来了光明
她看着那闪烁着微光的火种，意识到，雨林或许还有救
她立刻站起身来，几近疯狂地将手伸向光之后裔
他们看上去很害怕她，但火种依然被拿走了
她立刻用她的大锤开始修复火种，一下，两下……发出的声音震耳欲聋
终于，她拿出了修复完成的火种，用它净化了雨林
她认为她终于可以重新回到过去那片美丽的森林了
但，并没有
雨依然在下
她只能让神庙在短时间内不受雨的侵蚀
并且，我们发现
那些名为光之后裔的生物口中传出了一句话
“雨林的长老好暴躁，好可怕”
“她好凶啊，吓死我了”
她静静地听着光之后裔的对话，他们显然意识不到她听得懂他们说话
但她不是以前的她了，怎么会为这种小事难过
毕竟，她要保护的，是整片雨林
光之后裔们没有经历那场战争，又怎么会认识以前的她呢——
以前的她温柔、活泼、对一切事物抱有幻想
但温柔救不了她所热爱的这个地方
救不了她最爱的那座森林
温柔做不到
—end—",同人文,myosotis.谙然,[],2020-08-01 13:28:17
千鸟阁打卡  2020.8.1,,游戏截图,为光,"['https://kol-fans.fp.ps.netease.com/file/5f256d15a7f25281d7c43506tFQoS2t102', 'https://kol-fans.fp.ps.netease.com/file/5f256d15a7f25281d7c43507HETiU9pC02', 'https://kol-fans.fp.ps.netease.com/file/5f256d158b742741642885e7v2lZ3Teg02', 'https://kol-fans.fp.ps.netease.com/file/5f256d1696dee45c29ccfb420Z87rzY702']",2020-08-01 13:24:38
粉红海打卡 2020.8.1,,游戏截图,为光,['https://kol-fans.fp.ps.netease.com/file/5f256c842786fdcf4650ac6ciou5UfoB02'],2020-08-01 13:22:12
✌🏻,,游戏截图,也甜,"['https://kol-fans.fp.ps.netease.com/file/5f256a08143cfac42f32416eZzdz6YbM02', 'https://kol-fans.fp.ps.netease.com/file/5f256a09a7f252f48de7f8161StYAZUY02', 'https://kol-fans.fp.ps.netease.com/file/5f256a0996dee4489c2c0d11b8vWrzEk02', 'https://kol-fans.fp.ps.netease.com/file/5f256a0b6f0494bbcdd950b91jLj51IV02']",2020-08-01 13:11:41
再咬我，我就把你烤了,,游戏截图,阿念,['https://kol-fans.fp.ps.netease.com/file/5f256546143cfacf943a00a0tQEAd4bp02'],2020-08-01 12:51:19
雨林妈妈,,游戏截图,萬年鱼,"['https://kol-fans.fp.ps.netease.com/file/5f255a918b7427f148fc8fc5ir2tHuZC02', 'https://kol-fans.fp.ps.netease.com/file/5f255a925e6027e4e364b201wiUhuD5i02', 'https://kol-fans.fp.ps.netease.com/file/5f255a925e6027d5f13e7e8ajTG6ETmU02', 'https://kol-fans.fp.ps.netease.com/file/5f255a92a7f252e87cdf85d29EJNsAlI02']",2020-08-01 12:05:39
云野杂技团,,游戏截图,十一,"['https://kol-fans.fp.ps.netease.com/file/5f2555ac96dee4d1023598b8RbMOEi0X02', 'https://kol-fans.fp.ps.netease.com/file/5f2555ad7f9d2af9e9e5f3aaCh4XKvpA02', 'https://kol-fans.fp.ps.netease.com/file/5f2555ae5e602797b51e29adP7DEZshh02']",2020-08-01 11:44:47
雨林跑图现状（滑稽）,,游戏截图,瓜子,['https://kol-fans.fp.ps.netease.com/file/5f25492f8b742791b51a1fd6iJpce8f402'],2020-08-01 10:51:28
养老时光,,游戏截图,桃子,"['https://kol-fans.fp.ps.netease.com/file/5f25478a2786fde582864126DPwkY4WR02', 'https://kol-fans.fp.ps.netease.com/file/5f25478b96dee42a7a1465ebYuHppXbx02', 'https://kol-fans.fp.ps.netease.com/file/5f25478d143cfa09a77c4fe8BiTiDwh802', 'https://kol-fans.fp.ps.netease.com/file/5f25478f96dee4716feb091849kPxi6602']",2020-08-01 10:44:33
相遇·旅程,,游戏截图,萝梦,"['https://kol-fans.fp.ps.netease.com/file/5f25360a6f0494b86d55e0f5l53QKUQT02', 'https://kol-fans.fp.ps.netease.com/file/5f25360a143cfa81eab058fcl1QQelXS02', 'https://kol-fans.fp.ps.netease.com/file/5f25360a143cfa81eab058fdiellp0NL02', 'https://kol-fans.fp.ps.netease.com/file/5f25360a143cfa724e560f70FJS3ZBim02']",2020-08-01 09:29:47
云野,,游戏截图,1****31147,"['https://kol-fans.fp.ps.netease.com/file/5f252bfda7f252fd2fa42b6bNL3iegvO02', 'https://kol-fans.fp.ps.netease.com/file/5f252bfd96dee490aa5c4f46fv1KHF9H02', 'https://kol-fans.fp.ps.netease.com/file/5f252bfd8b7427f910797804hNRauFg002', 'https://kol-fans.fp.ps.netease.com/file/5f252bfd143cfa3361ac09f003tA77Ka02']",2020-08-01 08:46:54
玩光遇之后的第张画！是我自己哦！,,指绘,13216****01,['https://kol-fans.fp.ps.netease.com/file/5f2514b37f9d2a75cda82902lWfClqmx02'],2020-08-01 07:07:32
试图从卡卡手中抢走小可爱,,游戏截图,13062****31,"['https://kol-fans.fp.ps.netease.com/file/5f250a0c7f9d2a09b6f48b2dXOcH9YdI02', 'https://kol-fans.fp.ps.netease.com/file/5f250a0c2786fd71acf025d4rjo03OOF02']",2020-08-01 06:22:04
雨林一起看彩虹,,游戏截图,溪水流啊流,['https://kol-fans.fp.ps.netease.com/file/5f25063b5e60277707eeb6c6VZzeiRKs02'],2020-08-01 06:05:48
温暖的灵魂，终将相遇。,,游戏截图,y****0322279,"['https://kol-fans.fp.ps.netease.com/file/5f24f7d1143cfa6cfc93ada5HIUd849U02', 'https://kol-fans.fp.ps.netease.com/file/5f24f7d196dee4c12c689ae670IghrOv02', 'https://kol-fans.fp.ps.netease.com/file/5f24f7d1a7f252c957f19fec309gBDga02', 'https://kol-fans.fp.ps.netease.com/file/5f24f7d12786fd25f4ecce13dI8WYp6y02']",2020-08-01 05:04:18
羽毛球双马尾,,游戏截图,13420****15,['https://kol-fans.fp.ps.netease.com/file/5f24d4f97f9d2a030fe06485ij5x9fZ802'],2020-08-01 02:35:38
冷寒的日常,,游戏截图,17786****19,"['https://kol-fans.fp.ps.netease.com/file/5f24c34a8b742738ac8da06aAdXXjUb002', 'https://kol-fans.fp.ps.netease.com/file/5f24c34a96dee491670de9b63IXuXbEj02', 'https://kol-fans.fp.ps.netease.com/file/5f24c34a5e6027d75c67eb770kzgTzkx02', 'https://kol-fans.fp.ps.netease.com/file/5f24c34a6f0494266f04091aL2EaTKbX02']",2020-08-01 01:20:12
🌈,,游戏截图,c****201505,['https://kol-fans.fp.ps.netease.com/file/5f24a8976f0494a2e6556b60GiExrKmi02'],2020-07-31 23:26:15
身高！！！！,,游戏截图,c****201505,['https://kol-fans.fp.ps.netease.com/file/5f24a7e98b7427a90d51dae48lfHqGSC02'],2020-07-31 23:23:21
温暖的灵魂，终将相遇,,游戏截图,c****201505,"['https://kol-fans.fp.ps.netease.com/file/5f24a72d8b74278269f366f10GUBVFrt02', 'https://kol-fans.fp.ps.netease.com/file/5f24a72da7f2520054b7b767JKHQXrBi02']",2020-07-31 23:20:14
刚好遇见你= =+,,视频,玖璃,['https://kol-fans.fp.ps.netease.com/file/5f2471ad96dee49754f3c4546c9ijiuc02'],2020-07-31 19:31:58
从雨林去霞谷的路上，在霞光城尽情飞翔,,游戏截图,朔望归期,"['https://kol-fans.fp.ps.netease.com/file/5f24421e96dee476fa4da894mLB3PG5o02', 'https://kol-fans.fp.ps.netease.com/file/5f24421e7f9d2a19efa8a43eyT6Fl25K02', 'https://kol-fans.fp.ps.netease.com/file/5f24421e96dee476fa4da896F9Cd2kGM02', 'https://kol-fans.fp.ps.netease.com/file/5f24421e143cfa4aca38519eJiYB8umv02']",2020-07-31 16:09:03
光遇彩蛋之作者宠物,,游戏截图,15279****64,"['https://kol-fans.fp.ps.netease.com/file/5f242d89a7f25253f1d98749szQjewaH02', 'https://kol-fans.fp.ps.netease.com/file/5f242d8996dee4d3e744e25355NmkUSr02', 'https://kol-fans.fp.ps.netease.com/file/5f242d8a96dee4ecb4ac6f85aCkkGil002', 'https://kol-fans.fp.ps.netease.com/file/5f242d8a143cfa1d8b203eca82v4iA2502']",2020-07-31 14:41:15
彩虹呀,,游戏截图,苏鲤w,['https://kol-fans.fp.ps.netease.com/file/5f2423b12786fd86e769a8e9REmuwUS002'],2020-07-31 13:59:13
小无翼与失踪先祖,,游戏截图,小格格,['https://kol-fans.fp.ps.netease.com/file/5f2418bf143cfa6f8bc25d266hWivi4D02'],2020-07-31 13:12:32
截然不同的世界,,游戏截图,光遇阿巴怪,"['https://kol-fans.fp.ps.netease.com/file/5f24106a5e60277058cb001ajkZIsVtw02', 'https://kol-fans.fp.ps.netease.com/file/5f24106a8b7427682d47991bH75BTWfM02']",2020-07-31 12:36:59
惊艳一瞬,,游戏截图,敢敢,"['https://kol-fans.fp.ps.netease.com/file/5f23fa5e6f049467ea70942cxZB4t5ip02', 'https://kol-fans.fp.ps.netease.com/file/5f23fa5e2786fd58ba8cc7a8WS778PB002', 'https://kol-fans.fp.ps.netease.com/file/5f23fa5e96dee4de37da80c2vUKvrBHZ02', 'https://kol-fans.fp.ps.netease.com/file/5f23fa5e7f9d2a3c73670adfIwghv0ds02']",2020-07-31 11:02:55
黄昏风景截图,,游戏截图,青楼丶听戏人,"['https://kol-fans.fp.ps.netease.com/file/5f23f52aa7f25216fea79252vNx4LrVk02', 'https://kol-fans.fp.ps.netease.com/file/5f23f52a7f9d2af238e556500NTQABMi02', 'https://kol-fans.fp.ps.netease.com/file/5f23f52ba7f252d92fd30a865PCpOFtQ02']",2020-07-31 10:40:43
和小可爱,,游戏截图,也甜,"['https://kol-fans.fp.ps.netease.com/file/5f23f1c87f9d2a067bc1e8278BIOa3xy02', 'https://kol-fans.fp.ps.netease.com/file/5f23f1c9a7f252e2afe230292tdVVvKN02', 'https://kol-fans.fp.ps.netease.com/file/5f23f1c92786fd23d57a7409u70lwLLk02', 'https://kol-fans.fp.ps.netease.com/file/5f23f1c95e60277f5aa5c44c9uFLlUyL02']",2020-07-31 10:26:18
棉花糖三人组,,游戏截图,18864****46,"['https://kol-fans.fp.ps.netease.com/file/5f23ea068b74274f0522c9d9ezBs3ruW02', 'https://kol-fans.fp.ps.netease.com/file/5f23ea07a7f2527ff9c32c8aMEiDwkxq02', 'https://kol-fans.fp.ps.netease.com/file/5f23ea098b74274f0522c9dct1btPHLM02', 'https://kol-fans.fp.ps.netease.com/file/5f23ea105e602787cf45684ffh9SV2JC02']",2020-07-31 09:53:24
霞谷风景照,,游戏截图,萬年鱼,"['https://kol-fans.fp.ps.netease.com/file/5f23ccb92786fde55309b602qNbfLUIC02', 'https://kol-fans.fp.ps.netease.com/file/5f23ccb996dee453375d286dRJdi7EB102']",2020-07-31 07:48:10
有形者.生于无形.无能生有.有归于无.境由心生。,,游戏截图,laolasi,['https://kol-fans.fp.ps.netease.com/file/5f2383e55e602712f5879ab6g9A4QPmb02'],2020-07-31 02:37:25
千鸟城下,,游戏截图,13420****15,['https://kol-fans.fp.ps.netease.com/file/5f2381d15e6027ea6722c4414KM16ofh02'],2020-07-31 02:28:34
千鸟城的邂逅,,游戏截图,榕,"['https://kol-fans.fp.ps.netease.com/file/5f23807b2786fd118f576501JwoIdwgb02', 'https://kol-fans.fp.ps.netease.com/file/5f23807c8b742795c2e2124f9E82j0OM02', 'https://kol-fans.fp.ps.netease.com/file/5f23807d5e6027dba608f3c20VbDSvzR02', 'https://kol-fans.fp.ps.netease.com/file/5f2380848b7427a03f2ae83fMMsB3mif02']",2020-07-31 02:23:09
遇见的幸运,,游戏截图,19525****25,"['https://kol-fans.fp.ps.netease.com/file/5f22ff286f04944f4abe9a06DyLzZ34a02', 'https://kol-fans.fp.ps.netease.com/file/5f22ff29143cfa8cf5f06d24L0ze52c302', 'https://kol-fans.fp.ps.netease.com/file/5f22ff296f04944f4abe9a07hc7tGimJ02', 'https://kol-fans.fp.ps.netease.com/file/5f22ff295e6027d94abe5a17tPV2jLNR02']",2020-07-30 17:11:06
背手真可爱,,游戏截图,13420****15,"['https://kol-fans.fp.ps.netease.com/file/5f22e7b86f0494fc78929679yMYM9aU902', 'https://kol-fans.fp.ps.netease.com/file/5f22e7b96f0494d5e468f371mww6iEe302']",2020-07-30 15:31:05
烤螃蟹真香~,,游戏截图,雨声,"['https://kol-fans.fp.ps.netease.com/file/5f22d00b2786fdffd0cea4e7GxkrvHl102', 'https://kol-fans.fp.ps.netease.com/file/5f22d00c8b7427c1f4e1ee41pBEBXJ1702']",2020-07-30 13:50:04
第一次去办公室 2020.7.18中午  ps.谢谢带我进去的小天使。,,游戏截图,为光,"['https://kol-fans.fp.ps.netease.com/file/5f22b9428b7427c7f497d96aY1ceNB2302', 'https://kol-fans.fp.ps.netease.com/file/5f22b9428b7427235e3054afNZy42mQ202']",2020-07-30 12:12:50
【光遇同人文】开坑啦！名字没有取好求给建议,"于这世间不羁的四万八千年以来，王女云伊最自豪的事情便是收了一个机灵的侍女小锦。是以，当白鸟族族长气势汹汹地冲向云野神庙向神王讨要说法的时候，正在神庙侧殿打理古籍的小侍女刚一听闻便立马传口信给了神女。

  神庙之人早已见惯不怪，十桩要案里，九桩都是神女在外面欠下的债。

  可这次，云伊确是愣了好一会，也想不出是何时何地招惹了白鸟族人。仔细反省近日作为之时，手里摆弄的活也一点都没落下。从晨岛最东端抱来的光束可是有期限的，现在在云伊手里软软的如同发丝一般，等再过一日便会硬化成光柱。等编织好了鸟屋的大致形状，再从云野上空随意采些云朵晒干铺在底层，新拐来的小千鸟便可以安心住下啦。

  等等，新拐来的……小千鸟？

  云伊望向在自己云床上熟睡的白色小鸟儿，又仔细端详了一番。一只小幼崽，浑身奶白色，兴许还在做梦，缩在几团云朵中间也不安分，仍会时不时地轻轻扑棱几下翅膀。

  虽说白鸟族和千鸟族水火不容，可两族同源，在外貌上，确是难以分辨。前几日这小鸟儿还没有灵识，在千鸟城城内乱飞，也不能怪她识错啊。

  云伊头疼得很。恐怕今日过后，整个天空王国的住民们又有了新的饭后谈资：神之女又惹新祸，白鸟族决裂云野。

  一根蜡烛过后，神庙大殿内的唇枪舌战进入到白热化阶段。",同人文,19946****50,[],2020-07-30 10:21:35
一年后再带你打卡,,游戏截图,17610****97,"['https://kol-fans.fp.ps.netease.com/file/5f2281825e602735b8de5dbdiYZdJfQi02', 'https://kol-fans.fp.ps.netease.com/file/5f228182a7f252b67f2fbd8fO82stJxI02', 'https://kol-fans.fp.ps.netease.com/file/5f22818296dee473ac624a2fzrRzAxhm02', 'https://kol-fans.fp.ps.netease.com/file/5f22818296dee487f144cb8853LWVgSz02']",2020-07-30 08:14:59
再见文学少女！,,游戏截图,17610****97,"['https://kol-fans.fp.ps.netease.com/file/5f22814c8b74276c2302591cBUysKiv002', 'https://kol-fans.fp.ps.netease.com/file/5f22814d96dee465637de3efPXsxp7rS02', 'https://kol-fans.fp.ps.netease.com/file/5f22814d7f9d2abc9cf8de34vr9I8N6v02', 'https://kol-fans.fp.ps.netease.com/file/5f22814d2786fdfae57108fbk0vcFuOu02']",2020-07-30 08:14:06
八嘎鸭肉,,游戏截图,13016****42,"['https://kol-fans.fp.ps.netease.com/file/5f2257ec7f9d2a93fb8cf38611O21VAl02', 'https://kol-fans.fp.ps.netease.com/file/5f2257ec6f049447bae0e9a3L1gfPkZB02', 'https://kol-fans.fp.ps.netease.com/file/5f2257ec6f0494f382659ba0yK2QiixQ02', 'https://kol-fans.fp.ps.netease.com/file/5f2257eca7f2525eb12c03b3DWxGuQBd02']",2020-07-30 05:17:33
温暖的灵魂终将相遇,,游戏截图,15989****82,['https://kol-fans.fp.ps.netease.com/file/5f2247f6a7f252377c97926c6WUJ1vEh02'],2020-07-30 04:09:27
墓土的🦀真凶 不过还是被我们征服了哈哈哈摆的❤可还行,,游戏截图,也甜,"['https://kol-fans.fp.ps.netease.com/file/5f221c237f9d2a964ccd26bcWHte1b4z02', 'https://kol-fans.fp.ps.netease.com/file/5f221c247f9d2a2aff5f2d1c77zjd7W602', 'https://kol-fans.fp.ps.netease.com/file/5f221c24a7f2520782677468dVirlx2F02', 'https://kol-fans.fp.ps.netease.com/file/5f221c2496dee41d70681dcbi6c9Xdi102']",2020-07-30 01:02:29
玩这个游戏都一直在肝其实停下来看一下风景你才知道这个游戏是一个很美很美的游戏,,游戏截图,q****571836,"['https://kol-fans.fp.ps.netease.com/file/5f21cc6d6f0494c978dd6c28lic8zZv602', 'https://kol-fans.fp.ps.netease.com/file/5f21cc6e2786fd86e5a56e708pyTxriZ02']",2020-07-29 19:22:22
美美哒雨妈,,游戏截图,十一,"['https://kol-fans.fp.ps.netease.com/file/5f21c3ad6f04943b1d88a9abZWQE4tJI02', 'https://kol-fans.fp.ps.netease.com/file/5f21c3ad8b7427d5ca3abdf501yPIg0202']",2020-07-29 18:45:02
白蜡烛大队！,,游戏截图,十一,"['https://kol-fans.fp.ps.netease.com/file/5f21c37fa7f25215299d678aVgdrRPt202', 'https://kol-fans.fp.ps.netease.com/file/5f21c37fa7f25215299d678bcQsZrEAy02']",2020-07-29 18:44:16
最美的千鸟城,,游戏截图,十一,"['https://kol-fans.fp.ps.netease.com/file/5f21c349a7f25203a531cb30Dz9ZcRUV02', 'https://kol-fans.fp.ps.netease.com/file/5f21c349a7f25203a531cb31fiXimEbF02']",2020-07-29 18:43:22
亲亲,,游戏截图,死桑,['https://kol-fans.fp.ps.netease.com/file/5f2193b57f9d2a41c79faa19k8r67z7702'],2020-07-29 15:20:21
光遇•归属,,游戏截图,18700****1316290,"['https://kol-fans.fp.ps.netease.com/file/5f217f567f9d2a9ee2b4c6d3jDhERDu102', 'https://kol-fans.fp.ps.netease.com/file/5f217f578b742776ad1c8f12DzO8i7ZK02']",2020-07-29 13:53:27
﻿和喜欢的人在一起,,游戏截图,17525****65,"['https://kol-fans.fp.ps.netease.com/file/5f217b088b74274c136062bcMeODorTe02', 'https://kol-fans.fp.ps.netease.com/file/5f217b082786fdb6227b69bfkUaqdSLh02', 'https://kol-fans.fp.ps.netease.com/file/5f217b092786fdae6790f405yLu2ST2502', 'https://kol-fans.fp.ps.netease.com/file/5f217b092786fdb6227b69c1cTgc9ZhL02']",2020-07-29 13:35:05
光遇日常截图,,游戏截图,谷嵇君,"['https://kol-fans.fp.ps.netease.com/file/5f21600f8b74278de0d8e7b1xI8di5Mo02', 'https://kol-fans.fp.ps.netease.com/file/5f21600f5e60278507d94e64meG3Xf0s02', 'https://kol-fans.fp.ps.netease.com/file/5f216010143cfa36d59c293dbURrrI2L02', 'https://kol-fans.fp.ps.netease.com/file/5f2160105e60278b1c853141lFAjFIVS02']",2020-07-29 11:40:02
无翼小可爱嘻嘻,,游戏截图,13420****15,['https://kol-fans.fp.ps.netease.com/file/5f214a127f9d2a26b04ace06xVr5vJJS02'],2020-07-29 10:06:11
可爱害羞,,游戏截图,13420****15,['https://kol-fans.fp.ps.netease.com/file/5f2149115e6027db48c104d73XaDO2oK02'],2020-07-29 10:01:53
美就完事了,,游戏截图,13420****15,['https://kol-fans.fp.ps.netease.com/file/5f2148ba8b7427050a7789c3MaqbEaO402'],2020-07-29 10:00:27
保护野生动物人人有责。,,同人绘,秋英,['https://kol-fans.fp.ps.netease.com/file/5f2130ad143cfa9da82f6a6fIKavIJQw02'],2020-07-29 08:17:50
光遇超级好看的啊！,,游戏截图,15061****02165501,"['https://kol-fans.fp.ps.netease.com/file/5f2130a66f0494c37e64c67do5UbR9yj02', 'https://kol-fans.fp.ps.netease.com/file/5f2130a6143cfab7d3db6bcejUhFhavM02']",2020-07-29 08:17:42
纯白之地的二人组,,游戏截图,死桑,"['https://kol-fans.fp.ps.netease.com/file/5f2130567f9d2a60c6e1553dQYJHNcRf02', 'https://kol-fans.fp.ps.netease.com/file/5f2130562786fd54d1821eabfLimRSBO02']",2020-07-29 08:16:23
骑怪兽,,游戏截图,死桑,['https://kol-fans.fp.ps.netease.com/file/5f21301596dee4419bcbdee4Iez2dFDB02'],2020-07-29 08:15:17
我旁边的有点A诶,,游戏截图,18321****25,['https://kol-fans.fp.ps.netease.com/file/5f212cc9143cfac3d5e2ee0cvRyhMHzS02'],2020-07-29 08:01:13
太极斗篷,,斗篷设计,15832****16,['https://kol-fans.fp.ps.netease.com/file/5f2115455e60272b39ce1c6axqx8DqpR02'],2020-07-29 06:20:54
两个人不小心被带走一不小心画了个爱心被我截到了,,游戏截图,13420****15,['https://kol-fans.fp.ps.netease.com/file/5f210aefa7f252695d77bc22qXf2iySp02'],2020-07-29 05:36:47
熬夜必备黑眼圈面具~,,游戏截图,猛男,['https://kol-fans.fp.ps.netease.com/file/5f20e2ffa7f252e8d81cf310bpoFqWyJ02'],2020-07-29 02:46:23
有趣的灵魂奇奇怪怪,,游戏截图,猛男,['https://kol-fans.fp.ps.netease.com/file/5f20e29796dee4997aff7819iK2sP4ua02'],2020-07-29 02:44:40
飞鸟,,游戏截图,黎,['https://kol-fans.fp.ps.netease.com/file/5f20d9348b7427b6e76a8323IQX3pcJU02'],2020-07-29 02:04:37
《矮人公主与拐杖骑士》,,游戏截图,君子兰,"['https://kol-fans.fp.ps.netease.com/file/5f20c5eaa7f252dd443d43afbmywEC0G02', 'https://kol-fans.fp.ps.netease.com/file/5f20c5ea6f0494a1d4173944cDufdONc02', 'https://kol-fans.fp.ps.netease.com/file/5f20c5ea6f0494def54ce116x56eiJGX02', 'https://kol-fans.fp.ps.netease.com/file/5f20c5eb8b74271c39a4c6f7W4dNrRZH02']",2020-07-29 00:42:20
遇光，遇你。,,游戏截图,淡然小幽,"['https://kol-fans.fp.ps.netease.com/file/5f206a466f0494e91278a4ddKeY0KhNt02', 'https://kol-fans.fp.ps.netease.com/file/5f206a46a7f252a2eb49ef92G2fKQu7i02', 'https://kol-fans.fp.ps.netease.com/file/5f206a476f0494bca77ea08300i981Ir02', 'https://kol-fans.fp.ps.netease.com/file/5f206a472786fd856b8ae54ds3jkeDz702']",2020-07-28 18:11:20
无聊来个自拍，大胡子真帅，我爱光遇,,游戏截图,18269****38,['https://kol-fans.fp.ps.netease.com/file/5f20570c8b74275e89686cfe7T3xwySH02'],2020-07-28 16:49:17
皮皮虾太可恶了,,游戏截图,锖兔,"['https://kol-fans.fp.ps.netease.com/file/5f2042fc5e6027c34799c2fczktMtHYU02', 'https://kol-fans.fp.ps.netease.com/file/5f2042fc7f9d2ac48d4480d2QjyBswGi02']",2020-07-28 15:23:40
𖠚ᐝ🥰,,游戏截图,锖兔,"['https://kol-fans.fp.ps.netease.com/file/5f20429d5e6027c34799c24fspONSPrm02', 'https://kol-fans.fp.ps.netease.com/file/5f20429da7f252b27c5071ce4AWgVG9r02']",2020-07-28 15:22:06
和朋友玩很开心,,游戏截图,锖兔,['https://kol-fans.fp.ps.netease.com/file/5f204228a7f252a8caac3e0aH3V6Wytr02'],2020-07-28 15:20:08
日常！！！,,游戏截图,15058****04,"['https://kol-fans.fp.ps.netease.com/file/5f20343c96dee4fcce7895e9syS2VEfN02', 'https://kol-fans.fp.ps.netease.com/file/5f20343d7f9d2a7489582de9yjiPPT6i02', 'https://kol-fans.fp.ps.netease.com/file/5f2034407f9d2a8c2a4fe936hUzIGH8X02', 'https://kol-fans.fp.ps.netease.com/file/5f2034426f049425432cadc9zx4JHutp02']",2020-07-28 14:21:00
棉花糖在千鸟城,,游戏截图,13628****26,"['https://kol-fans.fp.ps.netease.com/file/5f2030465e602702046524a0jdofilbA02', 'https://kol-fans.fp.ps.netease.com/file/5f2030466f0494e192e4b4c5maupmazC02']",2020-07-28 14:03:50
日常,,视频,18964****56,['https://kol-fans.fp.ps.netease.com/file/5f202d555e60272197cd60305GeZdIQi02'],2020-07-28 13:51:18
每日一遇,,游戏截图,13428****29,"['https://kol-fans.fp.ps.netease.com/file/5f2026a0143cfac49b27b9c3r1ibLLtV02', 'https://kol-fans.fp.ps.netease.com/file/5f2026a0a7f2522112e16c2eVZTF1CgZ02', 'https://kol-fans.fp.ps.netease.com/file/5f2026a0143cfac49b27b9c68qcpCD9u02', 'https://kol-fans.fp.ps.netease.com/file/5f2026a12786fd5579003e7eMKW8gxBe02']",2020-07-28 13:22:41
个人小照片,,游戏截图,小初音,"['https://kol-fans.fp.ps.netease.com/file/5f2023e3143cfacf13cba1456AzTAvzF02', 'https://kol-fans.fp.ps.netease.com/file/5f2023e32786fd01e12eb361dbw6i4v202', 'https://kol-fans.fp.ps.netease.com/file/5f2023e48b7427c8f096e544WKJziNl202', 'https://kol-fans.fp.ps.netease.com/file/5f2023e46f04948bd9c67424ihzDoOEP02']",2020-07-28 13:11:00
剑来2,,游戏截图,18111****33,"['https://kol-fans.fp.ps.netease.com/file/5f20221a2786fd204eac2a1fox2OFFg502', 'https://kol-fans.fp.ps.netease.com/file/5f20221a96dee4545eb89507O31O9Ht702', 'https://kol-fans.fp.ps.netease.com/file/5f20221a8b7427c06bd05b2bTJvCAFy202']",2020-07-28 13:03:23
剑来,,游戏截图,18111****33,"['https://kol-fans.fp.ps.netease.com/file/5f200ef36f0494d49c2a1907lHVozzS502', 'https://kol-fans.fp.ps.netease.com/file/5f200ef37f9d2a74dd50a89ePciolea002', 'https://kol-fans.fp.ps.netease.com/file/5f200ef396dee4b7a6e14d84jM936GxC02', 'https://kol-fans.fp.ps.netease.com/file/5f200ef3143cfa35504b5ea279V0OIfD02']",2020-07-28 11:41:40
给朋友画了个头像，感觉好丑，不喜勿喷,,同人绘,15010****71,['https://kol-fans.fp.ps.netease.com/file/5f2006f496dee472a5a3ffd902qv8eah02'],2020-07-28 11:07:32
暮土,,游戏截图,l****g20328,['https://kol-fans.fp.ps.netease.com/file/5f2000086f04944d77013bff7JYuRjwO02'],2020-07-28 10:38:00
打卡✖️1,,游戏截图,素诺-,"['https://kol-fans.fp.ps.netease.com/file/5f1fddb88b7427b9c309ae97u5zrJ0jq02', 'https://kol-fans.fp.ps.netease.com/file/5f1fddb86f0494aed67f03dcwhJouMiR02', 'https://kol-fans.fp.ps.netease.com/file/5f1fddb87f9d2a2d567cc655WR49fZts02', 'https://kol-fans.fp.ps.netease.com/file/5f1fddb82786fdf3a11b6674i6Gz45Pg02']",2020-07-28 08:11:38
👀💦！,,游戏截图,素诺-,"['https://kol-fans.fp.ps.netease.com/file/5f1fdc618b7427852918f77fP6cZgMFC02', 'https://kol-fans.fp.ps.netease.com/file/5f1fdc617f9d2a25f64a6ce0j6qGPv9G02']",2020-07-28 08:05:53
:D,,游戏截图,素诺-,"['https://kol-fans.fp.ps.netease.com/file/5f1fdc0796dee4c6937830157jrJdaxr02', 'https://kol-fans.fp.ps.netease.com/file/5f1fdc08143cfa49dc352921wqAaImRJ02', 'https://kol-fans.fp.ps.netease.com/file/5f1fdc082786fd12cd8d2d42OcFxVAXU02', 'https://kol-fans.fp.ps.netease.com/file/5f1fdc088b7427b9c309abf0KP45LisR02']",2020-07-28 08:04:25
烟花棒插喉咙,,游戏截图,死桑,['https://kol-fans.fp.ps.netease.com/file/5f1fd6fc8b7427942a14199eASNdhzpz02'],2020-07-28 07:42:52
黑暗,,游戏截图,2****47829,"['https://kol-fans.fp.ps.netease.com/file/5f1fd6717f9d2a095177777blFziTGbG02', 'https://kol-fans.fp.ps.netease.com/file/5f1fd67b96dee46eb680643fRx1lFdei02']",2020-07-28 07:40:44
卡龙的彩虹🌈烟火盛宴,,游戏截图,17313****94,"['https://kol-fans.fp.ps.netease.com/file/5f1fd6437f9d2ad84579cc01m1pi8PkT02', 'https://kol-fans.fp.ps.netease.com/file/5f1fd6445e60274398b5db8133RXV92202', 'https://kol-fans.fp.ps.netease.com/file/5f1fd6482786fdd21cd926cdbmWWbhoz02', 'https://kol-fans.fp.ps.netease.com/file/5f1fd64aa7f2528bd082b1ecxSIYxMBO02']",2020-07-28 07:39:58
星空梦,,游戏截图,2****47829,"['https://kol-fans.fp.ps.netease.com/file/5f1fd58496dee4499ad98448bu9ue96602', 'https://kol-fans.fp.ps.netease.com/file/5f1fd5846f04945ff883669eBa1Yo3eL02']",2020-07-28 07:36:42
奔你而来,,游戏截图,唐,['https://kol-fans.fp.ps.netease.com/file/5f1fc4617f9d2a73cf3f2ae4pJe3IW8R02'],2020-07-28 06:23:30
三生有幸，陪你三生三世,,游戏截图,夜纱的大狮子,"['https://kol-fans.fp.ps.netease.com/file/5f1fc1ee7f9d2a9e8f4942afC8HQ9igm02', 'https://kol-fans.fp.ps.netease.com/file/5f1fc1ee143cfa9a364876cbSk9xbgWZ02', 'https://kol-fans.fp.ps.netease.com/file/5f1fc1ee96dee49d20c7830dAO41AHXX02', 'https://kol-fans.fp.ps.netease.com/file/5f1fc1ee7f9d2a377d8d946epYdXF6wy02']",2020-07-28 06:13:03
遇见你,,游戏截图,x****e060706,['https://kol-fans.fp.ps.netease.com/file/5f1fb4756f04947637749386F552PCkS02'],2020-07-28 05:15:33
一起去爬山,,游戏截图,15365****42,['https://kol-fans.fp.ps.netease.com/file/5f1f80028b7427f4c46df88eqqmt1SRE02'],2020-07-28 01:31:46
孤狼的一天,,游戏截图,18280****51,['https://kol-fans.fp.ps.netease.com/file/5f1f05e25e6027cd303eabceO8mfoS9C02'],2020-07-27 16:50:43
悠闲的一天,,游戏截图,17318****23,['https://kol-fans.fp.ps.netease.com/file/5f1f03bb7f9d2a14618046abylBuq17702'],2020-07-27 16:41:32
盯,,游戏截图,18857****01,['https://kol-fans.fp.ps.netease.com/file/5f1ee48b7f9d2a60e25d35eboFGyYBV002'],2020-07-27 14:28:27
biu,,游戏截图,15536****49,"['https://kol-fans.fp.ps.netease.com/file/5f1ed4b68b742789907658efWtWxU7jz02', 'https://kol-fans.fp.ps.netease.com/file/5f1ed4b77f9d2a001b6b57b7j7E95gJ202', 'https://kol-fans.fp.ps.netease.com/file/5f1ed4b78b742789907658f12Ym9pwuV02']",2020-07-27 13:20:56
据说，狐狸活在黄昏,,游戏截图,君子兰,"['https://kol-fans.fp.ps.netease.com/file/5f1ecd9e5e6027567c7f3e0cAlar4ysA02', 'https://kol-fans.fp.ps.netease.com/file/5f1ecd9ea7f25261c89c0ecbiLwMyxDw02', 'https://kol-fans.fp.ps.netease.com/file/5f1ecd9e7f9d2a89c501560bPA0eWgDv02', 'https://kol-fans.fp.ps.netease.com/file/5f1ecd9e7f9d2ab2e96b20c32u0WbK5p02']",2020-07-27 12:50:39
Journey.旅途,,游戏截图,陌涵OuO,"['https://kol-fans.fp.ps.netease.com/file/5f1ec6f62786fd7f13d558a1U7Q0PsGk02', 'https://kol-fans.fp.ps.netease.com/file/5f1ec6f6a7f252fdf874ff78DevZ0xCU02', 'https://kol-fans.fp.ps.netease.com/file/5f1ec6f62786fd5a41096cb8TPKHrstK02', 'https://kol-fans.fp.ps.netease.com/file/5f1ec6f6143cfa02b87fc69dpVjpu8ZT02']",2020-07-27 12:22:17
天涯旅人？孤狼玩家！,,游戏截图,paft,"['https://kol-fans.fp.ps.netease.com/file/5f1eb7346f049469d41b4bb300h3P4oq02', 'https://kol-fans.fp.ps.netease.com/file/5f1eb7348b7427b1d76ada57SSCHV0Yr02', 'https://kol-fans.fp.ps.netease.com/file/5f1eb7348b7427a58ac82f50UhiHifQR02', 'https://kol-fans.fp.ps.netease.com/file/5f1eb7356f049462156966b1umuXYEqx02']",2020-07-27 11:15:01
我们在这里都学到了什么,,游戏截图,1****31147,['https://kol-fans.fp.ps.netease.com/file/5f1eaf3f2786fddef659506cW0OZSCR202'],2020-07-27 10:41:04
感谢光遇，遇见你们，拯救了我生生世世的孤独。,,游戏截图,15900****59,"['https://kol-fans.fp.ps.netease.com/file/5f1ea0126f0494ea9aa27372i9er6iU702', 'https://kol-fans.fp.ps.netease.com/file/5f1ea0128b74272c03ce24cdc2OMEhoD02', 'https://kol-fans.fp.ps.netease.com/file/5f1ea0122786fd6cb7e685cb5fSuY5tt02', 'https://kol-fans.fp.ps.netease.com/file/5f1ea01396dee402cac2cbe13QC7VY1h02']",2020-07-27 09:36:20
和萱萱第一次去办公室,,游戏截图,也甜,"['https://kol-fans.fp.ps.netease.com/file/5f1e8d1e7f9d2ae99d06df98WHeoYbB902', 'https://kol-fans.fp.ps.netease.com/file/5f1e8d1f143cfa1e6b86833f8AzIrcTc02', 'https://kol-fans.fp.ps.netease.com/file/5f1e8d207f9d2ad675f9fd081QDJ4TsV02', 'https://kol-fans.fp.ps.netease.com/file/5f1e8d217f9d2a0a2f9cea6fNLQdNAS402']",2020-07-27 08:15:29
虐狗的一天,,游戏截图,也甜,"['https://kol-fans.fp.ps.netease.com/file/5f1e8b6d2786fdc8aa0f1b5b1MDAYUGU02', 'https://kol-fans.fp.ps.netease.com/file/5f1e8b6d5e60274086ec6a837jXjKBE302', 'https://kol-fans.fp.ps.netease.com/file/5f1e8b6d143cfa41d5813c4dD6Y2wuk202', 'https://kol-fans.fp.ps.netease.com/file/5f1e8b6e8b7427918504d09d8GD10wfE02']",2020-07-27 08:08:15
雨林妈妈,,同人绘,18123****84,['https://kol-fans.fp.ps.netease.com/file/5f1e774f2786fd056b484b26hIlk9MyS02'],2020-07-27 06:42:23
记录第一次变小矮人的喜悦和在光遇的治愈时刻,,游戏截图,小天,"['https://kol-fans.fp.ps.netease.com/file/5f1e6e06a7f252c97ed79b52LSNXhLkS02', 'https://kol-fans.fp.ps.netease.com/file/5f1e6e07a7f252ef763672728DOjez3f02', 'https://kol-fans.fp.ps.netease.com/file/5f1e6e085e602748a7f25eadXcdz4YhV02', 'https://kol-fans.fp.ps.netease.com/file/5f1e6e086f0494784e63f33fWDB9dRKf02']",2020-07-27 06:02:50
这是人类的一小步，却是光遇人的一大步！,,游戏截图,君子兰,"['https://kol-fans.fp.ps.netease.com/file/5f1e4f058b74277be07ec7a9aLevd5W902', 'https://kol-fans.fp.ps.netease.com/file/5f1e4f052786fd2e44f0c295NtMDmlvL02', 'https://kol-fans.fp.ps.netease.com/file/5f1e4f0596dee48444fd7f55mrRcjSgM02', 'https://kol-fans.fp.ps.netease.com/file/5f1e4f055e602738e1e1be52lMgh73il02']",2020-07-27 03:50:30
好看就拍 ,,游戏截图,LUV南茶,"['https://kol-fans.fp.ps.netease.com/file/5f1dd4ba6f0494c708fbcd232qMA91oG02', 'https://kol-fans.fp.ps.netease.com/file/5f1dd4bb7f9d2a43e52a65eeaJ9idsmx02', 'https://kol-fans.fp.ps.netease.com/file/5f1dd4bc5e6027387dae3a55HskOwkWd02', 'https://kol-fans.fp.ps.netease.com/file/5f1dd4bda7f252fb4ca1e573VPeEbqQ402']",2020-07-26 19:08:48
强行不是孤狼hhh,,游戏截图,tide,"['https://kol-fans.fp.ps.netease.com/file/5f1da41ca7f25294bce9182af1wosiuz02', 'https://kol-fans.fp.ps.netease.com/file/5f1da41c143cfa00fe29734fT7LbZsiT02', 'https://kol-fans.fp.ps.netease.com/file/5f1da41d5e6027ef1180d433IzNX8VxL02']",2020-07-26 15:41:17
"午好啊,该起床了",,游戏截图,tide,"['https://kol-fans.fp.ps.netease.com/file/5f1da3da96dee4c16b3a5ec7DR8awTXO02', 'https://kol-fans.fp.ps.netease.com/file/5f1da3db2786fd30d3f75725BfpArC9B02']",2020-07-26 15:40:12
被拉着拖地的两人,,游戏截图,tide,"['https://kol-fans.fp.ps.netease.com/file/5f1da3628b7427e16fc184b1iW44XfoW02', 'https://kol-fans.fp.ps.netease.com/file/5f1da36296dee4bd7d52ae81rGOQtq5N02']",2020-07-26 15:38:11
"某天遇到一个躺着挂机的小黑,各种搞怪hhhh",,游戏截图,tide,"['https://kol-fans.fp.ps.netease.com/file/5f1da3255e6027ef1180d29ajDKGDSkS02', 'https://kol-fans.fp.ps.netease.com/file/5f1da326a7f2522f1ae10632iz0dN0Xs02', 'https://kol-fans.fp.ps.netease.com/file/5f1da3266f0494a23e16720dshjAkZEm02']",2020-07-26 15:37:11
﻿"第三个关注的好友,每天一起跑图(屁股点烟)",,游戏截图,tide,"['https://kol-fans.fp.ps.netease.com/file/5f1da2c72786fd2aa1c457d7sSGjqeQR02', 'https://kol-fans.fp.ps.netease.com/file/5f1da2c87f9d2a620b65e492PFDoNIxL02']",2020-07-26 15:35:36
"第二个关注的好友,一直没上线,等了好久啊",,游戏截图,tide,['https://kol-fans.fp.ps.netease.com/file/5f1da24f7f9d2a6045ebd365UZaG575i02'],2020-07-26 15:33:36
"摊在火上像是着火了,对面像在看着傻子hhh",,游戏截图,tide,"['https://kol-fans.fp.ps.netease.com/file/5f1da1c5143cfa00fe296f48PmexPIml02', 'https://kol-fans.fp.ps.netease.com/file/5f1da1c55e6027e2a283373b11uhrToW02']",2020-07-26 15:31:18
"加的第一个好友,牵的第一个手,后来他掉线了hhhh",,游戏截图,tide,"['https://kol-fans.fp.ps.netease.com/file/5f1da12c6f0494a13f1ddd4cqCw9iqNg02', 'https://kol-fans.fp.ps.netease.com/file/5f1da12d96dee49d93376e65m4bNl5BZ02', 'https://kol-fans.fp.ps.netease.com/file/5f1da13196dee4bd7d52aa77XHJsR29d02', 'https://kol-fans.fp.ps.netease.com/file/5f1da1357f9d2a4ae2e0f66f0vMsfZfo02']",2020-07-26 15:28:54
谁说夜晚不能会有彩🌈红的？,,游戏截图,君子兰,"['https://kol-fans.fp.ps.netease.com/file/5f1d91fe8b742795d1614a135OaUD4FJ02', 'https://kol-fans.fp.ps.netease.com/file/5f1d91ff6f04944bcb62475f8EbumiEb02', 'https://kol-fans.fp.ps.netease.com/file/5f1d91ffa7f252b18eb4a56dyIifYEGq02', 'https://kol-fans.fp.ps.netease.com/file/5f1d91ffa7f252cfeeac56db2fTUNok802']",2020-07-26 14:24:01
光•遇,,游戏截图,喝橙汁不吃橙子,['https://kol-fans.fp.ps.netease.com/file/5f1d8543a7f2524518ea56d5uWy9MFVf02'],2020-07-26 13:29:40
孤＂狼＂的我,,游戏截图,13013****90,"['https://kol-fans.fp.ps.netease.com/file/5f1d82345e602700df6ce7d7ZL6CziTQ02', 'https://kol-fans.fp.ps.netease.com/file/5f1d8236a7f252643d515b0e8BGORaEK02', 'https://kol-fans.fp.ps.netease.com/file/5f1d823796dee4b64c11ac85rfThjB7d02']",2020-07-26 13:16:41
光遇让我遇见了你,,游戏截图,13013****90,"['https://kol-fans.fp.ps.netease.com/file/5f1d81828b7427e603f5e9d7HXDvTA9902', 'https://kol-fans.fp.ps.netease.com/file/5f1d8183a7f252643d515a4ebrFMW0dI02', 'https://kol-fans.fp.ps.netease.com/file/5f1d81847f9d2a7dedc86545Fd3PPgjF02', 'https://kol-fans.fp.ps.netease.com/file/5f1d8184143cfa15c009be5cb0OgSJXt02']",2020-07-26 13:13:42
一人随风摇摆,,视频,1****31147,['https://kol-fans.fp.ps.netease.com/file/5f1d70785e602778569a0b34bK2J9MdP02'],2020-07-26 12:00:57
阿巴阿巴,,游戏截图,1****31147,"['https://kol-fans.fp.ps.netease.com/file/5f1d6c4a2786fdedcd9ee9dbYaq0TWf502', 'https://kol-fans.fp.ps.netease.com/file/5f1d6c4aa7f252bfbeea6164220bUxZj02']",2020-07-26 11:43:07
回到最初的起点,,游戏截图,15279****64,"['https://kol-fans.fp.ps.netease.com/file/5f1d66eaa7f252cf11512a55OG1gxK8T02', 'https://kol-fans.fp.ps.netease.com/file/5f1d66ed143cfa8676bf8d84j7Ky5b8J02', 'https://kol-fans.fp.ps.netease.com/file/5f1d66f4143cfa87c6cee221VkYj2BoC02', 'https://kol-fans.fp.ps.netease.com/file/5f1d66fb8b742753e4f7b827Wr8ziBoX02']",2020-07-26 11:20:32
遇见,,游戏截图,1****31147,"['https://kol-fans.fp.ps.netease.com/file/5f1d66765e602779ca440fcfMb12Tx9O02', 'https://kol-fans.fp.ps.netease.com/file/5f1d66762786fd6195d1df8fMIG98PDg02']",2020-07-26 11:18:15
光遇同人，第一个好朋友,,同人绘,15027****55,['https://kol-fans.fp.ps.netease.com/file/5f1d38217f9d2a2d3ce11d97Q8DSGmLi02'],2020-07-26 08:00:34
彩虹🌈,,游戏截图,c****10115,['https://kol-fans.fp.ps.netease.com/file/5f1d318a6f0494297a2c4be63qDtHZuA02'],2020-07-26 07:32:27
我擦好美😢 ,,游戏截图,w****e12,"['https://kol-fans.fp.ps.netease.com/file/5f1d1e8696dee4e0dc4de7238kNNPvfk02', 'https://kol-fans.fp.ps.netease.com/file/5f1d1e868b7427b714c8906dSDUlh1BY02']",2020-07-26 06:11:19
站的高望的远,,游戏截图,阿娴,['https://kol-fans.fp.ps.netease.com/file/5f1d14547f9d2af70a7f6399MgNLOfmG02'],2020-07-26 05:27:48
一家人整整齐齐,,游戏截图,也甜,"['https://kol-fans.fp.ps.netease.com/file/5f1cf8576f0494b17888b172DEGNyONk02', 'https://kol-fans.fp.ps.netease.com/file/5f1cf8578b7427dad1898a9dDj4hN7sH02', 'https://kol-fans.fp.ps.netease.com/file/5f1cf8578b7427ed610a5d36IvBd8dVg02', 'https://kol-fans.fp.ps.netease.com/file/5f1cf8582786fd62c26cca6fKOmcXX0m02']",2020-07-26 03:28:24
芜湖！,,游戏截图,阿娴,"['https://kol-fans.fp.ps.netease.com/file/5f1cf5955e60277fc2020411zdlUY4M102', 'https://kol-fans.fp.ps.netease.com/file/5f1cf5956f0494b17888aeea9xVTNSi702']",2020-07-26 03:16:38
一起长大,,游戏截图,也甜,"['https://kol-fans.fp.ps.netease.com/file/5f1cf48a7f9d2a7071b41f5cYqa3tFmS02', 'https://kol-fans.fp.ps.netease.com/file/5f1cf48a6f0494b757e3590ddT7KFoa702', 'https://kol-fans.fp.ps.netease.com/file/5f1cf48a7f9d2a11ff645708iQMprSM802', 'https://kol-fans.fp.ps.netease.com/file/5f1cf48b5e60276a781f3ad63FzpH71E02']",2020-07-26 03:12:12
不认识女人，还抢我的火苗,,游戏截图,15731****34,['https://kol-fans.fp.ps.netease.com/file/5f1c5a965e6027c8d5676eb2mc4i64hp02'],2020-07-25 16:15:19
龙卡大法好,,游戏截图,15010****15,['https://kol-fans.fp.ps.netease.com/file/5f1c5a3096dee4193578cb31RTiUrxQb02'],2020-07-25 16:13:37
要不要一起烤螃蟹，我请你啊,,游戏截图,15731****34,['https://kol-fans.fp.ps.netease.com/file/5f1c59015e6027cab6025b0aWPtqQlDo02'],2020-07-25 16:08:34
治愈系图片希望你看到这道彩虹，都很开心，忘掉所有的不愉快，让我们一起愉快的飞翔,,游戏截图,15223****19,['https://kol-fans.fp.ps.netease.com/file/5f1c350b2786fd1d1f27f636vZLSkRYg02'],2020-07-25 13:35:07
感谢你我相遇,,游戏截图,15970****12,"['https://kol-fans.fp.ps.netease.com/file/5f1c21327f9d2ab1d78bbd32dPPfEiJQ02', 'https://kol-fans.fp.ps.netease.com/file/5f1c2132143cfa6047cd69d2l8b28yVV02', 'https://kol-fans.fp.ps.netease.com/file/5f1c21326f04942425b4f0f1TVjam8bb02']",2020-07-25 12:10:26
在？兄弟？给个火,,游戏截图,15970****12,['https://kol-fans.fp.ps.netease.com/file/5f1c202b8b74274a47a3abbdXTSIrDjm02'],2020-07-25 12:06:03
云骨,,游戏截图,18081****16,['https://kol-fans.fp.ps.netease.com/file/5f1c067fa7f252b6f61df124h1ZuCBAZ02'],2020-07-25 10:16:32
禁阁随拍,,游戏截图,未末。。,"['https://kol-fans.fp.ps.netease.com/file/5f1bfa3d2786fdc73ab5914bEct2R7vB02', 'https://kol-fans.fp.ps.netease.com/file/5f1bfa3f6f0494bd249470a9EQPHJtEI02', 'https://kol-fans.fp.ps.netease.com/file/5f1bfa4096dee4e9443c3bbeYkzugs7y02']",2020-07-25 09:24:17
小小一只（纯手绘）,,同人绘,小梅,['https://kol-fans.fp.ps.netease.com/file/5f1bf7506f04942621591fb11okX6clr02'],2020-07-25 09:11:44
第一次重生,,游戏截图,未末。。,"['https://kol-fans.fp.ps.netease.com/file/5f1bf65196dee4e9443c38b6WM8pA73p02', 'https://kol-fans.fp.ps.netease.com/file/5f1bf651a7f25257af8f7ea5tcBri4oJ02', 'https://kol-fans.fp.ps.netease.com/file/5f1bf6518b74271f7a432050AJl6mQm402']",2020-07-25 09:07:30
我的光遇游行记,,游戏截图,13268****09,"['https://kol-fans.fp.ps.netease.com/file/5f1bf160143cfa1c1520ced0RR2de90x02', 'https://kol-fans.fp.ps.netease.com/file/5f1bf1615e60270c3189fa7bgc1oRwQ502', 'https://kol-fans.fp.ps.netease.com/file/5f1bf1642786fd9c656de218IXvPR7qW02', 'https://kol-fans.fp.ps.netease.com/file/5f1bf16596dee4ef575ecd2frwNjtk3v02']",2020-07-25 08:46:38
幸好一路有你，千秋😘,,游戏截图,15918****64,"['https://kol-fans.fp.ps.netease.com/file/5f1be75e96dee4c282a48aa0Ok0Rhid502', 'https://kol-fans.fp.ps.netease.com/file/5f1be75e7f9d2a716da1cb24ebgrFBGw02', 'https://kol-fans.fp.ps.netease.com/file/5f1be75e143cfac541ddd931VzuueKPD02', 'https://kol-fans.fp.ps.netease.com/file/5f1be75fa7f252171f2d0f49JopNHcJB02']",2020-07-25 08:03:43
天空澄碧，纤云不染,,游戏截图,17633****14,['https://kol-fans.fp.ps.netease.com/file/5f1be1a8a7f252a614920841xm8G3Qbe02'],2020-07-25 07:39:21
陌生,,游戏截图,君子兰,['https://kol-fans.fp.ps.netease.com/file/5f1bc6ea5e60273f6da9ed28bHi1vGvL02'],2020-07-25 05:45:15
温暖的灵魂终会相遇,,游戏截图,濒殒,['https://kol-fans.fp.ps.netease.com/file/5f1bb8be6f0494b2f44b4d7ftImkC9tm02'],2020-07-25 04:44:46
方舟免费魔法的罐子里取暖,,游戏截图,死桑,['https://kol-fans.fp.ps.netease.com/file/5f1bb024143cfa8a7f95e5a71fz7P8HH02'],2020-07-25 04:08:05
摸了一个卡卡西w,,同人绘,王京夜,['https://kol-fans.fp.ps.netease.com/file/5f1ae9452786fdccb8d01abaKVqVWJtj02'],2020-07-24 13:59:34
All is well 包括相遇,,游戏截图,15391****21,"['https://kol-fans.fp.ps.netease.com/file/5f1ae6997f9d2ac27aa1985cOTO9a7N502', 'https://kol-fans.fp.ps.netease.com/file/5f1ae6998b742706c58b773fL4AfR2gl02', 'https://kol-fans.fp.ps.netease.com/file/5f1ae6992786fdb56c09cab9s3Rl3H0k02']",2020-07-24 13:48:10
小龙龙你追不上我,,游戏截图,Celia,['https://kol-fans.fp.ps.netease.com/file/5f1adf827f9d2a8020e70d94cFBp1gDr02'],2020-07-24 13:17:54
相遇,,游戏截图,黑黑,"['https://kol-fans.fp.ps.netease.com/file/5f1adbd75e6027499545d40ageY0gP9s02', 'https://kol-fans.fp.ps.netease.com/file/5f1adbd77f9d2a19adfb8102V2UbMCk102']",2020-07-24 13:02:15
小狂欢,,昨日是非,昨日是非,['https://kol-fans.fp.ps.netease.com/file/5f1abdd46f0494f6ad2513f5VsjHViUu02'],2020-07-24 10:54:12
生日聚会,,生日,皓晨,"['https://kol-fans.fp.ps.netease.com/file/5f1ab5687f9d2a6b6dc08697qfK26aHY02', 'https://kol-fans.fp.ps.netease.com/file/5f1ab56896dee4022b1f07d4QGIvR5AK02', 'https://kol-fans.fp.ps.netease.com/file/5f1ab5687f9d2a9e9c6a1f0eYNB2YuiA02']",2020-07-24 10:18:17
光遇,,游戏截图,13801****47,"['https://kol-fans.fp.ps.netease.com/file/5f1aad9f6f0494807bb4b891Wc6XGyNc02', 'https://kol-fans.fp.ps.netease.com/file/5f1aad9f8b742759f52d325dY38Puv7i02', 'https://kol-fans.fp.ps.netease.com/file/5f1aad9f8b74278b8f623814op3Zcou002', 'https://kol-fans.fp.ps.netease.com/file/5f1aada72786fd3271af562ae37ThRei02']",2020-07-24 09:45:12
作为一颗花椰菜要好好晒太阳丫,,游戏截图,黑巧小笼包,"['https://kol-fans.fp.ps.netease.com/file/5f1a940e96dee40eb0a1fa0epZoWqNZd02', 'https://kol-fans.fp.ps.netease.com/file/5f1a940e143cfaf165961e74jgT711qc02', 'https://kol-fans.fp.ps.netease.com/file/5f1a940f143cfa0bd3a2201cvVsUP7Jq02', 'https://kol-fans.fp.ps.netease.com/file/5f1a940fa7f252367728ad1cuFXXlhSq02']",2020-07-24 07:56:00
终将重生,,游戏截图,死桑,['https://kol-fans.fp.ps.netease.com/file/5f1a89895e6027736e97f659RMTY9jJd02'],2020-07-24 07:11:05
哈哈哈哈哈哈哈哈哈哈笑死,,游戏截图,死桑,['https://kol-fans.fp.ps.netease.com/file/5f1a89568b74278a9ffff935EH43NBxX02'],2020-07-24 07:10:14
游戏不是只有你一个人，串线让我们相遇,,游戏截图,死桑,['https://kol-fans.fp.ps.netease.com/file/5f1a87d78b74278a9ffff684ejU7rNKF02'],2020-07-24 07:03:52
光遇火锅店开业啦,,游戏截图,黑巧小笼包,['https://kol-fans.fp.ps.netease.com/file/5f1a6db66f049497b0f37bb2OwuGYugw02'],2020-07-24 05:12:23
嘿嘿嘿,,视频,牙牙乐,['https://kol-fans.fp.ps.netease.com/file/5f1a69a7143cfa862811fedbkjpJvjJe02'],2020-07-24 04:55:04
羡慕国服有卡卡西的玩家,,游戏截图,牙牙乐,"['https://kol-fans.fp.ps.netease.com/file/5f1a6968a7f252e992fd6c9f8xIrL5Ha02', 'https://kol-fans.fp.ps.netease.com/file/5f1a696b96dee4867f038620HeQCGfTy02']",2020-07-24 04:54:11
献祭.重生.,,游戏截图,13662****50,"['https://kol-fans.fp.ps.netease.com/file/5f1a542c5e6027c80dde6c70chKBgvlM02', 'https://kol-fans.fp.ps.netease.com/file/5f1a542c143cfa0a4d1ddd910js3pDCG02']",2020-07-24 03:23:24
害怕😱这是哪里？这个女的是谁,,游戏截图,z****20050923,['https://kol-fans.fp.ps.netease.com/file/5f1a1e99a7f252df0c3a46ebfhcSZ3pJ02'],2020-07-23 23:34:50
不是吧？我和汪汪，莫名情头😂,,游戏截图,z****20050923,"['https://kol-fans.fp.ps.netease.com/file/5f1a1e047f9d2a7b43e88e30bIs00SKO02', 'https://kol-fans.fp.ps.netease.com/file/5f1a1e042786fd2e310ddbcbgY92kxCJ02']",2020-07-23 23:32:20
混入一个小黑,,游戏截图,15557****02,"['https://kol-fans.fp.ps.netease.com/file/5f1a0a5b7f9d2ace5ca1b8d6RwK6ilRR02', 'https://kol-fans.fp.ps.netease.com/file/5f1a0a5b143cfa156930ca49debFpwOR02', 'https://kol-fans.fp.ps.netease.com/file/5f1a0a5c2786fdb5cb344fd9Kuus9hz402', 'https://kol-fans.fp.ps.netease.com/file/5f1a0a5c5e6027857cd779a2LVzNXbct02']",2020-07-23 22:08:28
自带特效,,游戏截图,15557****02,['https://kol-fans.fp.ps.netease.com/file/5f1a097e8b7427ffa09532d1QdhSJgxs02'],2020-07-23 22:04:46
一些纪念,,游戏截图,k****48,"['https://kol-fans.fp.ps.netease.com/file/5f19b0ec5e6027fa8f68abf30bERp8UI02', 'https://kol-fans.fp.ps.netease.com/file/5f19b0ec7f9d2a2d42b91d31YiPWw9g802', 'https://kol-fans.fp.ps.netease.com/file/5f19b0ec5e6027e87350087dCJkZkOfS02', 'https://kol-fans.fp.ps.netease.com/file/5f19b0ed2786fdfdf8682cb5xiq3zObg02']",2020-07-23 15:46:54
一张因为BUG产生的照片,,游戏截图,桃卯,['https://kol-fans.fp.ps.netease.com/file/5f19a59e5e60277b35903156f4I1kflg02'],2020-07-23 14:58:39
我 又 行 了,,游戏截图,桃卯,['https://kol-fans.fp.ps.netease.com/file/5f19a52aa7f252943ecdf4ccImEsmutx02'],2020-07-23 14:56:43
和小黑人们的快乐时光～,,游戏截图,阿娴,"['https://kol-fans.fp.ps.netease.com/file/5f197fcd143cfaa1bc99d73bRmAwMExW02', 'https://kol-fans.fp.ps.netease.com/file/5f197fcd96dee41297c43559uUL3D3Wz02']",2020-07-23 12:17:17
古老而神秘的仪式,,游戏截图,y****245913,['https://kol-fans.fp.ps.netease.com/file/5f1979222786fdacc9cd8f3fhzMRI0PS02'],2020-07-23 11:48:51
自制国际服140的徽章，虽然没啥功能，但就是便宜！,,手作,悦梅,['https://kol-fans.fp.ps.netease.com/file/5f1950966f0494cbe0d6473fqLIUqg1x02'],2020-07-23 08:55:50
﻿画了个小揪揪，第一次画这样的,,同人绘,佰羽落,['https://kol-fans.fp.ps.netease.com/file/5f193e657f9d2a125ad87264K8lKp0Da02'],2020-07-23 07:38:13
你是否也曾期待过,,游戏截图,19525****25,"['https://kol-fans.fp.ps.netease.com/file/5f18e242a7f2528ecd1bbae2mViakeYD02', 'https://kol-fans.fp.ps.netease.com/file/5f18e24296dee454dd481e7byvm8f35m02']",2020-07-23 01:05:06
花开了，你在哪？,,游戏截图,19525****25,['https://kol-fans.fp.ps.netease.com/file/5f18e14e5e60275f4e9f8843pw0fU53Q02'],2020-07-23 01:01:02
纵然孤独一生，仍有青灯相伴,,游戏截图,19525****25,"['https://kol-fans.fp.ps.netease.com/file/5f18dffda7f2521667783421kt6c5UST02', 'https://kol-fans.fp.ps.netease.com/file/5f18dffd5e602773280e7829dMpKIDCV02']",2020-07-23 00:55:25
与螃蟹的快乐之旅（bushi）,,游戏截图,r****iang,"['https://kol-fans.fp.ps.netease.com/file/5f18dc952786fd46b173f395sBvIMhd002', 'https://kol-fans.fp.ps.netease.com/file/5f18dc96a7f25216677832ccUokz0RoQ02', 'https://kol-fans.fp.ps.netease.com/file/5f18dc977f9d2a3a5c5e9230afb2tIPO02', 'https://kol-fans.fp.ps.netease.com/file/5f18dc976f04948493ff43f5eQZ02GiU02']",2020-07-23 00:40:56
一 本 正 经,,游戏截图,r****iang,"['https://kol-fans.fp.ps.netease.com/file/5f18dc5e2786fd457cd429c0wVMm3fjA02', 'https://kol-fans.fp.ps.netease.com/file/5f18dc5e8b74275a08bbbfbeiwEWRLZh02']",2020-07-23 00:39:58
夕日欲颓,,游戏截图,r****iang,['https://kol-fans.fp.ps.netease.com/file/5f18dbfb6f0494d0a4b1e72ajPF5E9rj02'],2020-07-23 00:38:20
来吧抱抱~,,游戏截图,零度,['https://kol-fans.fp.ps.netease.com/file/5f18d8f62786fd3909a5b688bbkGqQiE02'],2020-07-23 00:25:27
心境平和无比舒适,,游戏截图,零度,['https://kol-fans.fp.ps.netease.com/file/5f18d8e0a7f2521667783143vTqQeFiG02'],2020-07-23 00:25:04
三个自带光芒的傻屌,,游戏截图,零度,['https://kol-fans.fp.ps.netease.com/file/5f18d88ca7f2521667783128jGe0wSQt02'],2020-07-23 00:23:40
男女通吃才是王道,,游戏截图,零度,"['https://kol-fans.fp.ps.netease.com/file/5f18d84c96dee447759013de33XGbuqi02', 'https://kol-fans.fp.ps.netease.com/file/5f18d84d96dee44abf6fab0dLE7DSMAz02']",2020-07-23 00:22:37
承受了他不该承受的重量,,游戏截图,零度,['https://kol-fans.fp.ps.netease.com/file/5f18d4fe143cfab0a7a0a6b3vrsIyRXL02'],2020-07-23 00:08:30
我在光遇凑数的日子,,游戏截图,13398****12,"['https://kol-fans.fp.ps.netease.com/file/5f18ce685e60271a075a9f60iuD4dVqi02', 'https://kol-fans.fp.ps.netease.com/file/5f18ce69143cfa1ad1bff009Dp6KUM5i02', 'https://kol-fans.fp.ps.netease.com/file/5f18ce6a8b74272f21b932eaP0KtrkCL02']",2020-07-22 23:40:51
哒哒哒,,游戏截图,2****95272,"['https://kol-fans.fp.ps.netease.com/file/5f18cd12143cfa528019f286UhylukLr02', 'https://kol-fans.fp.ps.netease.com/file/5f18cd127f9d2a01da0a0d1bxjb8Ty7W02', 'https://kol-fans.fp.ps.netease.com/file/5f18cd12a7f252e7d5f3a1cdLeEZMoyy02', 'https://kol-fans.fp.ps.netease.com/file/5f18cd1296dee4ea34d89c7fOih4ADT002']",2020-07-22 23:34:43
期待与你相遇,,游戏截图,anger蓝猫,"['https://kol-fans.fp.ps.netease.com/file/5f187b4f143cfa2ad242f7e8hbgZV6rw02', 'https://kol-fans.fp.ps.netease.com/file/5f187b515e60270ade6b145fuHatL0p602']",2020-07-22 17:45:54
来一波暗黑风格,,游戏截图,LUV南茶,"['https://kol-fans.fp.ps.netease.com/file/5f1863f97f9d2aeeb3961bf7J866rJVe02', 'https://kol-fans.fp.ps.netease.com/file/5f1863f9143cfaf883267de4VqpwgEHR02', 'https://kol-fans.fp.ps.netease.com/file/5f1863fa8b74271eda5d0e66JXmm2tjo02', 'https://kol-fans.fp.ps.netease.com/file/5f1863fa96dee44885884e92wsdKBau502']",2020-07-22 16:06:20
觉得好看就拍一张 现在手机满满的,,游戏截图,LUV南茶,"['https://kol-fans.fp.ps.netease.com/file/5f18628d7f9d2aa765e58c13LtfVJdYl02', 'https://kol-fans.fp.ps.netease.com/file/5f18628d7f9d2aec1e3f81afHgXHgSAm02', 'https://kol-fans.fp.ps.netease.com/file/5f18628e5e6027ade070e75733QAy7eZ02', 'https://kol-fans.fp.ps.netease.com/file/5f18628ea7f252d75a91dfabgkOLsquk02']",2020-07-22 16:00:15
串线的皮皮虾？,,游戏截图,青丘狐_小冰,['https://kol-fans.fp.ps.netease.com/file/5f18589a96dee4fb3d43624dE48xj6uo02'],2020-07-22 15:17:47
啧，卡进方舟的蝴蝶罐了。我说你TM倒是放我出去，啊？,,游戏截图,青丘狐_小冰,"['https://kol-fans.fp.ps.netease.com/file/5f1857ed8b7427ce0c4e25bfeeFON8Pi02', 'https://kol-fans.fp.ps.netease.com/file/5f1857ee5e602750d7c97f201Ttl1U1W02', 'https://kol-fans.fp.ps.netease.com/file/5f1857ee143cfab7230d5c56roVvIpPS02', 'https://kol-fans.fp.ps.netease.com/file/5f1857ee2786fd583ba71987ycrzpFsx02']",2020-07-22 15:14:55
今天调身高时遇见卡卡西了啊,,游戏截图,青丘狐_小冰,['https://kol-fans.fp.ps.netease.com/file/5f185737a7f25264942e2bedI8IQxK2F02'],2020-07-22 15:11:51
光之子真的好可爱呀,,同人绘,15869****65,['https://kol-fans.fp.ps.netease.com/file/5f1854b296dee4f8968d17b81OLeVGaC02'],2020-07-22 15:01:07
你是我的可遇不可求,,游戏截图,sky.飞,"['https://kol-fans.fp.ps.netease.com/file/5f1841f67f9d2a2e6f6bd5744weR25Uh02', 'https://kol-fans.fp.ps.netease.com/file/5f1841f6143cfa0d71834585D2GaO2rj02']",2020-07-22 13:41:11
七月偏逢雨，无光也无你,,游戏截图,13595****91,"['https://kol-fans.fp.ps.netease.com/file/5f1825d28b74279153c306b7SxztlUrH02', 'https://kol-fans.fp.ps.netease.com/file/5f1825d396dee46dab97ef32RZPoybi002']",2020-07-22 11:41:07
夜空烟火,,游戏截图,也生哦,['https://kol-fans.fp.ps.netease.com/file/5f181e0a2786fdf3c82dfa68NovPkSMG02'],2020-07-22 11:07:54
彩虹,,游戏截图,暖兮,['https://kol-fans.fp.ps.netease.com/file/5f181d977f9d2a38fa3ccf7cTpGEJYbS02'],2020-07-22 11:05:59
千鸟城-你说要和最好的朋友来一次,,游戏截图,15348****02,"['https://kol-fans.fp.ps.netease.com/file/5f17cacd143cfa5a8effdb2bila9wYOd02', 'https://kol-fans.fp.ps.netease.com/file/5f17cacd7f9d2afd98287419XyHziPhj02', 'https://kol-fans.fp.ps.netease.com/file/5f17cacd7f9d2ad3c2e537cezqPV2oHT02', 'https://kol-fans.fp.ps.netease.com/file/5f17cacd7f9d2afd9828741aeWM3LQXu02']",2020-07-22 05:12:46
愿你永远有人相伴,,游戏截图,19525****25,"['https://kol-fans.fp.ps.netease.com/file/5f17bd496f049488ff520c7fqsfMWLE502', 'https://kol-fans.fp.ps.netease.com/file/5f17bd496f0494253c584eb8STQZK9zS02', 'https://kol-fans.fp.ps.netease.com/file/5f17bd4a5e6027d301f4114aZeRDTct202', 'https://kol-fans.fp.ps.netease.com/file/5f17bd4a143cfa26d2552be6SfZaU6DR02']",2020-07-22 04:15:07
篝火音乐会,,游戏截图,黑巧小笼包,"['https://kol-fans.fp.ps.netease.com/file/5f179a348b7427bfb739b30fzA7HrB8G02', 'https://kol-fans.fp.ps.netease.com/file/5f179a352786fd772b5088d6GOVFyTqF02']",2020-07-22 01:45:25
一个人的献祭,,游戏截图,黑巧小笼包,"['https://kol-fans.fp.ps.netease.com/file/5f1795f4143cfaeec764d6c2mjQs15BX02', 'https://kol-fans.fp.ps.netease.com/file/5f1795f57f9d2a93b6ba24d8qKFwJQsU02', 'https://kol-fans.fp.ps.netease.com/file/5f1795f596dee476e63a0962mGcayuvx02', 'https://kol-fans.fp.ps.netease.com/file/5f1795f55e602772d74cf2486Mzhdjm002']",2020-07-22 01:27:19
可爱的朋友哟,,游戏截图,小小,"['https://kol-fans.fp.ps.netease.com/file/5f1707417f9d2a5853c23ae77MSHFQPB02', 'https://kol-fans.fp.ps.netease.com/file/5f1707428b7427a9bca38090Mr46ziiR02', 'https://kol-fans.fp.ps.netease.com/file/5f17074396dee4d37a23bbe1WOHbwo6g02', 'https://kol-fans.fp.ps.netease.com/file/5f170744a7f2525374b6c1a8L4CDRdp902']",2020-07-21 15:18:35
在星辉斑斓里漫步,,游戏截图,雨声,['https://kol-fans.fp.ps.netease.com/file/5f16f82996dee490928d94c4SVgSj3sJ02'],2020-07-21 14:14:01
等不到你的雪月风花，我们的爱有时差,,游戏截图,17780****82,['https://kol-fans.fp.ps.netease.com/file/5f16ec388b7427dcab8dc73esz4UU4Gy02'],2020-07-21 13:23:04
半年来在光遇的点点滴滴,,游戏截图,13801****47,"['https://kol-fans.fp.ps.netease.com/file/5f16d08da7f252cf2ae5e68cGfleWrMq02', 'https://kol-fans.fp.ps.netease.com/file/5f16d08d2786fd836c665befjXc1Z3sL02', 'https://kol-fans.fp.ps.netease.com/file/5f16d08d5e60279c34842cfcjmAlPIMz02', 'https://kol-fans.fp.ps.netease.com/file/5f16d08da7f252eba31ac9cfI0ITzoe102']",2020-07-21 11:25:02
光线的相遇，温暖的陪伴,,游戏截图,15179****63,"['https://kol-fans.fp.ps.netease.com/file/5f16cfdf8b74273379ff9aa3A5xW8yzI02', 'https://kol-fans.fp.ps.netease.com/file/5f16cfe07f9d2a22404f30939RsLhtTo02', 'https://kol-fans.fp.ps.netease.com/file/5f16cfe18b7427293fae7646wiJpVcrZ02', 'https://kol-fans.fp.ps.netease.com/file/5f16cfe15e602774d2cea91cGvX1obYV02']",2020-07-21 11:22:10
秋水共长天一色,,游戏截图,雨声,['https://kol-fans.fp.ps.netease.com/file/5f16c7956f04941c78090324MiB4NWNJ02'],2020-07-21 10:46:46
和你在一起的每一秒都很开心,,游戏截图,13780****69,"['https://kol-fans.fp.ps.netease.com/file/5f16be2896dee4bc7219a0a5pdbS2SVw02', 'https://kol-fans.fp.ps.netease.com/file/5f16be2996dee4b14ca0ec16XWb6YWOW02', 'https://kol-fans.fp.ps.netease.com/file/5f16be29a7f25262b664e754FN7Lagiv02']",2020-07-21 10:06:34
巨人龙骨＋超小无翼卡卡,,游戏截图,小小,"['https://kol-fans.fp.ps.netease.com/file/5f16b9ca6f0494bbeddce4cbfV3apERJ02', 'https://kol-fans.fp.ps.netease.com/file/5f16b9ce2786fd2b19db6b979iwBxrtM02', 'https://kol-fans.fp.ps.netease.com/file/5f16b9d12786fd1d184b55fal1F4uzM602']",2020-07-21 09:48:02
可能没去过的地方,,游戏截图,q****8,['https://kol-fans.fp.ps.netease.com/file/5f169c96a7f2524498d7194b7mCCrkrp02'],2020-07-21 07:43:19
7:40的遇境,,游戏截图,17623****91,"['https://kol-fans.fp.ps.netease.com/file/5f1689b96f0494653451557dKPZTzP9E02', 'https://kol-fans.fp.ps.netease.com/file/5f1689b996dee46075cfc20euq0zaXPK02', 'https://kol-fans.fp.ps.netease.com/file/5f1689b97f9d2a32536517b8XUE3efAq02']",2020-07-21 06:22:50
sky,,游戏截图,19862****10,"['https://kol-fans.fp.ps.netease.com/file/5f1685f96f04944b6ea1f5efXDoI8zXf02', 'https://kol-fans.fp.ps.netease.com/file/5f1685f95e60275d88aee9adzHvlixvX02', 'https://kol-fans.fp.ps.netease.com/file/5f1685f95e60271fb6df92952lMCfbc202']",2020-07-21 06:06:50
所念及是星河,,游戏截图,2****10897,"['https://kol-fans.fp.ps.netease.com/file/5f166deb96dee4e57e0cec8d1HixHAlm02', 'https://kol-fans.fp.ps.netease.com/file/5f166dec8b742755f4d073a1SVYReNyr02', 'https://kol-fans.fp.ps.netease.com/file/5f166deca7f2520b77be49606a3iexUA02', 'https://kol-fans.fp.ps.netease.com/file/5f166dec8b742755f4d073a2ZJMZl2eq02']",2020-07-21 04:24:13
魔法季的任务动画也太好看了吧,,游戏截图,17816****08,"['https://kol-fans.fp.ps.netease.com/file/5f1669fe7f9d2a5bafe2820aGPUNdw5402', 'https://kol-fans.fp.ps.netease.com/file/5f1669fe2786fde9240e4dadaty0ohZK02', 'https://kol-fans.fp.ps.netease.com/file/5f1669fe6f0494b96e1497c6B0KSikqS02', 'https://kol-fans.fp.ps.netease.com/file/5f1669ff7f9d2a41cdb1c43dioy5yDYE02']",2020-07-21 04:07:28
和集美的不正经跑图日常,,游戏截图,15000****67,"['https://kol-fans.fp.ps.netease.com/file/5f1649d4143cfadc37827adexp79ZHUm02', 'https://kol-fans.fp.ps.netease.com/file/5f1649d45e602796f314a382fA0Amfgh02']",2020-07-21 01:50:13
极巨之鸟,,游戏截图,15770****80,['https://kol-fans.fp.ps.netease.com/file/5f1645167f9d2a6289c00c4diJ1u8vui02'],2020-07-21 01:29:59
遇,,游戏截图,18835****37,"['https://kol-fans.fp.ps.netease.com/file/5f1642562786fd1fd833e762YHtTGDOi02', 'https://kol-fans.fp.ps.netease.com/file/5f1642566f04948c31f047bcResl97vr02']",2020-07-21 01:18:15
你在看我吗,,手作,15535****34,"['https://kol-fans.fp.ps.netease.com/file/5f1630a85e6027df218f9d60CAiOTIP002', 'https://kol-fans.fp.ps.netease.com/file/5f1630a96f04944c9e5cfd75G6krhWu402', 'https://kol-fans.fp.ps.netease.com/file/5f1630ac96dee491fb32ec2fqiqzY9rH02', 'https://kol-fans.fp.ps.netease.com/file/5f1630ae5e6027e8c48980feqfRm394S02']",2020-07-21 00:02:56
光遇的那段时间,,游戏截图,GIVE,"['https://kol-fans.fp.ps.netease.com/file/5f162779143cfa016b04643fc17XhRgi02', 'https://kol-fans.fp.ps.netease.com/file/5f1627796f0494603fe47a91YFi75DLj02', 'https://kol-fans.fp.ps.netease.com/file/5f16277996dee466d23cd71fFb8BI65102', 'https://kol-fans.fp.ps.netease.com/file/5f16277a5e602783e244ebcciRVYgOvH02']",2020-07-20 23:23:39
在狗狗旁边ᖗ( ᐛ )ᖘ,,游戏截图,南～,"['https://kol-fans.fp.ps.netease.com/file/5f16074596dee484988bd41d83REEKau02', 'https://kol-fans.fp.ps.netease.com/file/5f160745143cfa48229b2cbfTBAqOBBU02', 'https://kol-fans.fp.ps.netease.com/file/5f1607466f04946cb1453323j5l2hr3T02', 'https://kol-fans.fp.ps.netease.com/file/5f1607468b7427829b7da719387hl26i02']",2020-07-20 21:06:17
和你一起荡秋千,,游戏截图,15859****50,['https://kol-fans.fp.ps.netease.com/file/5f15b5ae2786fde7b0530c46d5fQDivb02'],2020-07-20 15:18:06
卡在雨林先祖的一天,,游戏截图,15859****50,['https://kol-fans.fp.ps.netease.com/file/5f15b57f7f9d2a07391bc3b4u8xZRfqd02'],2020-07-20 15:17:20
这不是我爱的龙骨和卡卡西,,游戏截图,某只阿菌,"['https://kol-fans.fp.ps.netease.com/file/5f156b3b6f04949021e7a187PxWZYaKz02', 'https://kol-fans.fp.ps.netease.com/file/5f156b3c8b74272ee5be2e3ejRI28eaT02']",2020-07-20 10:00:29
窝是一坨可爱的💩,,游戏截图,小小,"['https://kol-fans.fp.ps.netease.com/file/5f155dc16f0494265b1f9ec0vIGhONCg02', 'https://kol-fans.fp.ps.netease.com/file/5f155dc27f9d2a959d8e9c0f9oKad23u02', 'https://kol-fans.fp.ps.netease.com/file/5f155dc28b7427b3bd904f8fYa7LLcXD02', 'https://kol-fans.fp.ps.netease.com/file/5f155dc3a7f252e312ebd579x7RTapKw02']",2020-07-20 09:03:03
小宝可爱吗,,游戏截图,小小,"['https://kol-fans.fp.ps.netease.com/file/5f1553db7f9d2a184178cc8aJiQVGVT502', 'https://kol-fans.fp.ps.netease.com/file/5f1553dca7f25252943e6a49RCymgTll02', 'https://kol-fans.fp.ps.netease.com/file/5f1553dc143cfa2932c23ec0BiyHzg4K02', 'https://kol-fans.fp.ps.netease.com/file/5f1553e06f04940e743aab22xsXkS3cv02']",2020-07-20 08:20:48
🌈,,游戏截图,18184****13,"['https://kol-fans.fp.ps.netease.com/file/5f154a2e6f04948cec540289TdE1DgqI02', 'https://kol-fans.fp.ps.netease.com/file/5f154a2f143cfa09fa5a5109XgpTswUu02', 'https://kol-fans.fp.ps.netease.com/file/5f154a3096dee41a544705d3RDd3bDzY02', 'https://kol-fans.fp.ps.netease.com/file/5f154a308b74273f12a60cddzgmNtaix02']",2020-07-20 07:39:31
发呆的日常,,游戏截图,m****8629458,"['https://kol-fans.fp.ps.netease.com/file/5f1545da96dee42d28ea4507bybCUOpk02', 'https://kol-fans.fp.ps.netease.com/file/5f1545dc96dee41a5446fd66XdMDQfGp02', 'https://kol-fans.fp.ps.netease.com/file/5f1545de2786fd68d486778eUfYR5Xyf02', 'https://kol-fans.fp.ps.netease.com/file/5f1545e18b7427da70641d20IAkDhziY02']",2020-07-20 07:21:48
后代没救了2,,游戏截图,小小,"['https://kol-fans.fp.ps.netease.com/file/5f1537fa6f049432980cfbdd4yLykqkT02', 'https://kol-fans.fp.ps.netease.com/file/5f1537fa7f9d2a904fe1a1ebhMzWWHvY02', 'https://kol-fans.fp.ps.netease.com/file/5f1537fb7f9d2a85257fe17eDs6Pzzax02', 'https://kol-fans.fp.ps.netease.com/file/5f1537fb143cfa7f69f56007UPgfxlra02']",2020-07-20 06:21:47
先祖说，这些后代没救了,,游戏截图,小小,"['https://kol-fans.fp.ps.netease.com/file/5f1534b5143cfa2f463fb40fccautDPV02', 'https://kol-fans.fp.ps.netease.com/file/5f1534b65e6027f28f529958NiSCDgLb02', 'https://kol-fans.fp.ps.netease.com/file/5f1534b6143cfa594693a2b0jxHx3joq02']",2020-07-20 06:07:50
甜甜的棉花糖售卖机,,游戏截图,小小,"['https://kol-fans.fp.ps.netease.com/file/5f1532da96dee4468fed9f35rjZqDR7V02', 'https://kol-fans.fp.ps.netease.com/file/5f1532da6f04942e5a57e499Oedf48KG02', 'https://kol-fans.fp.ps.netease.com/file/5f1532dc96dee45b07451ec2hHsvh08002', 'https://kol-fans.fp.ps.netease.com/file/5f1532dc2786fd677f984b1eEuj7mxho02']",2020-07-20 05:59:57
抓啾啾,,同人绘,1****60890,['https://kol-fans.fp.ps.netease.com/file/5f152429143cfae7508f51edzxGvw0Zx02'],2020-07-20 04:57:13
陆 地 冲 浪~,,游戏截图,1****60890,['https://kol-fans.fp.ps.netease.com/file/5f15240a5e6027f88626b558iGQQzMB902'],2020-07-20 04:56:42
﻿✌(̿▀̿ ̿Ĺ̯̿̿▀̿ ̿)✌,,游戏截图,GIVE,['https://kol-fans.fp.ps.netease.com/file/5f1523a496dee4f3090ac2104IANGy5702'],2020-07-20 04:55:01
第一次做任务,,游戏截图,辞兮,['https://kol-fans.fp.ps.netease.com/file/5f151f6296dee4eadc482bf7ApHcPY7N02'],2020-07-20 04:36:50
(⁎⁍̴̛ᴗ⁍̴̛⁎),,游戏截图,15001****33,['https://kol-fans.fp.ps.netease.com/file/5f1517262786fdb6f4fdb209VMcgUpFh02'],2020-07-20 04:01:42
朋友！俺来了,,游戏截图,鱼丸,['https://kol-fans.fp.ps.netease.com/file/5f14fca7143cfae50d86537cWA1dAVCk02'],2020-07-20 02:08:39
୧⍤⃝✨,,游戏截图,世⍤⃝界,"['https://kol-fans.fp.ps.netease.com/file/5f146bc3a7f2521699fac9cb7hqgqO9J02', 'https://kol-fans.fp.ps.netease.com/file/5f146bc3a7f252509b7ad4445QICTolh02', 'https://kol-fans.fp.ps.netease.com/file/5f146bc38b74272e914808d3Btjigwqj02', 'https://kol-fans.fp.ps.netease.com/file/5f146bc3a7f2522254d1f38fucpjOIVt02']",2020-07-19 15:50:28
想和你并肩站在彩虹桥,,游戏截图,18439****00,['https://kol-fans.fp.ps.netease.com/file/5f14664e5e60278887a7bb7cU6bB2Es902'],2020-07-19 15:27:11
无翼的小白,,游戏截图,18439****00,['https://kol-fans.fp.ps.netease.com/file/5f1466342786fdbd73d305b8oHCRClN502'],2020-07-19 15:26:44
千鸟城的夜,,游戏截图,18439****00,"['https://kol-fans.fp.ps.netease.com/file/5f14660da7f252e86b64da66pojNQ7eE02', 'https://kol-fans.fp.ps.netease.com/file/5f14660d96dee4f8d032160bWemYPmiz02']",2020-07-19 15:26:06
ghs呢这是,,游戏截图,13268****01,"['https://kol-fans.fp.ps.netease.com/file/5f1440175e6027a68730e9a9CA3VoeoJ02', 'https://kol-fans.fp.ps.netease.com/file/5f144017143cfa1b5e344baa4BigeIH202', 'https://kol-fans.fp.ps.netease.com/file/5f14401896dee4e57d74c2cajQKV3Mqq02', 'https://kol-fans.fp.ps.netease.com/file/5f1440196f04949433665a3fElvEv4G802']",2020-07-19 12:44:11
金碧辉煌？,,游戏截图,森,"['https://kol-fans.fp.ps.netease.com/file/5f143bb1a7f252f31d62615byJAhM07q02', 'https://kol-fans.fp.ps.netease.com/file/5f143bb12786fdcae5004be4wLgA5rQi02']",2020-07-19 12:25:22
我和固玩的呃呃呃甜蜜？,,游戏截图,星星,"['https://kol-fans.fp.ps.netease.com/file/5f1433a0143cfa6620d241dfrypF1dO002', 'https://kol-fans.fp.ps.netease.com/file/5f1433a18b7427534d0b28f3ov7lYMiy02', 'https://kol-fans.fp.ps.netease.com/file/5f1433a25e60273b9bcaa61fDtilcY1K02', 'https://kol-fans.fp.ps.netease.com/file/5f1433a396dee4839224f228famcAfxE02']",2020-07-19 11:51:03
小蝴蝶( ´-ω-`)❤,,同人绘,17790****41,['https://kol-fans.fp.ps.netease.com/file/5f140fb596dee467949f01f7RKMixLFo02'],2020-07-19 09:17:42
烤个螃蟹做宵夜,,游戏截图,18701****52,"['https://kol-fans.fp.ps.netease.com/file/5f1341372786fdeb23e9b36ekqovLXRo02', 'https://kol-fans.fp.ps.netease.com/file/5f13413796dee411a5cd4b1aeMC3uvZJ02']",2020-07-18 18:36:39
你好，小矮子,,游戏截图,n****xhn04,['https://kol-fans.fp.ps.netease.com/file/5f1329ac5e6027b5a83a7a00iUeSjTDN02'],2020-07-18 16:56:12
彩虹,,游戏截图,13555****11,['https://kol-fans.fp.ps.netease.com/file/5f130b2da7f2523afbfa4da88Z3bdlZt02'],2020-07-18 14:46:06
光遇,,游戏截图,17719****40,"['https://kol-fans.fp.ps.netease.com/file/5f12da918b7427fe145d250b0fklcLpD02', 'https://kol-fans.fp.ps.netease.com/file/5f12da917f9d2a0e16e9afc2Os0RihF702', 'https://kol-fans.fp.ps.netease.com/file/5f12da916f0494ab16e067502b5wgU1v02']",2020-07-18 11:18:42
光与梦,,游戏截图,18271****42,"['https://kol-fans.fp.ps.netease.com/file/5f12d979143cfa21647ac1c2r2yomF9o02', 'https://kol-fans.fp.ps.netease.com/file/5f12d9798b7427e6fec1102dCSQIrdKc02', 'https://kol-fans.fp.ps.netease.com/file/5f12d979a7f2521783d3ca2fY0vGiffP02', 'https://kol-fans.fp.ps.netease.com/file/5f12d979a7f252f338fd07e4myiq5QQs02']",2020-07-18 11:14:03
我,,游戏截图,3****81686,"['https://kol-fans.fp.ps.netease.com/file/5f12bd8b8b7427352d57c0c4grGl2E9E02', 'https://kol-fans.fp.ps.netease.com/file/5f12bd8b8b742765875ebf0ejIKUaGyc02']",2020-07-18 09:14:52
朋友,,游戏截图,3****81686,"['https://kol-fans.fp.ps.netease.com/file/5f12bd318b742735bd1ba75czkVMRzlj02', 'https://kol-fans.fp.ps.netease.com/file/5f12bd3196dee490e52805ceARTi8Po402', 'https://kol-fans.fp.ps.netease.com/file/5f12bd3196dee490e52805d0q3jlet1Q02', 'https://kol-fans.fp.ps.netease.com/file/5f12bd3196dee4882f9ea45duH3SdI7E02']",2020-07-18 09:13:22
他可以好久不动诶,,游戏截图,荼花,['https://kol-fans.fp.ps.netease.com/file/5f12a2726f049467dd9981ffYGJfXC7302'],2020-07-18 07:19:14
打卡滴滴,,游戏截图,荼花,"['https://kol-fans.fp.ps.netease.com/file/5f12a1e9143cfad074879784HqAYH4pt02', 'https://kol-fans.fp.ps.netease.com/file/5f12a1e9a7f2528d7cbe97857Ja2mRTF02', 'https://kol-fans.fp.ps.netease.com/file/5f12a1ea96dee4c16c8a89a4j0m0PVU002', 'https://kol-fans.fp.ps.netease.com/file/5f12a1eb7f9d2adecf72f817k3aE2wC802']",2020-07-18 07:17:00
周末多人跑图，希望每个玩家都不做孤狼,,游戏截图,迷路的鹿,"['https://kol-fans.fp.ps.netease.com/file/5f12921e96dee41cfb930fb12biAu2iI02', 'https://kol-fans.fp.ps.netease.com/file/5f12921f2786fd1ba9c1e701Dq5Fjhti02']",2020-07-18 06:09:36
可爱的小狮子与蘑菇圈彩蛋的合影,,游戏截图,澪葉,"['https://kol-fans.fp.ps.netease.com/file/5f12898da7f25230779a5fe0yILU74I602', 'https://kol-fans.fp.ps.netease.com/file/5f12898d96dee41e2c28f4edrNf3D2QC02', 'https://kol-fans.fp.ps.netease.com/file/5f12898e96dee4d2385a5392aAFA4Q3302', 'https://kol-fans.fp.ps.netease.com/file/5f12898e6f04948f5de6e11fUSwKNCgZ02']",2020-07-18 05:33:02
这个云我太爱了,,光遇,阿挽,['https://kol-fans.fp.ps.netease.com/file/5f1288c25e60278817e1ab0fg0D6qE7902'],2020-07-18 05:29:39
雨林彩虹,,游戏截图,森,"['https://kol-fans.fp.ps.netease.com/file/5f127e246f04944d01e747c1c3I74RNh02', 'https://kol-fans.fp.ps.netease.com/file/5f127e24a7f2529d64e676a5OD24PqWq02', 'https://kol-fans.fp.ps.netease.com/file/5f127e2496dee4c5fc3e517dvNCQ9wO002']",2020-07-18 04:44:21
有点小温馨呢,,游戏截图,森,"['https://kol-fans.fp.ps.netease.com/file/5f127d8c2786fd77fac505204Y7YgpAA02', 'https://kol-fans.fp.ps.netease.com/file/5f127d8c143cfad0efeba761DgqLi5tx02']",2020-07-18 04:41:48
最怕在这个时候突然串线,,游戏截图,阿念,"['https://kol-fans.fp.ps.netease.com/file/5f126fc2143cfa672633f01bgY7craYb02', 'https://kol-fans.fp.ps.netease.com/file/5f126fc26f04943a991b57acklgiq9bf02']",2020-07-18 03:42:59
重生之路,,游戏截图,森,['https://kol-fans.fp.ps.netease.com/file/5f12695ea7f25246dbf12816ApuGcJVd02'],2020-07-18 03:15:43
粉红海,,游戏截图,13916****50,['https://kol-fans.fp.ps.netease.com/file/5f125e206f0494911c26f4f9VK7Ywieq02'],2020-07-18 02:27:44
这就很奈斯,,游戏截图,15107****66,"['https://kol-fans.fp.ps.netease.com/file/5f125da47f9d2a48a243342aIR8rEKGN02', 'https://kol-fans.fp.ps.netease.com/file/5f125da58b74270daa637bfeKqldCSvu02', 'https://kol-fans.fp.ps.netease.com/file/5f125da52786fde0e9c5af8eRHE3sflj02']",2020-07-18 02:25:41
千鸟城,,游戏截图,15079****16,"['https://kol-fans.fp.ps.netease.com/file/5f12293296dee4756f9f2eaeSOzbszkC02', 'https://kol-fans.fp.ps.netease.com/file/5f1229326f04941223f0bc3fuwfu1LRx02']",2020-07-17 22:41:55
背对背拥抱,,游戏截图,18609****21,['https://kol-fans.fp.ps.netease.com/file/5f11c99e143cfaccfb93b20axg8ZZxEX02'],2020-07-17 15:54:07
我在海上荡秋千,,游戏截图,19525****25,"['https://kol-fans.fp.ps.netease.com/file/5f11bf4c5e60278ce82d397dRjrHQiVF02', 'https://kol-fans.fp.ps.netease.com/file/5f11bf4ca7f2529729632f52YY6hobIK02', 'https://kol-fans.fp.ps.netease.com/file/5f11bf4c8b742773d2ab1c69pWBWX1e302', 'https://kol-fans.fp.ps.netease.com/file/5f11bf4d5e60277a6addafc1ECERbB2E02']",2020-07-17 15:10:05
云野之巅,,猫三游记,13268****01,"['https://kol-fans.fp.ps.netease.com/file/5f11b3aa96dee49494c60dea08QTgACM02', 'https://kol-fans.fp.ps.netease.com/file/5f11b3aba7f2529729632336QJwqtAwV02', 'https://kol-fans.fp.ps.netease.com/file/5f11b3ab5e602753127b2472gBmB2Ofw02']",2020-07-17 14:20:27
QWQ,,游戏截图,15902****89,['https://kol-fans.fp.ps.netease.com/file/5f11acb55e60272a564e7ee8K0ykMotc02'],2020-07-17 13:50:46
日常烤螃蟹,,游戏截图,抖音孙哥,['https://kol-fans.fp.ps.netease.com/file/5f119f7b6f049495f7fe26aeUXFCjF5O02'],2020-07-17 12:54:19
夜晚,,游戏截图,18649****51,['https://kol-fans.fp.ps.netease.com/file/5f119f1aa7f2528056a993e3vRBpbv7i02'],2020-07-17 12:52:43
始于光遇,,游戏截图,18552****38,"['https://kol-fans.fp.ps.netease.com/file/5f118b3496dee430d6376565wSE7aFCu02', 'https://kol-fans.fp.ps.netease.com/file/5f118b34143cfab0114657afLYw4gQkA02', 'https://kol-fans.fp.ps.netease.com/file/5f118b3e6f04940c527ca977o56oLz0Y02']",2020-07-17 11:27:58
游戏中的好看截屏,,游戏截图,15502****88,"['https://kol-fans.fp.ps.netease.com/file/5f1162a38b7427f4f9aa55e9m48hmtV002', 'https://kol-fans.fp.ps.netease.com/file/5f1162a46f0494bc08de3b3efsh7OtmG02', 'https://kol-fans.fp.ps.netease.com/file/5f1162a48b7427a5d6e539d26g6Rhs4i02']",2020-07-17 08:34:45
最爱的魔法工坊！,,游戏截图,Sky光遇小冥,['https://kol-fans.fp.ps.netease.com/file/5f1141937f9d2a6ae6a818eclxpilrDU02'],2020-07-17 06:13:40
遇见你真好,,同人文,阿念,"['https://kol-fans.fp.ps.netease.com/file/5f112ce26f04948711e1574d9cHTDFPN02', 'https://kol-fans.fp.ps.netease.com/file/5f112ce87f9d2ad1bce3703aix9xgt1P02']",2020-07-17 04:45:31
旅行日记,,游戏截图,滑尔稽斯,"['https://kol-fans.fp.ps.netease.com/file/5f111ebd2786fd4a9b9df8b0Cc59ReEv02', 'https://kol-fans.fp.ps.netease.com/file/5f111ebd5e6027862a0a11c4QmSaybD802', 'https://kol-fans.fp.ps.netease.com/file/5f111ebd8b7427421555de9egpWodgH902', 'https://kol-fans.fp.ps.netease.com/file/5f111ebe7f9d2a96fa3091fc7BiiZEGd02']",2020-07-17 03:45:04
爱 是一道光,,游戏截图,无情哈拉少,['https://kol-fans.fp.ps.netease.com/file/5f11109e96dee4d02c84fdadyigbqjV802'],2020-07-17 02:44:49
旅途中，最幸福的就是陪伴呀,,游戏截图,二宫泽宇,['https://kol-fans.fp.ps.netease.com/file/5f10b19c8b7427f93990e754xg7QJHTc02'],2020-07-16 19:59:26
跑图机器偶尔也想放松一下,,相遇光遇,光遇全职保姆,"['https://kol-fans.fp.ps.netease.com/file/5f1098812786fdca9be4db1frBA8Fv4z02', 'https://kol-fans.fp.ps.netease.com/file/5f1098817f9d2a241e4093c1Cs1EVFCO02', 'https://kol-fans.fp.ps.netease.com/file/5f10988296dee4b134bea519azI1eNTC02', 'https://kol-fans.fp.ps.netease.com/file/5f1098828b74273277a030d7Ri5VrAUq02']",2020-07-16 18:12:19
遇见温暖,,游戏截图,18270****12,"['https://kol-fans.fp.ps.netease.com/file/5f10664d7f9d2a61c011a950fP2N5sZB02', 'https://kol-fans.fp.ps.netease.com/file/5f10664d96dee48cc43f61fdE138waZD02', 'https://kol-fans.fp.ps.netease.com/file/5f10664d143cfaa7e336e84d6ZrLf2U702', 'https://kol-fans.fp.ps.netease.com/file/5f10664da7f2526ffa281248VriXKtlx02']",2020-07-16 14:38:06
最好的事是有人陪伴,,游戏截图,15956****00,['https://kol-fans.fp.ps.netease.com/file/5f104d44a7f252e68c4a1d8ak0xqMMIG02'],2020-07-16 12:51:17
很高兴第一次遇见就是你,,游戏截图,星,['https://kol-fans.fp.ps.netease.com/file/5f102611143cfab2c8c48e83MOoiiVGA02'],2020-07-16 10:04:02
光遇日常,,同人绘,18955****43,['https://kol-fans.fp.ps.netease.com/file/5f0fe6697f9d2a24712e5e17fDMARBcy02'],2020-07-16 05:32:25
和蝴蝶贴贴,,同人绘,18955****43,['https://kol-fans.fp.ps.netease.com/file/5f0fe62c2786fd8c1f32c65eXfoU8qRC02'],2020-07-16 05:31:25
白捡的大佬~（现在蓝斗篷……）,,游戏截图,王二狗,"['https://kol-fans.fp.ps.netease.com/file/5f0fd2836f04946b9fa06aceiZvapUMF02', 'https://kol-fans.fp.ps.netease.com/file/5f0fd2838b742728f69d68d02wxADQtI02']",2020-07-16 04:07:31
风景,,游戏截图,18118****22,"['https://kol-fans.fp.ps.netease.com/file/5f0fcb608b7427b6a933e64bzWVg29Yd02', 'https://kol-fans.fp.ps.netease.com/file/5f0fcb61a7f2524d65b2f5b4BZM26DRF02', 'https://kol-fans.fp.ps.netease.com/file/5f0fcb61143cfa30557178abrlYQq7Jw02']",2020-07-16 03:37:05
✌️,,游戏截图,kilig,"['https://kol-fans.fp.ps.netease.com/file/5f0fab957f9d2aa4cfbec9b9xsTi5I1C02', 'https://kol-fans.fp.ps.netease.com/file/5f0fab95143cfa4450d53c1aG2O3Vq6w02', 'https://kol-fans.fp.ps.netease.com/file/5f0fab962786fd2f4745315cAaZCJDNp02', 'https://kol-fans.fp.ps.netease.com/file/5f0fab9696dee48df100d3213GzsveLX02']",2020-07-16 01:21:27
卡到花屏也能好看,,游戏截图,樱花炒兔,"['https://kol-fans.fp.ps.netease.com/file/5f0f60a2a7f252efafa74211OSWcLwLg02', 'https://kol-fans.fp.ps.netease.com/file/5f0f60a28b74273c36e07143DuOQyyT502', 'https://kol-fans.fp.ps.netease.com/file/5f0f60a27f9d2a9a0749c251DI0zWDiv02']",2020-07-15 20:01:38
雨林场景模型（一点都不还原）,,手作,樱花炒兔,"['https://kol-fans.fp.ps.netease.com/file/5f0f5f0f8b74273c36e070ffMtJVHAi102', 'https://kol-fans.fp.ps.netease.com/file/5f0f5f1096dee45c95f043a5Dm46AyWJ02']",2020-07-15 19:54:56
光遇  |  大地天光，绝美场景图九连,,游戏截图,大地天光之子,"['https://kol-fans.fp.ps.netease.com/file/5f0f4b42a7f25246ea87f7f25b8EuNfh02', 'https://kol-fans.fp.ps.netease.com/file/5f0f4b426f049474ca5441fbjo0esIR602', 'https://kol-fans.fp.ps.netease.com/file/5f0f4b422786fd341637fe29RDTFjcrq02', 'https://kol-fans.fp.ps.netease.com/file/5f0f4b425e602725b79894c6XAayxpro02']",2020-07-15 18:30:27
和俺滴白总一起去方舟啦～,,游戏截图,胤言🐻,"['https://kol-fans.fp.ps.netease.com/file/5f0f11596f04948fca9f18c4cFiB4EOg02', 'https://kol-fans.fp.ps.netease.com/file/5f0f115ba7f252152553803aVilNzuiA02', 'https://kol-fans.fp.ps.netease.com/file/5f0f115e6f0494a6f0f465a1dZMa3Wpx02', 'https://kol-fans.fp.ps.netease.com/file/5f0f116096dee4994509a719FFUWSFw702']",2020-07-15 14:23:36
下雨天，送给睡不着觉的媛媛,,视频,火锅,['https://kol-fans.fp.ps.netease.com/file/5f0f0b787f9d2a30b40641eae9eU6yJL02'],2020-07-15 13:58:22
小冥的旅程,,游戏截图,小冥呀,"['https://kol-fans.fp.ps.netease.com/file/5f0f016f6f0494649cf350b94E4312a302', 'https://kol-fans.fp.ps.netease.com/file/5f0f016f2786fd7dfac89abckPm6UXED02', 'https://kol-fans.fp.ps.netease.com/file/5f0f016f143cfa2e446649f6sWls5AHD02', 'https://kol-fans.fp.ps.netease.com/file/5f0f016f6f049473d403e3c5dRqF4PY902']",2020-07-15 13:15:29
一起来放烟花,,游戏截图,18951****56,['https://kol-fans.fp.ps.netease.com/file/5f0ed5a0a7f25297b4e73f1bP12psEEl02'],2020-07-15 10:08:32
﻿初见,,同人绘,阿念,['https://kol-fans.fp.ps.netease.com/file/5f0ed35b143cfab0d4bc164cbEB5jV5i02'],2020-07-15 09:58:52
悬空的秋千。,,游戏截图,13613****05,"['https://kol-fans.fp.ps.netease.com/file/5f0eb4bd5e60273b6a6c624dJPIRBBJZ02', 'https://kol-fans.fp.ps.netease.com/file/5f0eb4bd96dee41f3b367d6dhmKLsbr702', 'https://kol-fans.fp.ps.netease.com/file/5f0eb4be7f9d2ac285299422osbw2YB702', 'https://kol-fans.fp.ps.netease.com/file/5f0eb4be96dee4280fde9c79f99OF8sc02']",2020-07-15 07:48:15
雨林桥洞听🌶️弹琴,,游戏截图,13199****47,['https://kol-fans.fp.ps.netease.com/file/5f0eb17c5e602727df45c66fULBRJ0KM02'],2020-07-15 07:34:21
快乐荡秋千,,游戏截图,13177****30,['https://kol-fans.fp.ps.netease.com/file/5f0e8a055e60270b65594b5fYKJkDmmu02'],2020-07-15 04:45:57
集美间的快乐,,游戏截图,18251****66,"['https://kol-fans.fp.ps.netease.com/file/5f0e4b3e8b742787dc681791sXWBNzVl02', 'https://kol-fans.fp.ps.netease.com/file/5f0e4b3f143cfabc36ed731fTPTdtQRX02', 'https://kol-fans.fp.ps.netease.com/file/5f0e4b40143cfabc36ed7320zazZIJwN02', 'https://kol-fans.fp.ps.netease.com/file/5f0e4b405e6027032f047a25OkwrHCkt02']",2020-07-15 00:18:09
云野真是个适合散心的地方,,游戏截图,闪光不咕咕,"['https://kol-fans.fp.ps.netease.com/file/5f0dfd176f0494c854124ecfoDJN4S8M02', 'https://kol-fans.fp.ps.netease.com/file/5f0dfd177f9d2ae72daa4e3b6yBFMZD802']",2020-07-14 18:44:39
失落方舟,,游戏截图,闪光不咕咕,['https://kol-fans.fp.ps.netease.com/file/5f0dfbf36f0494ad06f8d1765ifNHLrz02'],2020-07-14 18:39:47
来抓螃蟹哇,,游戏截图,m****4314294,"['https://kol-fans.fp.ps.netease.com/file/5f0dd3576f049403950983edTTJMrFsz02', 'https://kol-fans.fp.ps.netease.com/file/5f0dd3585e60273f54f9ff33KIif6qSZ02']",2020-07-14 15:46:32
最重要的人,,游戏截图,17605****35,['https://kol-fans.fp.ps.netease.com/file/5f0dc513a7f252d24aef7b08LKCv9wMy02'],2020-07-14 14:45:39
来！来观虾,,游戏截图,南钰,"['https://kol-fans.fp.ps.netease.com/file/5f0dc1157f9d2a46cc3e0c3dA0NAWw5402', 'https://kol-fans.fp.ps.netease.com/file/5f0dc1177f9d2aa262d35470YKW0EsU002', 'https://kol-fans.fp.ps.netease.com/file/5f0dc1176f04945720306f196OAR5zJo02', 'https://kol-fans.fp.ps.netease.com/file/5f0dc11996dee4a99700f0a7ba5b5CuX02']",2020-07-14 14:28:46
光的世界,,游戏截图,18978****00,"['https://kol-fans.fp.ps.netease.com/file/5f0dbf2ea7f25234f7e8f8528dTq6yyZ02', 'https://kol-fans.fp.ps.netease.com/file/5f0dbf2e6f049458a251b347wM9Kim5c02']",2020-07-14 14:20:31
万能秋千卡拍图,,游戏截图,18602****37,"['https://kol-fans.fp.ps.netease.com/file/5f0dbaa46f049479ae8507b0C1scKN6E02', 'https://kol-fans.fp.ps.netease.com/file/5f0dbaa48b7427287248ed0dOeBEEeSx02', 'https://kol-fans.fp.ps.netease.com/file/5f0dbaa4a7f252f44401057c4HzyEcYC02', 'https://kol-fans.fp.ps.netease.com/file/5f0dbaa4a7f252161345cc98XeoGNerH02']",2020-07-14 14:01:09
打破次元壁,,照片,雕雕🦅,['https://kol-fans.fp.ps.netease.com/file/5f0d8bd12786fd1c6b211f60yw9FKhKM02'],2020-07-14 10:41:22
漫天星光与烟火中成长的一面,,游戏截图,南钰,"['https://kol-fans.fp.ps.netease.com/file/5f0d7d5696dee46828876976sU02dclV02', 'https://kol-fans.fp.ps.netease.com/file/5f0d7d562786fdf4906f3dfazcroRubf02']",2020-07-14 09:39:35
重生，表示做的太好看，为什么不把章节做的也这么好看？🤔 ,,游戏截图,15898****23,"['https://kol-fans.fp.ps.netease.com/file/5f0d583a2786fda31cea0e0dMlkpG37F02', 'https://kol-fans.fp.ps.netease.com/file/5f0d583ba7f25217b7d469cb32foM3jy02', 'https://kol-fans.fp.ps.netease.com/file/5f0d583b7f9d2a15be5597d0WmRBiUu302']",2020-07-14 07:01:16
携手飞翔在云顶密境,,游戏截图,d****360071,['https://kol-fans.fp.ps.netease.com/file/5f0d2c8996dee4ce3da1c6414DMXcq7g02'],2020-07-14 03:54:51
每个萌新心底的恐惧,,游戏截图,糖糖,['https://kol-fans.fp.ps.netease.com/file/5f0d1cd46f04946fb13dcda2w21I00zq02'],2020-07-14 02:47:48
确认过眼神你是我想要的人,,游戏截图,糖糖,['https://kol-fans.fp.ps.netease.com/file/5f0d0b846f04940cd1dd4300jXTusiVd02'],2020-07-14 01:33:57
霸霸和尔子的离别,,游戏截图,15938****82,['https://kol-fans.fp.ps.netease.com/file/5f0d08bca7f2527aa30584d8QMK8OM3z02'],2020-07-14 01:22:05
从一个人到两个人，从萌新到大佬,,游戏截图,小沫,"['https://kol-fans.fp.ps.netease.com/file/5f0d01cf96dee43a1bd9e45ewKpEeiUc02', 'https://kol-fans.fp.ps.netease.com/file/5f0d01cf5e60273cd03b6099oqPsAzEc02', 'https://kol-fans.fp.ps.netease.com/file/5f0d01cf5e602727d9450b74V7CLCCmM02', 'https://kol-fans.fp.ps.netease.com/file/5f0d01cfa7f252c34838e0bbEXwqytp902']",2020-07-14 00:52:32
温暖的灵魂终将相遇,,游戏截图,坚强的猎熊,"['https://kol-fans.fp.ps.netease.com/file/5f0ced1d2786fd97a6edfd4e12MgwCBk02', 'https://kol-fans.fp.ps.netease.com/file/5f0ced1d8b7427e5ed66ad4fZptIXIoF02', 'https://kol-fans.fp.ps.netease.com/file/5f0ced1e6f04945d2d8860419pBK3q0002', 'https://kol-fans.fp.ps.netease.com/file/5f0ced1e96dee4ce01a03707KwjRa2Kc02']",2020-07-13 23:24:15
感谢你的到来,,游戏截图,13518****66,"['https://kol-fans.fp.ps.netease.com/file/5f0c9e006f04949deebf6f4aq7qEXcBZ02', 'https://kol-fans.fp.ps.netease.com/file/5f0c9e018b74271d24eec3f73BTBNuqH02', 'https://kol-fans.fp.ps.netease.com/file/5f0c9e015e6027ebba7cd5f5lJmrSwNK02', 'https://kol-fans.fp.ps.netease.com/file/5f0c9e02143cfa5d1805feaddNEQGeZ902']",2020-07-13 17:46:45
没人带的萌新,,游戏截图,17725****54,['https://kol-fans.fp.ps.netease.com/file/5f0c7179143cfa55df10906aw6EWqQTU02'],2020-07-13 14:36:42
毫无绘画功底的萌新，画了一个带我旅行的大佬潘总,,同人绘,13680****04,['https://kol-fans.fp.ps.netease.com/file/5f0c63d5143cfaff1e931b83TsjHl7P702'],2020-07-13 13:38:30
第一次过闪瞎我,,游戏截图,15502****88,"['https://kol-fans.fp.ps.netease.com/file/5f0c61bb5e602741c71c6862OPWovC0q02', 'https://kol-fans.fp.ps.netease.com/file/5f0c61bba7f252cce07539ccChOqFzLk02', 'https://kol-fans.fp.ps.netease.com/file/5f0c61bb8b7427b8cdb864daj8N9hdK602']",2020-07-13 13:29:32
当朋友卡了的时候,,视频,15502****88,['https://kol-fans.fp.ps.netease.com/file/5f0c60d75e602741c71c67d91EGhAJaU02'],2020-07-13 13:25:44
光遇,,游戏截图,17767****32,['https://kol-fans.fp.ps.netease.com/file/5f0c4a7e8b7427c3c53b871ajBHO7u4K02'],2020-07-13 11:50:23
在暮土扎沙堆的日常,,游戏截图,18846****41,"['https://kol-fans.fp.ps.netease.com/file/5f0c312a96dee4fb3bedff7bUZ7Ta5aE02', 'https://kol-fans.fp.ps.netease.com/file/5f0c312a2786fdf34cad73ecRAQ0oq7T02', 'https://kol-fans.fp.ps.netease.com/file/5f0c312aa7f252aa0baee1cfI8hdG79902', 'https://kol-fans.fp.ps.netease.com/file/5f0c312b8b74271ee089b612CD9cD7fg02']",2020-07-13 10:02:19
520那天的人，他已经走了,,同人绘,15801****76,['https://kol-fans.fp.ps.netease.com/file/5f0bd61c5e60276469757b96MVS3ljD002'],2020-07-13 03:33:49
聚会开始,,游戏截图,17629****16,"['https://kol-fans.fp.ps.netease.com/file/5f0bb95b143cfa2a1e64e6eeQCEU774l02', 'https://kol-fans.fp.ps.netease.com/file/5f0bb95b6f0494ff5eb62963AyWKO0aw02', 'https://kol-fans.fp.ps.netease.com/file/5f0bb95ba7f25292f336a389Ml0Y7HQT02', 'https://kol-fans.fp.ps.netease.com/file/5f0bb95c143cfa06860d6d77PdtLHcQj02']",2020-07-13 01:31:09
所见皆为美好,,游戏截图,17718****58,"['https://kol-fans.fp.ps.netease.com/file/5f0b895d6f049484b25f08100QyXcoVq02', 'https://kol-fans.fp.ps.netease.com/file/5f0b895da7f252618e944c7aXTQvLxyq02', 'https://kol-fans.fp.ps.netease.com/file/5f0b895d7f9d2a39a8d82aa9upLQYgb302', 'https://kol-fans.fp.ps.netease.com/file/5f0b895d8b7427b8c8c523ceTm4QX82T02']",2020-07-12 22:06:22
光遇三肉包,,游戏截图,包包,"['https://kol-fans.fp.ps.netease.com/file/5f0b527696dee495e49f78a1GHqpvNiE02', 'https://kol-fans.fp.ps.netease.com/file/5f0b52768b74277773d9f362t0FoEEMk02', 'https://kol-fans.fp.ps.netease.com/file/5f0b52765e60271f18213f52Dz7cM1a002', 'https://kol-fans.fp.ps.netease.com/file/5f0b5276a7f252c654f8f61aESTc9KYt02']",2020-07-12 18:12:07
从无到有,,游戏截图,山河,"['https://kol-fans.fp.ps.netease.com/file/5f0b4fa2a7f2522815b48762bKit8YSD02', 'https://kol-fans.fp.ps.netease.com/file/5f0b4fa396dee46f7f4fe299kF7vhyv602', 'https://kol-fans.fp.ps.netease.com/file/5f0b4fa37f9d2a066e021bd9YR7dsrs902', 'https://kol-fans.fp.ps.netease.com/file/5f0b4fa47f9d2a1b8b7b08ccsxtc9QjF02']",2020-07-12 18:00:04
重生之路,,游戏截图,n****0200819,"['https://kol-fans.fp.ps.netease.com/file/5f0b32cd96dee4b80f26b5f4vQX7OIEE02', 'https://kol-fans.fp.ps.netease.com/file/5f0b32cd143cfa0309198caeXjkNgHlq02']",2020-07-12 15:57:02
卑微小竹，在线解惑😸     安卓服的朋友萌，你萌好哇！欢迎你萌加入云端王国，既然iOS和苹果两服内容相差甚少，我有能力为新加入的旅人们答疑解惑😇,,答疑,一只小澄竹,['https://kol-fans.fp.ps.netease.com/file/5f0b2d5b8b7427b3da41a87eQUrjeTcp02'],2020-07-12 15:33:48
第一次献祭,,游戏截图,南陈,"['https://kol-fans.fp.ps.netease.com/file/5f0b1a59a7f252f8538160e8XJODrQTY02', 'https://kol-fans.fp.ps.netease.com/file/5f0b1a59143cfa69ab28b00ctSBvJ9Ib02']",2020-07-12 14:12:41
亲亲,,游戏截图,15581****93,['https://kol-fans.fp.ps.netease.com/file/5f0aea4b96dee491d0336812qcukiQkN02'],2020-07-12 10:47:39
冥想——在黑暗角落里的光,,游戏截图,13069****02,['https://kol-fans.fp.ps.netease.com/file/5f0ac16f96dee47da54dae305kS1XpXk02'],2020-07-12 07:53:19
小狐仙和小仙女（自设斗篷）,,同人绘,烟烟,['https://kol-fans.fp.ps.netease.com/file/5f0aa9918b7427ac17da379aVOd6jJCv02'],2020-07-12 06:11:29
光.遇 千鸟城,,游戏截图,伊吹萃香,"['https://kol-fans.fp.ps.netease.com/file/5f0a96b4143cfa0210f24f71LmOQjwah02', 'https://kol-fans.fp.ps.netease.com/file/5f0a96b5a7f25212fe89f36dHqZw9upA02', 'https://kol-fans.fp.ps.netease.com/file/5f0a96b55e602774d4710408BFkMwSaO02', 'https://kol-fans.fp.ps.netease.com/file/5f0a96b66f0494ab4f4c89de2e0R5c9U02']",2020-07-12 04:51:03
旅途未曾结束,,游戏截图,阿布,"['https://kol-fans.fp.ps.netease.com/file/5f0a3aad6f049466366cfe76f1HQxU5J02', 'https://kol-fans.fp.ps.netease.com/file/5f0a3aad2786fd6c6172a57bEyLdrmWZ02', 'https://kol-fans.fp.ps.netease.com/file/5f0a3aad8b74272d2d81c2faMRffgR3I02', 'https://kol-fans.fp.ps.netease.com/file/5f0a3aada7f252dde695bbcaDUE9tujW02']",2020-07-11 22:18:24
云野视角,,游戏截图,18021****39,['https://kol-fans.fp.ps.netease.com/file/5f0a2dc68b7427099fdd8bbd0sf0mcTu02'],2020-07-11 21:23:19
我收了一儿一闺蜜,,游戏截图,甜三岁,"['https://kol-fans.fp.ps.netease.com/file/5f09794c96dee4b56a36b490TC1he60G02', 'https://kol-fans.fp.ps.netease.com/file/5f09794c7f9d2ac1394e92b4kEJDiIm002', 'https://kol-fans.fp.ps.netease.com/file/5f09794c143cfaedc053664aw7JzoVAt02', 'https://kol-fans.fp.ps.netease.com/file/5f09794c96dee49b6f320d29aWEWerUa02']",2020-07-11 08:33:17
自拍全光遇最美的风景线,,游戏截图,13202****10793286,"['https://kol-fans.fp.ps.netease.com/file/5f095d8896dee4fdfb629147SEpTlRiN02', 'https://kol-fans.fp.ps.netease.com/file/5f095d885e6027431191eaf0GssoJMUR02', 'https://kol-fans.fp.ps.netease.com/file/5f095d89143cfa03acf04006VJob7b1302', 'https://kol-fans.fp.ps.netease.com/file/5f095d8aa7f25217b224ed5eRcjxxxR602']",2020-07-11 06:34:53
我守护最美的风景你守护我。,,游戏截图,13202****10793286,"['https://kol-fans.fp.ps.netease.com/file/5f095d0d7f9d2a27c980064f07u2Xbqy02', 'https://kol-fans.fp.ps.netease.com/file/5f095d0e5e6027972d3c9600zrGiRQNS02']",2020-07-11 06:32:46
光遇最诗意备注,,游戏截图,Cheesy,['https://kol-fans.fp.ps.netease.com/file/5f0941307f9d2a87fa04d7fcMr0jM0sB02'],2020-07-11 04:33:53
与光相遇，与你为伴,,游戏截图,夜月,"['https://kol-fans.fp.ps.netease.com/file/5f09251da7f2521f62195067L5YVkUqU02', 'https://kol-fans.fp.ps.netease.com/file/5f09251d7f9d2ab9b8462b45aPt5X89702', 'https://kol-fans.fp.ps.netease.com/file/5f09251d143cfa8b6c46ad5cSiRbfiWq02']",2020-07-11 02:34:05
我是不是第一个到这里的😏,,探险,m****higuang,"['https://kol-fans.fp.ps.netease.com/file/5f088cec2786fd88f0100eacjaCKEcfc02', 'https://kol-fans.fp.ps.netease.com/file/5f088cec8b7427da623a92634Lp3vvT502', 'https://kol-fans.fp.ps.netease.com/file/5f088cec96dee4748c0bb2950Rd03trM02']",2020-07-10 15:44:45
想象中的自己,,同人绘,13631****42,['https://kol-fans.fp.ps.netease.com/file/5f088817143cfafa42972a952sMtqZMy02'],2020-07-10 15:24:08
孤独的玩家,,游戏截图,13562****88,['https://kol-fans.fp.ps.netease.com/file/5f0876997f9d2a1de7520821KGG1x2P402'],2020-07-10 14:09:29
《光◎遇》  温暖的灵魂，终将相遇。,,游戏截图,18790****80,"['https://kol-fans.fp.ps.netease.com/file/5f086740143cfa1d746ae8473R4WCZ8i02', 'https://kol-fans.fp.ps.netease.com/file/5f0867408b7427e812968aa07FwZdCZY02', 'https://kol-fans.fp.ps.netease.com/file/5f08674096dee4923bbfd63eibyIuIg702']",2020-07-10 13:04:00
憨憨的小人,,同人绘,17790****41,['https://kol-fans.fp.ps.netease.com/file/5f08379f6f0494f597c28068ymNRSg9e02'],2020-07-10 09:40:48
最终还是自己长大了去面对风雨了,,游戏截图,15868****10,['https://kol-fans.fp.ps.netease.com/file/5f07f3d05e6027d05d67b71brMbF1YK802'],2020-07-10 04:51:29
遥远之地，鲲亦相送❤️,,遥鲲,顾柒✨,"['https://kol-fans.fp.ps.netease.com/file/5f0746f7a7f252becb6556f2sWig32TO02', 'https://kol-fans.fp.ps.netease.com/file/5f0746f76f0494ec79191767EVuO9ppF02', 'https://kol-fans.fp.ps.netease.com/file/5f0746f796dee4da9b5a62b6Izq5iqm502']",2020-07-09 16:34:00
一点点成长,,游戏截图,阿侦,"['https://kol-fans.fp.ps.netease.com/file/5f0734456f0494eb596510d6cIpFzE6v02', 'https://kol-fans.fp.ps.netease.com/file/5f073445143cfad93ae39f52GDaZIXus02', 'https://kol-fans.fp.ps.netease.com/file/5f073445a7f252535558e49dC6o7guch02', 'https://kol-fans.fp.ps.netease.com/file/5f0734467f9d2a2e2bb2f27fJPrK1tbd02']",2020-07-09 15:14:16
心海之案,,游戏截图,17713****16,"['https://kol-fans.fp.ps.netease.com/file/5f070c4a96dee442c7139335zIZ75zyt02', 'https://kol-fans.fp.ps.netease.com/file/5f070c4a8b74277265001615SoeslVXT02', 'https://kol-fans.fp.ps.netease.com/file/5f070c4a7f9d2a568366438fQZ88ZLwW02', 'https://kol-fans.fp.ps.netease.com/file/5f070c4a7f9d2a6fa41834c7x0KQqfQv02']",2020-07-09 12:23:40
飞呀！,,游戏截图,阿唐,['https://kol-fans.fp.ps.netease.com/file/5f070a2b5e602711ce022217GchDUhzg02'],2020-07-09 12:14:36
邪眼,,游戏截图,阿唐,['https://kol-fans.fp.ps.netease.com/file/5f0709a1a7f2525337da9eccbbZ2ecSF02'],2020-07-09 12:12:18
月光,,游戏截图,阿唐,['https://kol-fans.fp.ps.netease.com/file/5f0709835e6027062ef66158Bj8GgzUc02'],2020-07-09 12:11:48
躲雨,,游戏截图,阿唐,['https://kol-fans.fp.ps.netease.com/file/5f0709628b742753b8688513FaPJaYqi02'],2020-07-09 12:11:15
﻿沙滩大海已经准备好了，就差你了,,视频,y****1256984682,['https://kol-fans.fp.ps.netease.com/file/5f06cf8096dee40a294323b2wj6LKz4l02'],2020-07-09 08:04:19
恋人,,游戏截图,13283****91,"['https://kol-fans.fp.ps.netease.com/file/5f06bb4c8b7427635215c999eCC58PHR02', 'https://kol-fans.fp.ps.netease.com/file/5f06bb4c143cfa6b0c6fccfdczW9Ajgw02', 'https://kol-fans.fp.ps.netease.com/file/5f06bb4da7f25244e7dbc5f3PAwziZGR02', 'https://kol-fans.fp.ps.netease.com/file/5f06bb4e143cfa5bb8b8d14fcKEouIrQ02']",2020-07-09 06:38:07
大家一起烤螃蟹🦀,,游戏截图,13283****91,"['https://kol-fans.fp.ps.netease.com/file/5f06b9cc143cfa23453f26bfQ1gR4SUv02', 'https://kol-fans.fp.ps.netease.com/file/5f06b9cc143cfa57b5c80207e5oggRoJ02', 'https://kol-fans.fp.ps.netease.com/file/5f06b9cc7f9d2aebc6ce521bSqiMSQce02', 'https://kol-fans.fp.ps.netease.com/file/5f06b9cc96dee49152b1b328aXtahDV302']",2020-07-09 06:31:41
霞谷千鸟城,,光遇,15237****46,['https://kol-fans.fp.ps.netease.com/file/5f069bd86f0494f1283d5531XlVIIpkY02'],2020-07-09 04:23:53
光遇里的日常生活🌚✨👍🏻,,游戏截图,15280****59,"['https://kol-fans.fp.ps.netease.com/file/5f06997ca7f25261a687d68futXwulAK02', 'https://kol-fans.fp.ps.netease.com/file/5f0699817f9d2a760029bac3wqXYie3102', 'https://kol-fans.fp.ps.netease.com/file/5f0699888b74277937ac47e0YfA4GrvO02', 'https://kol-fans.fp.ps.netease.com/file/5f06998f96dee4630d52d1c3LFpy3eRQ02']",2020-07-09 04:14:23
爱了,,游戏截图,18753****56,['https://kol-fans.fp.ps.netease.com/file/5f06867b6f04947332f53d86qKYGim0302'],2020-07-09 02:52:43
这里可真美,,游戏截图,阿羡,['https://kol-fans.fp.ps.netease.com/file/5f0671ff2786fdd71795239eUPNtKLEP02'],2020-07-09 01:25:19
真·光遇同人,,游戏截图,15717****81,"['https://kol-fans.fp.ps.netease.com/file/5f05d5895e6027c2c73733289kliSP7p02', 'https://kol-fans.fp.ps.netease.com/file/5f05d5898b7427276c0d9665EqjbEUWG02', 'https://kol-fans.fp.ps.netease.com/file/5f05d58a143cfa7e155459c59NJcMPGR02', 'https://kol-fans.fp.ps.netease.com/file/5f05d58a7f9d2a31f2428401ve2o98iG02']",2020-07-08 14:17:46
知道我在偷偷亲你嘛,,游戏截图,15717****81,"['https://kol-fans.fp.ps.netease.com/file/5f05d42996dee403b639e422Tmqpg3mR02', 'https://kol-fans.fp.ps.netease.com/file/5f05d429a7f252f9eb4d4d22ePKNUmpY02']",2020-07-08 14:11:54
端午节那天我说墓土绿绿的就很适合端午节啊，你说是啊还有虾仁和舟。但当你不再出现，我才发现，和你在一起的每一帧都弥足珍贵,,游戏截图,15717****81,"['https://kol-fans.fp.ps.netease.com/file/5f05d2ab8b7427d5b4e9f74767hrwrOF02', 'https://kol-fans.fp.ps.netease.com/file/5f05d2ab5e6027b86427c990WJIOd0CE02', 'https://kol-fans.fp.ps.netease.com/file/5f05d2ab143cfa7e155456b7DSuEaj2S02', 'https://kol-fans.fp.ps.netease.com/file/5f05d2ab5e6027a5636d533dHEmHEglo02']",2020-07-08 14:05:32
美,,游戏截图,13979****04,"['https://kol-fans.fp.ps.netease.com/file/5f05c6a47f9d2aca77898b14ga9PvLvQ02', 'https://kol-fans.fp.ps.netease.com/file/5f05c6a48b7427d7425caf40Od0cUrT302', 'https://kol-fans.fp.ps.netease.com/file/5f05c6a52786fd168da00943FGzU9yuf02', 'https://kol-fans.fp.ps.netease.com/file/5f05c6a5a7f252b1c62fdb51gWYdv0ui02']",2020-07-08 13:14:13
有你，不再孤单,,游戏截图,喵咪森,"['https://kol-fans.fp.ps.netease.com/file/5f05bef02786fded5bfef786MhFC2cTB02', 'https://kol-fans.fp.ps.netease.com/file/5f05bef17f9d2a7292c513dc5yVLNkUH02', 'https://kol-fans.fp.ps.netease.com/file/5f05bef1143cfaf05194c61bqz0xK8db02']",2020-07-08 12:41:23
一起打卡的景点~开森^_^，始终相信，光遇是温暖的！,,游戏截图,浅茶,"['https://kol-fans.fp.ps.netease.com/file/5f0538cc2786fd4ecd641bffx21iV4hI02', 'https://kol-fans.fp.ps.netease.com/file/5f0538cc5e6027f20dfd1159v9OVhZmy02', 'https://kol-fans.fp.ps.netease.com/file/5f0538cda7f252008a059cecmS3RLtxd02', 'https://kol-fans.fp.ps.netease.com/file/5f0538cd8b7427d83bb7c677i2FNJrCB02']",2020-07-08 03:09:02
暴风眼美丽瞬间,,游戏截图,l****794562090,['https://kol-fans.fp.ps.netease.com/file/5f0532c07f9d2af35f90a1e1bIhtTkLh02'],2020-07-08 02:43:13
还记得我们是怎么认识的吗……对不起...我想你了,,游戏截图,x****sh4417474,"['https://kol-fans.fp.ps.netease.com/file/5f049f588b7427d6af286e1eoCOFpoHP02', 'https://kol-fans.fp.ps.netease.com/file/5f049f5c6f0494ee73238318liADrLiY02', 'https://kol-fans.fp.ps.netease.com/file/5f049f5fa7f25295499ac2a3i8WcD0TG02', 'https://kol-fans.fp.ps.netease.com/file/5f049f61a7f2529ebf2ef92flIZUzMPv02']",2020-07-07 16:14:30
遇到了几个小朋友，很有默契的摆了个五角星，他们真的太可爱了,,游戏截图,烟烟,['https://kol-fans.fp.ps.netease.com/file/5f03f4467f9d2ae4e77fd84bxZES1XuG02'],2020-07-07 04:04:23
这景物，绝了,,游戏截图,我在暮土弹钢琴,"['https://kol-fans.fp.ps.netease.com/file/5f03df817f9d2ae4e77fcc30Nq2EsIjb02', 'https://kol-fans.fp.ps.netease.com/file/5f03df827f9d2a41ddee71belA7MRpHW02', 'https://kol-fans.fp.ps.netease.com/file/5f03df828b7427d1a2fbdb1ejXGiy5qs02']",2020-07-07 02:35:47
是从入坑到现在拍的一些照片嘿嘿,,游戏截图,p****2007,"['https://kol-fans.fp.ps.netease.com/file/5f03cdbf8b742740d27a77b0T6Bf8Mbc02', 'https://kol-fans.fp.ps.netease.com/file/5f03cdc05e6027a3a986a140gDKuwX5u02', 'https://kol-fans.fp.ps.netease.com/file/5f03cdc696dee4d4fb83acfbmcly9ZyW02', 'https://kol-fans.fp.ps.netease.com/file/5f03cdc62786fd9b5c2ececf4j86peIB02']",2020-07-07 01:20:16
遥鲲新鲜出炉，不过我这只歪的好像被冥龙撞了。。。。,,手作,m****9828615_1,['https://kol-fans.fp.ps.netease.com/file/5f033c666f0494c4a1d39706X4pFAssi02'],2020-07-06 14:59:51
光·遇,,同人绘,13979****04,['https://kol-fans.fp.ps.netease.com/file/5f0336cf143cfabe8b603dceQGVfXzaA02'],2020-07-06 14:35:59
晨岛,,游戏截图,忆殇吖,"['https://kol-fans.fp.ps.netease.com/file/5f029efea7f25241bdba5067LKcj63wQ02', 'https://kol-fans.fp.ps.netease.com/file/5f029efe143cfa30fc008e75o0Ele1z302', 'https://kol-fans.fp.ps.netease.com/file/5f029eff7f9d2a00b77c8929YRzeeNDE02', 'https://kol-fans.fp.ps.netease.com/file/5f029eff8b7427183890df56fA8yfoCS02']",2020-07-06 03:48:16
雨林真美,,游戏截图,忆殇吖,"['https://kol-fans.fp.ps.netease.com/file/5f029d6496dee437f55228a1U2TiYtqs02', 'https://kol-fans.fp.ps.netease.com/file/5f029d646f04946cbdad6ba5Bgju6Zii02', 'https://kol-fans.fp.ps.netease.com/file/5f029d656f04946cbdad6ba6tICEa4uu02', 'https://kol-fans.fp.ps.netease.com/file/5f029d656f0494ef04f80b0eWwLuDdyl02']",2020-07-06 03:41:26
和朋友打卡了晨岛的爱心湖和地下温泉！！,,游戏截图,娜娜✨,"['https://kol-fans.fp.ps.netease.com/file/5f0207b06f04943d12571f870qITzv3t02', 'https://kol-fans.fp.ps.netease.com/file/5f0207b26f04947482feb772z6IWPQf002', 'https://kol-fans.fp.ps.netease.com/file/5f0207b4a7f252bfbca96f63L03wPpLt02', 'https://kol-fans.fp.ps.netease.com/file/5f0207b5143cfa78bb2388c57XRihe3T02']",2020-07-05 17:02:48
看图说话 光遇这些壁画讲的是什么故事,,游戏截图,沐水,"['https://kol-fans.fp.ps.netease.com/file/5f008d7896dee4373bf31d20oJCJrHkQ02', 'https://kol-fans.fp.ps.netease.com/file/5f008d786f04940b7be3a0c69kLZwiLt02', 'https://kol-fans.fp.ps.netease.com/file/5f008d79a7f25276ff6a8730L5cdwhAL02', 'https://kol-fans.fp.ps.netease.com/file/5f008d797f9d2add8276084bwiw5kVRK02']",2020-07-04 14:08:57
最爱雨林啦,,游戏截图,13432****00,"['https://kol-fans.fp.ps.netease.com/file/5effb9a58b74277b11a6bce0FGuNBFFg02', 'https://kol-fans.fp.ps.netease.com/file/5effb9a75e60276b72ec4871Vg558K1d02', 'https://kol-fans.fp.ps.netease.com/file/5effb9aa96dee49e30a8e020heyTFNWT02', 'https://kol-fans.fp.ps.netease.com/file/5effb9ad5e6027a1d290ea28cB5uArc102']",2020-07-03 23:05:18
hhhh,,游戏截图,13432****00,"['https://kol-fans.fp.ps.netease.com/file/5effb8082786fd659887f55dlGUJl9Ip02', 'https://kol-fans.fp.ps.netease.com/file/5effb80a6f049490808e55104rgZQoSs02', 'https://kol-fans.fp.ps.netease.com/file/5effb80c8b74273297474540mEKSa0Dq02', 'https://kol-fans.fp.ps.netease.com/file/5effb80f2786fda4b80fcaa7BpcJPMEi02']",2020-07-03 22:58:26
还没发现这里有神仙彩蛋，星汉的细节满分哦,,游戏截图,19112****23,"['https://kol-fans.fp.ps.netease.com/file/5eff463b143cfa2ee05ad5c05iif6ssl02', 'https://kol-fans.fp.ps.netease.com/file/5eff463c5e60273463c4a315zLZtPLp702', 'https://kol-fans.fp.ps.netease.com/file/5eff463c2786fd7370a4cd00DTlN1G9P02', 'https://kol-fans.fp.ps.netease.com/file/5eff463c6f0494c3b6eb3280cIBSkQfc02']",2020-07-03 14:52:45
感天动地！寡王她有主了！   这个七月值得铭记，因你而值得。盛夏绚烂，方舟锦瑟，不及你抬手间散落的星光✨  何为明天，是徒增了思念忧悠，还是把爱又积累一点💕,,游戏截图,一只小澄竹,"['https://kol-fans.fp.ps.netease.com/file/5eff29f17f9d2a52e71949c6ok2YQddG02', 'https://kol-fans.fp.ps.netease.com/file/5eff29f396dee4d27161ab1fXXRopCc202', 'https://kol-fans.fp.ps.netease.com/file/5eff29f4a7f2526cc024e403yuECrdIa02', 'https://kol-fans.fp.ps.netease.com/file/5eff29f596dee4d27161ab248IBj5z8h02']",2020-07-03 12:52:07
禁阁大门（老照片了）,,游戏截图,18779****29,['https://kol-fans.fp.ps.netease.com/file/5efee97b5e6027b9aa85ac9acPfPGIyQ02'],2020-07-03 08:17:00
这里真的太令人震撼啦！🎇,,游戏截图,一只小澄竹,"['https://kol-fans.fp.ps.netease.com/file/5efec32e96dee49463313f85Epwoz02e02', 'https://kol-fans.fp.ps.netease.com/file/5efec32fa7f252c5ba9eec82RFTRDJNa02']",2020-07-03 05:33:36
怎么硕呢，笑的我满厕所喷螃蟹,,光遇bug,光遇小二狗🦆,"['https://kol-fans.fp.ps.netease.com/file/5efe060f96dee463bf79b896bZDV4Rro02', 'https://kol-fans.fp.ps.netease.com/file/5efe061096dee47921cb2c7flJ3kUx6h02', 'https://kol-fans.fp.ps.netease.com/file/5efe06102786fdee0f523485KqBIox6b02']",2020-07-02 16:06:40
你家的帅哥跑出来了,,游戏截图,Sky光遇辣条,"['https://kol-fans.fp.ps.netease.com/file/5efdd8118b742774f43cd0a7h6SJQ0F902', 'https://kol-fans.fp.ps.netease.com/file/5efdd811143cfa8706f5fb960c5zNDhF02', 'https://kol-fans.fp.ps.netease.com/file/5efdd8118b742774f43cd0a92kqhTB2g02', 'https://kol-fans.fp.ps.netease.com/file/5efdd8122786fd0a2071930dxbiwsTji02']",2020-07-02 12:50:28
来自伊甸之光的伙伴,,游戏截图,18673****24,"['https://kol-fans.fp.ps.netease.com/file/5efd7dcb6f04949df5d6066ccH1UJaFv02', 'https://kol-fans.fp.ps.netease.com/file/5efd7dcc8b7427dba5765cd8mUJB7MAh02', 'https://kol-fans.fp.ps.netease.com/file/5efd7dcca7f252bf587b7a86BhbCjbJM02']",2020-07-02 06:25:16
海风吹不乱,,游戏截图,短笛,['https://kol-fans.fp.ps.netease.com/file/5efd7d21143cfaf1e3409d035FIDjJEy02'],2020-07-02 06:22:26
方舟船上,,游戏截图,短笛,"['https://kol-fans.fp.ps.netease.com/file/5efd7d002786fd9fe88de385aSsCmJp802', 'https://kol-fans.fp.ps.netease.com/file/5efd7d016f04949e6ac23f2dgrbj0gLq02']",2020-07-02 06:21:54
SKY光遇幽冥 7月作品,,游戏截图,SKY光遇幽冥,"['https://kol-fans.fp.ps.netease.com/file/5efca96a143cfab60388dcecywjujPuf02', 'https://kol-fans.fp.ps.netease.com/file/5efca96a143cfab1a8a02802jgS4VMZ602', 'https://kol-fans.fp.ps.netease.com/file/5efca96a5e6027988b1d920cX1PJx8bM02', 'https://kol-fans.fp.ps.netease.com/file/5efca96b5e6027bc18cce023Z0YyMR1r02']",2020-07-01 15:19:08
也许太难看了（别骂我）,,同人绘,短笛,['https://kol-fans.fp.ps.netease.com/file/5efc981296dee4073d428ec7wDzx2Xu502'],2020-07-01 14:05:07
也许这就是成长,,视频,小羽坑不坑,['https://kol-fans.fp.ps.netease.com/file/5efc28106f0494ba7de20b277qW4HZTp02'],2020-07-01 06:07:16
Sky的日落，依旧是迷人的,,游戏截图,湖畔掠影丶枭溪,['https://kol-fans.fp.ps.netease.com/file/5efc22fa143cfa8e85a5316f2t8vPrOa02'],2020-07-01 05:45:30
我来陪你,,游戏截图,鱼梓煜,['https://kol-fans.fp.ps.netease.com/file/5efc20912786fd62c950201e3uOFsOv802'],2020-07-01 05:35:13
新增功能建议——与冥龙互动,"我想增加一个新的互动功能——和冥龙对抗，前提是消耗光之翼。具体而言：

单体魔法：
1. 消耗1个光之翼+1根白蜡烛，产生虚无状态3秒，冥龙透体而过，不产生其他伤害，仅折损1个光之翼和1根白蜡烛
2. 消耗2个光之翼+1根白蜡烛，无敌金身，冥龙撞击时，冥龙被反弹出去，给冥龙产生眩晕效果，倒地不起1分钟
3. 消耗3个光之翼+1根白蜡烛，主动攻击，消灭冥龙（单个冥龙，前提是该冥龙必须已经锁定自己）
上述三个魔法，仅对自己有效，如果牵着旁人，旁人依旧会受到冥龙的冲击，除非他们自己也是用上述单体魔法。

全体魔法：
4. 消耗4个光之翼+2根白蜡烛，全体虚无（自己+自己牵着的所有人）冥龙透体而过，不产生其他伤害，仅自己折损4个光之翼+2根白蜡烛，被牵着的人无任何损失
5. 消耗5个光之翼+2根白蜡烛，全体无敌金身（自己+自己牵着的所有人），冥龙撞击时，冥龙被反弹出去，给冥龙产生眩晕效果，倒地不起1分钟，仅自己折损5个光之翼+2根白蜡烛，被牵着的人无任何损失
6. 消耗6个光之翼+2根白蜡烛，主动攻击，消灭冥龙（单个冥龙，前提是该冥龙必须已经锁定自己），仅自己折损6个光之翼+2根白蜡烛，被牵着的人无任何损失

升华魔法：
7. 消耗7个光之翼+3根白蜡烛，产生光明圆环，以自己为中心，扩大到无限大，消灭当前地图中所有的冥龙，被牵着的人无任何损失
8. 消耗8个光之翼+3根白蜡烛，产生光明圆环+净化光束（弯曲的流光形式），消灭当前地图中所有的冥龙和螃蟹，被牵着的人无任何损失
9. 消耗9个光之翼+3根白蜡烛，终极净化之力，消灭当前地图中所有的冥龙和螃蟹，并净化当前地图为云野的样子，鲜花盛开，绿草遍地，水是清澈的样子

其中魔法3 6 7 8 9，被消灭的冥龙和螃蟹，仅当天消失，第二天还会回来。
对于玩家来讲，这个功能可以选择性开启。具体而言：
开启这个功能并在今日消灭了冥龙或螃蟹的玩家为A，仅开启了这个功能但今日没有消灭冥龙或螃蟹的玩家为B，假设不开启这个功能的玩家为C，
1. C玩家，只有被A玩家牵手时，才会无视并被无视：被A今日消灭过的冥龙or螃蟹。若C玩家脱离A玩家，冥龙和螃蟹还会恢复
2. 玩家组队后，若队伍之中存在任一玩家在今日消灭过任一某只冥龙或螃蟹，则全队都可以无视该冥龙或螃蟹

这个机制的好处：
目前大家玩了1个月后，只要暴风眼蜡烛够了，大家基本上都不会去暴风眼，再去收集光之翼了，这就造成了光之翼的流转率偏低。
如果引入这个机制，不仅可以促进大家每日收集光之翼，还可以体验和冥龙互动对战的快感。
如果能够像遗忘方舟一样，能够净化暮土，游戏就更有意思了",新增功能建议,六翼天使,[],2020-07-01 03:22:14
大大的脑袋大大的疑问,,游戏截图,Sky光遇小影,"['https://kol-fans.fp.ps.netease.com/file/5efabfd57f9d2a1b8b8997278E3I9vL702', 'https://kol-fans.fp.ps.netease.com/file/5efabfd58b74271f746cb559WARDG8Re02']",2020-06-30 04:30:14
和外国朋友的日常,,游戏截图,18780****41,"['https://kol-fans.fp.ps.netease.com/file/5efab9a02786fddccf74db5dosRTeho402', 'https://kol-fans.fp.ps.netease.com/file/5efab9a1a7f25297c26cec17eMDo2oq902', 'https://kol-fans.fp.ps.netease.com/file/5efab9a1a7f252ec5416eae3gRy3cuqp02', 'https://kol-fans.fp.ps.netease.com/file/5efab9a1a7f2522c3b13c3eapFbA6pg702']",2020-06-30 04:03:48
粉红海,,游戏截图,挞挞子,"['https://kol-fans.fp.ps.netease.com/file/5efab198143cfac00a730e08DSWBwfiH02', 'https://kol-fans.fp.ps.netease.com/file/5efab19b7f9d2aa4821bea5cV4ZUfGge02']",2020-06-30 03:29:31
摸的鱼,,同人绘,AKANE,"['https://kol-fans.fp.ps.netease.com/file/5efa3fa92786fd2c9a263e8c4oAox53y02', 'https://kol-fans.fp.ps.netease.com/file/5efa3fa95e6027c0450015d5hACd1pWS02']",2020-06-29 19:23:21
我和小光的点点滴滴！,,游戏截图,AKANE,"['https://kol-fans.fp.ps.netease.com/file/5efa3ba62786fd2c9a263c10cwjQhVK002', 'https://kol-fans.fp.ps.netease.com/file/5efa3ba72786fdec6a094084UUZouK8A02', 'https://kol-fans.fp.ps.netease.com/file/5efa3ba78b7427e32b74c6d7jU5NkYiR02', 'https://kol-fans.fp.ps.netease.com/file/5efa3ba8143cfa0dbe5fcb7e8UxcORhx02']",2020-06-29 19:06:17
雨林麻麻,,摸鱼,17628****70,['https://kol-fans.fp.ps.netease.com/file/5efa13707f9d2a65efc16281Ppj3rLPh02'],2020-06-29 16:14:41
不管玩什么都有你陪着,,游戏截图,Sky光遇小影,"['https://kol-fans.fp.ps.netease.com/file/5efa0a285e6027b4482b58b2zV4jA01K02', 'https://kol-fans.fp.ps.netease.com/file/5efa0a288b742765bf39f3becRDQLwc302', 'https://kol-fans.fp.ps.netease.com/file/5efa0a288b74274d14ef1b24HK0HXZPH02']",2020-06-29 15:35:05
光遇好友的互动,,光遇调色,SKY光遇幽冥,"['https://kol-fans.fp.ps.netease.com/file/5ef9f760a7f2520c530fa242cELxrVcp02', 'https://kol-fans.fp.ps.netease.com/file/5ef9f7618b7427eb74b2fc47GcCZ19OA02', 'https://kol-fans.fp.ps.netease.com/file/5ef9f7615e60277aa3bd3deaazSkqjeE02', 'https://kol-fans.fp.ps.netease.com/file/5ef9f7615e60275e391ed4acZdMpbGS402']",2020-06-29 14:14:59
SKY光遇幽冥作品,,光遇调色,SKY光遇幽冥,"['https://kol-fans.fp.ps.netease.com/file/5ef9f59d143cfa5563c9bddekNPsSjFR02', 'https://kol-fans.fp.ps.netease.com/file/5ef9f59d143cfa543a5f24f0tHohWrb502', 'https://kol-fans.fp.ps.netease.com/file/5ef9f59d6f0494cec5ac0d0cpWAEecdZ02', 'https://kol-fans.fp.ps.netease.com/file/5ef9f59e96dee4cd0eaa1ed7aGjbi8LJ02']",2020-06-29 14:07:28
天上的星，希望它再次亮起,,同人绘,樱花炒兔,['https://kol-fans.fp.ps.netease.com/file/5ef997de96dee4a0f8e14dc1CgGkkLUL02'],2020-06-29 07:27:26
返老还童,,游戏截图,17635****39,"['https://kol-fans.fp.ps.netease.com/file/5ef9589d8b74273f7d8c596bxlVpiaBE02', 'https://kol-fans.fp.ps.netease.com/file/5ef9589e2786fd332bc0f862LQLtEdKv02', 'https://kol-fans.fp.ps.netease.com/file/5ef9589e7f9d2a82f5c31fbbPXpWaIAF02', 'https://kol-fans.fp.ps.netease.com/file/5ef9589ea7f2525bcbc9401fNZ07GwR302']",2020-06-29 02:57:36
做了好久的花花，是第一次的黏土小作品!用了比较普通的材料来做，平时也没什么上色的经验不过能做出个样子真的是太好了!(虽然每天都坚持在烧它啦.....有点对不起),,手作,m****9828615_1,"['https://kol-fans.fp.ps.netease.com/file/5ef8be497f9d2a2f4dd29f58D0zwiR1h02', 'https://kol-fans.fp.ps.netease.com/file/5ef8be4a5e6027071ec2e3a9vNhbfyjJ02', 'https://kol-fans.fp.ps.netease.com/file/5ef8be4b2786fd4f4fe4591c1IZgy7ru02']",2020-06-28 15:59:07
宝贝爱你喔，你是我最好的集美,,游戏截图,s****14241955,"['https://kol-fans.fp.ps.netease.com/file/5ef839bb96dee4231d9b6f9cigUFMHoI02', 'https://kol-fans.fp.ps.netease.com/file/5ef839bc143cfa94a434d389oa2FXWUA02', 'https://kol-fans.fp.ps.netease.com/file/5ef839bd5e60278b750376149KO85dG902', 'https://kol-fans.fp.ps.netease.com/file/5ef839bd2786fd0fbe2788b8XRmduN1x02']",2020-06-28 06:33:35
光遇一周年完美落幕，期待下一个周年庆啊！,,游戏截图,杨大力的id,"['https://kol-fans.fp.ps.netease.com/file/5ef757c35e6027d90406e533iphgLgdS02', 'https://kol-fans.fp.ps.netease.com/file/5ef757c35e6027d90406e534ROhsY8Zv02', 'https://kol-fans.fp.ps.netease.com/file/5ef757c396dee4e347427611rPjuhsIi02', 'https://kol-fans.fp.ps.netease.com/file/5ef757c42786fd00a11eca01D0i0h24x02']",2020-06-27 14:29:24
闹鬼了hhhhhhhhhhh,,游戏截图,迷路的鹿,['https://kol-fans.fp.ps.netease.com/file/5ef70626143cfa08d64175fd1qv0ZEiI02'],2020-06-27 08:41:11
不好看别骂（Thanks you very much ,,同人绘,短笛,['https://kol-fans.fp.ps.netease.com/file/5ef6f68a2786fde716ccab45Q7BoNX4l02'],2020-06-27 07:34:34
因为光遇，我们相遇,,游戏截图,18819****64,"['https://kol-fans.fp.ps.netease.com/file/5ef64e602786fdda30ac70d8xV1MGmle02', 'https://kol-fans.fp.ps.netease.com/file/5ef64e60a7f252926f63b918mN2lhEr602', 'https://kol-fans.fp.ps.netease.com/file/5ef64e607f9d2a6398d93879zktexaxI02']",2020-06-26 19:37:05
黑暗中的那一抹光,,游戏截图,18819****64,"['https://kol-fans.fp.ps.netease.com/file/5ef64e2c6f0494235305c650i2sFrKKP02', 'https://kol-fans.fp.ps.netease.com/file/5ef64e2c2786fd2eacb17a86D0fyr0gG02']",2020-06-26 19:36:13
所有的花都开过了，世界上所有的花加起来都比不上她最初的一朵微笑！,,游戏截图,微生麂之助,"['https://kol-fans.fp.ps.netease.com/file/5ef626266f0494aca8a97f557is6zikZ02', 'https://kol-fans.fp.ps.netease.com/file/5ef626276f0494a2e3cf0381erg4A0wu02']",2020-06-26 16:45:27
﻿因为喜欢你，借着你的光，瞧见了从未预见的世界。,,光遇一周年,微生麂之助,"['https://kol-fans.fp.ps.netease.com/file/5ef6244b143cfa98ec7c5c6a27P8DJ1f02', 'https://kol-fans.fp.ps.netease.com/file/5ef6244c96dee41e6d16c8dacNzzl18K02', 'https://kol-fans.fp.ps.netease.com/file/5ef6244c143cfa98ec7c5c6baxpgKDyo02', 'https://kol-fans.fp.ps.netease.com/file/5ef6244c5e602775bc36dab02Y8i0zmR02']",2020-06-26 16:37:33
"我种么为奇迹与魔法对谁对的地界如我地自觉人声来幸福,是来得分美好的她想物.",,魔法家们,微生麂之助,"['https://kol-fans.fp.ps.netease.com/file/5ef623457f9d2a721b2a5d9doK0ohQ2002', 'https://kol-fans.fp.ps.netease.com/file/5ef623456f049487cf34516dV4hcq3LN02']",2020-06-26 16:33:10
遏云歌响清，回雪舞腰轻。只要君流眄，君倾国自倾。 ,,舞蹈家们,微生麂之助,"['https://kol-fans.fp.ps.netease.com/file/5ef620a98b74277305c2290dXsU7R0p802', 'https://kol-fans.fp.ps.netease.com/file/5ef620a96f0494a2e3cefe8aPBDu2Dtk02', 'https://kol-fans.fp.ps.netease.com/file/5ef620a996dee488545b6aa0FyM9I4vA02']",2020-06-26 16:22:02
摘星,,游戏截图,Cc,"['https://kol-fans.fp.ps.netease.com/file/5ef5b3316f0494eef9dfaa7fGsK21z3H02', 'https://kol-fans.fp.ps.netease.com/file/5ef5b331a7f2528a90cafe5f6vKZAILJ02', 'https://kol-fans.fp.ps.netease.com/file/5ef5b3317f9d2ae4bd74bf07g9f5PGQs02', 'https://kol-fans.fp.ps.netease.com/file/5ef5b3318b7427e2268b876d5GIHClC602']",2020-06-26 08:34:59
风景,,游戏截图,16637****82,"['https://kol-fans.fp.ps.netease.com/file/5ef5940a8b7427cdf374d4f22w3361ql02', 'https://kol-fans.fp.ps.netease.com/file/5ef5940a96dee41f99a39caegJeKfAZ302', 'https://kol-fans.fp.ps.netease.com/file/5ef5940a5e6027a07d5366afDXtLAtAz02', 'https://kol-fans.fp.ps.netease.com/file/5ef5940b143cfaf48dbb33a2OZE0tQGr02']",2020-06-26 06:22:05
回望我美好的世界,,无,18723****20,['https://kol-fans.fp.ps.netease.com/file/5ef58b0396dee409086035dbJ0TcjvSo02'],2020-06-26 05:43:32
一款超級治愈系的遊戲,,游戏截图,13857****49,"['https://kol-fans.fp.ps.netease.com/file/5ef4f1102786fd577022e292l5zf9XPt02', 'https://kol-fans.fp.ps.netease.com/file/5ef4f11096dee4e4b2d3922fpMewWksg02', 'https://kol-fans.fp.ps.netease.com/file/5ef4f1108b74273f71c078e9OiyoppfY02', 'https://kol-fans.fp.ps.netease.com/file/5ef4f111143cfac99bb9e8c0Qipy02CI02']",2020-06-25 18:46:41
搬个凳子去看戏,,游戏截图,沐水,"['https://kol-fans.fp.ps.netease.com/file/5ef4e22896dee48f2339e749lqEulTTW02', 'https://kol-fans.fp.ps.netease.com/file/5ef4e22996dee48404f668a7Is3ruJNz02']",2020-06-25 17:43:05
也许……它们也可以和我们快乐玩耍（当然你的光翼被撞掉时就不会这么想了）。,,游戏截图,15729****56,['https://kol-fans.fp.ps.netease.com/file/5ef4d8206f04945c3f57c12dilR8ak4R02'],2020-06-25 17:00:17
向暴风眼出发,,游戏截图,沐水,"['https://kol-fans.fp.ps.netease.com/file/5ef457de143cfa09264e2d25070zlVop02', 'https://kol-fans.fp.ps.netease.com/file/5ef457de2786fd24c5b7265ckc7c525T02']",2020-06-25 07:53:02
云野蝴蝶,,游戏截图,18672****78,"['https://kol-fans.fp.ps.netease.com/file/5ef1e94e7f9d2adf94e75d6fUGRLaYBo02', 'https://kol-fans.fp.ps.netease.com/file/5ef1e9516f049408c0bb759fyiolQcVp02']",2020-06-23 11:36:50
我凝视深渊，深渊也在凝视我,,游戏截图,18825****42,['https://kol-fans.fp.ps.netease.com/file/5ef147205e6027788abd9cd9upLqq1S902'],2020-06-23 00:04:48
雨林地洞透视🏞    太漂酿了啊！爱了💘  带着朋友一起飞进去，简直不要太幸福哇！✨        （干啥啥不行，卡图第一名(´▽｀),,游戏截图,一只小澄竹,"['https://kol-fans.fp.ps.netease.com/file/5ef0b3e0143cfa72e17ea621T74RPjy402', 'https://kol-fans.fp.ps.netease.com/file/5ef0b3e16f04942a19cf03eeKDE0P0Ho02', 'https://kol-fans.fp.ps.netease.com/file/5ef0b3e37f9d2ad5cefd8fd9yzytLpx602', 'https://kol-fans.fp.ps.netease.com/file/5ef0b3e47f9d2a7e8e1e0d23ITBFwAm102']",2020-06-22 13:36:37
身为龙骨，灵魂却是个憨憨۹(･༥･´)و ̑̑,,游戏截图,一只普通的章鱼烧۹(･༥･´),['https://kol-fans.fp.ps.netease.com/file/5ef0ab9c143cfaf0ac8d2c9dFwJTL1Pz02'],2020-06-22 13:01:17
男扮女装的一天呐,,游戏截图,一只普通的章鱼烧۹(･༥･´),['https://kol-fans.fp.ps.netease.com/file/5ef096a05e60273758df2c2a3pOH0WXD02'],2020-06-22 11:31:45
（超级无敌短篇）初遇,"小龙骨睁开眼，映入双眸的就是冥龙张着血盆大口，眼中充斥宛如鲜血的红色朝着色调呈绿色的天空上的一个非常耀眼的人冲刺而去。尖叫随着哀嚎迅速入耳，小龙骨还未反应、整理脑袋里的信息，被撞掉的光之翼纷纷落入自己的身体中，一种温暖的情绪从心底蔓延。他看了看发光仿佛太阳般闪亮的自己，不由自主的伸手接住呼吸紧促缓缓降落下的那个人，那个变成和黑暗比拟的人。

“卡卡西...？”
小龙骨从嘴里喊出他的名字，带着疑惑的语气。小龙骨开始冷静的分析并且做出行动，先是用自己小小的身躯去治疗这个人，然后用出身为骑士的力气搂着他的肩膀把他拖入一个安全的亭子里。小龙骨喘着粗气不顾形象的躺在他身旁，虽然说是骑士但毕竟...这个龙骨实在是太小了。小龙骨握紧他的手给他穿渡能量，让他的心火复活。

“....他的手好凉。”
“请...快点醒来。”

小龙骨带着颤音祈祷的说出这一句话，明明是第一次见面，或许是光之翼的问题、或许是他这种宛如太阳的人绝不能在这里消失的念头，让他说出这一句话。他的心跳在疯狂不规律的跳动，他双手紧握的手掌渐渐涌起一丝温度。在卡卡西睁开双眸的一瞬间，看到的是一个小骑士在喜极而泣对着他落下泪水。然后就听到稚嫩的音色在耳朵边徘徊。

“.....太好了。”

这就便是他们的初次遇见。",同人文,17852****80,[],2020-06-22 08:58:23
希望和喜欢的一直在一起每天都能开开心，不想让她受伤所以我会让自己变成一只狮子，保护她呵护她，爱她一生！,,游戏截图,m****8032647,"['https://kol-fans.fp.ps.netease.com/file/5ef02ee88b74274ed6f23af0ZXVOUEyL02', 'https://kol-fans.fp.ps.netease.com/file/5ef02ee996dee44aed346b38B7jJ4HsB02', 'https://kol-fans.fp.ps.netease.com/file/5ef02ee96f0494a0621e7263krwG2zdd02', 'https://kol-fans.fp.ps.netease.com/file/5ef02eea8b74272202f81c34TfJ2ZYwO02']",2020-06-22 04:09:18
感谢你的风景，一周年快乐！,,同人绘,13978****20,['https://kol-fans.fp.ps.netease.com/file/5eef6d1e96dee43ecf0cf403ajSi7ji002'],2020-06-21 14:22:22
感谢有你，一路陪伴★,,游戏截图,19962****51,"['https://kol-fans.fp.ps.netease.com/file/5eeec14d96dee488a9f459b774yfGiTK02', 'https://kol-fans.fp.ps.netease.com/file/5eeec14f6f0494a735f6eff3owNx9XiG02', 'https://kol-fans.fp.ps.netease.com/file/5eeec14f2786fd8b2a50c43f2BKYUivD02', 'https://kol-fans.fp.ps.netease.com/file/5eeec14fa7f252f40eae535dA40sDHa202']",2020-06-21 02:09:21
方舟,,游戏截图,13575****36,['https://kol-fans.fp.ps.netease.com/file/5eeeb5bca7f252c785509eec1HoADeLD02'],2020-06-21 01:19:56
我与我的朋友,,游戏截图,13575****36,"['https://kol-fans.fp.ps.netease.com/file/5eeeb5558b7427f4eebfda5cjIxHHrub02', 'https://kol-fans.fp.ps.netease.com/file/5eeeb5565e6027da72fdf100Iotsiggv02']",2020-06-21 01:18:14
和朋友们 感谢光遇,,游戏截图,卡比,"['https://kol-fans.fp.ps.netease.com/file/5eeeafdd2786fde8d8ba3c71CRi9Xhgw02', 'https://kol-fans.fp.ps.netease.com/file/5eeeafde7f9d2a8630c41759JvJHqeSX02', 'https://kol-fans.fp.ps.netease.com/file/5eeeafdea7f252c0cab823a1Gk0r2qyz02', 'https://kol-fans.fp.ps.netease.com/file/5eeeafde96dee4544a910123rOU41LDM02']",2020-06-21 00:54:56
雨林秘境,,同人绘,c****andwindy,['https://kol-fans.fp.ps.netease.com/file/5eee23f52786fd1a62fa878eKXPyqLa602'],2020-06-20 14:57:57
雨林,,同人绘,c****andwindy,['https://kol-fans.fp.ps.netease.com/file/5eee23387f9d2adf28165e7a0jczOKeM02'],2020-06-20 14:54:49
原来……我已经，长大了啊……,,游戏截图,18577****32,"['https://kol-fans.fp.ps.netease.com/file/5eee1e3196dee4f943b45dffODUM0kMk02', 'https://kol-fans.fp.ps.netease.com/file/5eee1e318b742794d73f6e70ibsXgblU02', 'https://kol-fans.fp.ps.netease.com/file/5eee1e325e60271897420cf72l6SsfEK02', 'https://kol-fans.fp.ps.netease.com/file/5eee1e325e60271897420cf88k1KsLh202']",2020-06-20 14:33:23
日落跌进迢迢星野 人间忽晚 山河已秋.,,游戏截图,f****898627,"['https://kol-fans.fp.ps.netease.com/file/5eee177696dee44d24de5642WWJkAV9L02', 'https://kol-fans.fp.ps.netease.com/file/5eee1778143cfa68e110a950oZBYuFD302']",2020-06-20 14:04:41
享受 美好,,游戏截图,Asahi,['https://kol-fans.fp.ps.netease.com/file/5eedb3dc5e6027289d661e3bNm9wMrPc02'],2020-06-20 06:59:40
我为你遮下阳光，你为我驱走黑暗,,游戏截图,一只普通的章鱼烧۹(･༥･´),['https://kol-fans.fp.ps.netease.com/file/5eecc74196dee4490c211cd0w2hMNf0M02'],2020-06-19 14:10:10
耶比。,,游戏截图,13972****52,"['https://kol-fans.fp.ps.netease.com/file/5eeade8fa7f25237a60a0c1brLkq5hxU02', 'https://kol-fans.fp.ps.netease.com/file/5eeade928b7427170a9353c08p1T6vKf02', 'https://kol-fans.fp.ps.netease.com/file/5eeade95143cfa5807a3e41dLMCdtb1i02', 'https://kol-fans.fp.ps.netease.com/file/5eeade9c2786fded04406debvoM2KO0K02']",2020-06-18 03:25:25
雨林终点！🌄     请把你的手交给我，让我带你到云里林间遨游。神殿之上，我会向你告白。只为，不再孤身一人.....（卑微寡王，在线求带，加我嘛）,,游戏截图,一只小澄竹,"['https://kol-fans.fp.ps.netease.com/file/5eea16e87f9d2a6f7ee12ea9BFDZKXKt02', 'https://kol-fans.fp.ps.netease.com/file/5eea16e9143cfa747e800553z1t2XSjZ02', 'https://kol-fans.fp.ps.netease.com/file/5eea16eb143cfa86462449b7Hjma2QPc02', 'https://kol-fans.fp.ps.netease.com/file/5eea16ed8b7427f212ae91a8Y5fi67q402']",2020-06-17 13:13:19
卡进新地图🌟里面会有什么呢？昨天找到的门，今天用椅子卡进去喽！这里的山洞暂时还没有通，期待更新啊(｡ì _ í｡) 有种悲伤叫做 没有退路，把自己关在了里面哇🤣,,游戏截图,一只小澄竹,"['https://kol-fans.fp.ps.netease.com/file/5ee8b1bd96dee4114d391ec4zL2S3Vw402', 'https://kol-fans.fp.ps.netease.com/file/5ee8b1bf96dee419f6182a7ePDpKJort02', 'https://kol-fans.fp.ps.netease.com/file/5ee8b1c22786fdc012a586e7J5hW67Kc02', 'https://kol-fans.fp.ps.netease.com/file/5ee8b1c55e6027dbdd82d1f1e4YdFRcZ02']",2020-06-16 11:49:29
我绝得有趣的、帅的、沙雕的照片,,游戏截图,耳机,"['https://kol-fans.fp.ps.netease.com/file/5ee783e58b74274e5d085522jfQgKzie02', 'https://kol-fans.fp.ps.netease.com/file/5ee783e82786fd513207e59eWOYlVMb102', 'https://kol-fans.fp.ps.netease.com/file/5ee783e95e60277ebbad4cb3qpPTSziW02', 'https://kol-fans.fp.ps.netease.com/file/5ee783e9a7f252970fae7344KM1owsLl02']",2020-06-15 14:21:33
雨林新地图？🌌地洞这里有扇门呐，门前还有风墙靠近不了。里面还亮着灯灯，期待哇QaQ！,,游戏截图,一只小澄竹,['https://kol-fans.fp.ps.netease.com/file/5ee77eae96dee4184fc97e19CSCA61kI02'],2020-06-15 13:59:11
重生🌠…(⁎⁍̴̛ᴗ⁍̴̛⁎),,游戏截图,素诺-,"['https://kol-fans.fp.ps.netease.com/file/5ee6459d143cfa6eeee4fc93xTKR5thj02', 'https://kol-fans.fp.ps.netease.com/file/5ee6459d96dee4de86de549fise2K2rk02', 'https://kol-fans.fp.ps.netease.com/file/5ee6459d2786fd45f702e255f10D6sl902', 'https://kol-fans.fp.ps.netease.com/file/5ee6459e2786fd51f62a406cfOIxc5tX02']",2020-06-14 15:43:26
晨岛小蝴蝶🦋,,游戏截图,素诺-,"['https://kol-fans.fp.ps.netease.com/file/5ee644aa2786fd45f702e0fcO3zLpUOS02', 'https://kol-fans.fp.ps.netease.com/file/5ee644aa7f9d2ae817db5f313Zv2E53Z02', 'https://kol-fans.fp.ps.netease.com/file/5ee644aa8b7427479440938aG20Aj1P302']",2020-06-14 15:39:23
自设…∠( ᐛ 」∠)＿,,手作,素诺-,['https://kol-fans.fp.ps.netease.com/file/5ee644446f0494c1e0616aa7SJ1mJX7i02'],2020-06-14 15:37:40
吼吼吼❤️了（好像发现小彩蛋👀💦）,,游戏截图,素诺-,"['https://kol-fans.fp.ps.netease.com/file/5ee6414e5e60275d4cca0af4xrTMj1j002', 'https://kol-fans.fp.ps.netease.com/file/5ee6414e143cfa4ad5ef017eerdDx17P02', 'https://kol-fans.fp.ps.netease.com/file/5ee6414f2786fdfe447ec0cbzHytZDly02']",2020-06-14 15:25:03
🍑好温柔滴先祖大大！像妈咪👀,,游戏截图,素诺-,"['https://kol-fans.fp.ps.netease.com/file/5ee640d86f049445353e3382AZ1M66bz02', 'https://kol-fans.fp.ps.netease.com/file/5ee640d82786fd0514023091qRphRVQD02', 'https://kol-fans.fp.ps.netease.com/file/5ee640d88b7427f5f35f07ee9GTS9j8602', 'https://kol-fans.fp.ps.netease.com/file/5ee640d82786fd0514023092M0H9shsx02']",2020-06-14 15:23:05
他们说：“短笛，你性子有点倔啊。”,,游戏截图,短笛,"['https://kol-fans.fp.ps.netease.com/file/5ee61b086f049440181f59238aiuVeU602', 'https://kol-fans.fp.ps.netease.com/file/5ee61b096f049422ce887ebfy08a5a6902']",2020-06-14 12:41:45
我的光遇日常,,同人绘,18670****00,"['https://kol-fans.fp.ps.netease.com/file/5ee4cdb8143cfa39d76865f2r5xLui5d02', 'https://kol-fans.fp.ps.netease.com/file/5ee4cdb82786fdf1c45de1ecckKhbGiW02', 'https://kol-fans.fp.ps.netease.com/file/5ee4cdb9143cfa2a19ca77259N8ySGwa02']",2020-06-13 12:59:38
记,,游戏截图,萌睿,"['https://kol-fans.fp.ps.netease.com/file/5ee4cce27f9d2aa0912a3869iijlh5gU02', 'https://kol-fans.fp.ps.netease.com/file/5ee4cce28b7427e4015be4cfrBd98v6z02', 'https://kol-fans.fp.ps.netease.com/file/5ee4cce22786fd0dba60823aVcOp3Cir02']",2020-06-13 12:56:03
温暖的灵魂在霞光中相遇,,游戏截图,阿沢,['https://kol-fans.fp.ps.netease.com/file/5ee49715a7f252ec667fc8fbgAY54a7o02'],2020-06-13 09:06:29
每天都在吃狗粮，可怜我没有cp，玩个游戏还被酸(⌒▽⌒),,游戏截图,一只小澄竹,"['https://kol-fans.fp.ps.netease.com/file/5ee242152786fd5e1881c9c41JePMpvK02', 'https://kol-fans.fp.ps.netease.com/file/5ee2421596dee4767da84270vtG9ii5P02', 'https://kol-fans.fp.ps.netease.com/file/5ee242165e6027d0ce456132ZbF1Fc2C02', 'https://kol-fans.fp.ps.netease.com/file/5ee242172786fd67bb9873a0mkmhmhTP02']",2020-06-11 14:39:25
温暖的灵魂终将相遇,,游戏截图,XITU,"['https://kol-fans.fp.ps.netease.com/file/5ee118365e602783031c7351tvetl9J202', 'https://kol-fans.fp.ps.netease.com/file/5ee11837143cfa478bd637d199iweCUG02', 'https://kol-fans.fp.ps.netease.com/file/5ee118376f04943414c5429cBJGxM3uI02', 'https://kol-fans.fp.ps.netease.com/file/5ee118388b7427b100d1a3d3NAbxS1jZ02']",2020-06-10 17:28:25
温存,,游戏截图,18438****36,"['https://kol-fans.fp.ps.netease.com/file/5ee0f1d52786fde19a42835657CQuWQm02', 'https://kol-fans.fp.ps.netease.com/file/5ee0f1d77f9d2a6729b91cb3UFmRZVUx02', 'https://kol-fans.fp.ps.netease.com/file/5ee0f1d96f0494c796ff5ae5mDu6wRfK02', 'https://kol-fans.fp.ps.netease.com/file/5ee0f1dc96dee44e75e253bceJFaGAoG02']",2020-06-10 14:44:50
遇见你的时候所有星星落在我头上,,视频,15827****95,['https://kol-fans.fp.ps.netease.com/file/5edf74c296dee419c0394062gcssSgOf02'],2020-06-09 11:38:48
所有美景都想与你看,,游戏截图,18931****16,"['https://kol-fans.fp.ps.netease.com/file/5edf4d078b7427f617ae8680bdhiEPm302', 'https://kol-fans.fp.ps.netease.com/file/5edf4d082786fd7b20f25f6cabzpEXIZ02', 'https://kol-fans.fp.ps.netease.com/file/5edf4d087f9d2addd0176a54cxk4SbyK02']",2020-06-09 08:49:13
“光之子”,,游戏截图,Lione,"['https://kol-fans.fp.ps.netease.com/file/5ede1892a7f2520b11d3ac65RqSppScH02', 'https://kol-fans.fp.ps.netease.com/file/5ede189396dee4da7b4bf0b8ioosQ6N102', 'https://kol-fans.fp.ps.netease.com/file/5ede18938b74274b8d19c5b8cMLomjNH02', 'https://kol-fans.fp.ps.netease.com/file/5ede189496dee4f329669f33RLWkh5eF02']",2020-06-08 10:53:08
我和我的朋友的自拍🤳,,游戏截图,13336****18,"['https://kol-fans.fp.ps.netease.com/file/5ed6e29a7f9d2ab87690d7749qXCdcjO02', 'https://kol-fans.fp.ps.netease.com/file/5ed6e29a2786fd41c20f33b0sX3ohf2g02', 'https://kol-fans.fp.ps.netease.com/file/5ed6e29b5e602732ce6a186cmTZVm9mM02']",2020-06-02 23:36:59
梦幻之地,,游戏截图,不务正业白某人,['https://kol-fans.fp.ps.netease.com/file/5ed62585a7f2526769423d1bLO3FFjKV02'],2020-06-02 10:10:14
玩了好久，终于不是孤儿模拟器了，找到了可可爱爱的卡卡。手动@清风,,游戏截图,z****0621,"['https://kol-fans.fp.ps.netease.com/file/5ed4ff182786fdc2585db32fc99eWwg502', 'https://kol-fans.fp.ps.netease.com/file/5ed4ff1b143cfa709c62713dKaytD8F802', 'https://kol-fans.fp.ps.netease.com/file/5ed4ff1d143cfa67cf61c4f2yyhQZbfg02', 'https://kol-fans.fp.ps.netease.com/file/5ed4ff1f6f049476929ea318t1SC7RJr02']",2020-06-01 13:14:08
用心摆拍qwq,,游戏截图,一只普通的章鱼烧۹(･༥･´),['https://kol-fans.fp.ps.netease.com/file/5ed4ea5c8b74275bd402edef9MjpQEdI02'],2020-06-01 11:45:33
回忆-纪念那些美好的过去,,游戏截图,湖畔掠影丶枭溪,"['https://kol-fans.fp.ps.netease.com/file/5ed4d82d2786fd42456ef314lOT9gLhP02', 'https://kol-fans.fp.ps.netease.com/file/5ed4d82ea7f25209fe0b71a89IikEmxc02', 'https://kol-fans.fp.ps.netease.com/file/5ed4d82e143cfa4fa30e742dqMPdQpwi02', 'https://kol-fans.fp.ps.netease.com/file/5ed4d82e2786fd32e3d90a06KiHZCWh302']",2020-06-01 10:27:58
Sky小影-自设,,同人绘,湖畔掠影丶枭溪,['https://kol-fans.fp.ps.netease.com/file/5ed4d7ba96dee427267d9760WFL0WuwC02'],2020-06-01 10:26:02
一起去伊甸,,游戏截图,森森子,['https://kol-fans.fp.ps.netease.com/file/5ed49de95e60275e0bf667ac9EKYlxKX02'],2020-06-01 06:19:22
世界之巅,,游戏截图,可可甜心,['https://kol-fans.fp.ps.netease.com/file/5ed495c02786fdcb1dbaaacfzj7dF7SJ02'],2020-06-01 05:44:33
🐒报仇雪恨,,仙女图,素诺-,"['https://kol-fans.fp.ps.netease.com/file/5ed3b5f27f9d2a25c450b75bEXEQCtBO02', 'https://kol-fans.fp.ps.netease.com/file/5ed3b5f25e6027e04f75ce78Ksx2i5AG02', 'https://kol-fans.fp.ps.netease.com/file/5ed3b5f32786fd117435c5a4rOud1ddw02']",2020-05-31 13:49:39
日渐沙雕…👀💦,,仙女图,素诺-,"['https://kol-fans.fp.ps.netease.com/file/5ed3b4588b74279976c4b18eo2gGXd0h02', 'https://kol-fans.fp.ps.netease.com/file/5ed3b4587f9d2a42df83d6e6S1IFHo8l02', 'https://kol-fans.fp.ps.netease.com/file/5ed3b4595e6027fc55be084bTwjmS44m02', 'https://kol-fans.fp.ps.netease.com/file/5ed3b45c7f9d2a38ca617d6eCiKwTSJr02']",2020-05-31 13:42:59
萌新时光....,,游戏截图,雕雕🦅,"['https://kol-fans.fp.ps.netease.com/file/5ed3b3615e6027fc55be066csYiSx01p02', 'https://kol-fans.fp.ps.netease.com/file/5ed3b3616f04945d13cea5aa2gYSoAi502', 'https://kol-fans.fp.ps.netease.com/file/5ed3b36296dee4ea23afc3f83u8cfPjw02', 'https://kol-fans.fp.ps.netease.com/file/5ed3b3627f9d2a36e395ef32eOhcpZTB02']",2020-05-31 13:38:44
光遇的水,,同人绘,雕雕🦅,"['https://kol-fans.fp.ps.netease.com/file/5ed3b1cf5e6027e04f75c839biXN3IhC02', 'https://kol-fans.fp.ps.netease.com/file/5ed3b1d0a7f2528286c2c916KlcPLHDX02']",2020-05-31 13:32:01
﻿太喜欢粉天了叭💞,,游戏截图,素诺-,"['https://kol-fans.fp.ps.netease.com/file/5ed3804d143cfab60994fcb8TqbD8m2t02', 'https://kol-fans.fp.ps.netease.com/file/5ed3804e2786fdd74e734d58Mr5fDvMW02']",2020-05-31 10:00:46
因为光，才相遇,,游戏截图,素诺-,"['https://kol-fans.fp.ps.netease.com/file/5ed37f855e60278939c704308gHmL0Z902', 'https://kol-fans.fp.ps.netease.com/file/5ed37f852786fdd74e734c09EiuCpVrd02', 'https://kol-fans.fp.ps.netease.com/file/5ed37f858b7427272327f4e0TiVeYA6R02', 'https://kol-fans.fp.ps.netease.com/file/5ed37f8596dee48fd535f515Qkfuibo902']",2020-05-31 09:57:27
超喜欢你的,,游戏截图,15312****84,"['https://kol-fans.fp.ps.netease.com/file/5ed2ff307f9d2a11eca91b59lmSr2wye02', 'https://kol-fans.fp.ps.netease.com/file/5ed2ff30a7f2529d3a5862f7iJEty9rg02', 'https://kol-fans.fp.ps.netease.com/file/5ed2ff318b742740443f59af1edg0ucP02', 'https://kol-fans.fp.ps.netease.com/file/5ed2ff3196dee4108146bed4MgrqRZff02']",2020-05-31 00:49:55
雨林洞穴,,同人绘,ka ro,['https://kol-fans.fp.ps.netease.com/file/5ed2b65396dee48cc7218fabTWFOiMce02'],2020-05-30 19:39:00
和朋友们的点滴,,游戏截图,黄三三,"['https://kol-fans.fp.ps.netease.com/file/5ed23a46a7f2525d178d38ac4f6YQzXr02', 'https://kol-fans.fp.ps.netease.com/file/5ed23a472786fdb4d1809489RM7X6Ujh02', 'https://kol-fans.fp.ps.netease.com/file/5ed23a47143cfa15c34e9bfbWUoZ7N3502', 'https://kol-fans.fp.ps.netease.com/file/5ed23a47a7f25268d5516c08dHzu64e602']",2020-05-30 10:49:45
“解不开的心结就把它系成蝴蝶结吧”,,游戏截图,琦,"['https://kol-fans.fp.ps.netease.com/file/5ed21ad1143cfa3917a30fb9s51gc5vi02', 'https://kol-fans.fp.ps.netease.com/file/5ed21ad47f9d2a0d339739ebRAI0sakc02', 'https://kol-fans.fp.ps.netease.com/file/5ed21ad896dee44f0117ba9csOzM75CY02']",2020-05-30 08:35:37
无论你多大，都要相信，童话，英雄，魔法!,,视频,13614****08,['https://kol-fans.fp.ps.netease.com/file/5ed11fb97f9d2ad5a13920d20IWFizeo02'],2020-05-29 14:44:10
午 安 新 地 图,,游戏截图,阿沢,['https://kol-fans.fp.ps.netease.com/file/5ed10040a7f252a5b95f1e8eFiOKDIO102'],2020-05-29 12:29:52
幅度的路上总会有一些温暖的人，带你一起在黑暗中前行,,游戏截图,13614****08,"['https://kol-fans.fp.ps.netease.com/file/5ed0d7faa7f252a18d5d5a8fZLGoKaca02', 'https://kol-fans.fp.ps.netease.com/file/5ed0d7fa96dee4e6bfff25b0Bj8ChYc302', 'https://kol-fans.fp.ps.netease.com/file/5ed0d7fb6f04941b32dec7d5SEH9mEJE02', 'https://kol-fans.fp.ps.netease.com/file/5ed0d7fb5e6027c5c4535418FWrhQD8M02']",2020-05-29 09:38:03
我朋友看上了个斗篷结所以她换了一个胡子（？,,游戏截图,18518****21,['https://kol-fans.fp.ps.netease.com/file/5ed0c043a7f2522f5be3f082owNFeD0Z02'],2020-05-29 07:56:56
五月二十八日关服更新前最后一次和小伙伴坐在小桥下的秋千上，有点不舍这个小桥哈哈哈哈,,游戏截图,姚哥~,['https://kol-fans.fp.ps.netease.com/file/5ed06af8143cfad2263fa3ddkTdjzt8w02'],2020-05-29 01:52:57
棉花糖聚会,,游戏截图,17857****26,['https://kol-fans.fp.ps.netease.com/file/5ecf618f2786fd85c3864a14i2Cx1ig902'],2020-05-28 07:00:31
希望最美的景色都能和你们一起看,,游戏截图,18670****64,"['https://kol-fans.fp.ps.netease.com/file/5ecf30236f0494cac168e677dvVFgYN102', 'https://kol-fans.fp.ps.netease.com/file/5ecf30248b7427f31d9d7c89N9x3zjPA02', 'https://kol-fans.fp.ps.netease.com/file/5ecf30247f9d2ae0a54c4119OI3N01Jc02', 'https://kol-fans.fp.ps.netease.com/file/5ecf30247f9d2aec17bdb593P5Bm7A7Z02']",2020-05-28 03:29:42
光遇瞬间,,游戏截图,18889****91,"['https://kol-fans.fp.ps.netease.com/file/5ecf08c3a7f2526160ca76feh2E0A6ya02', 'https://kol-fans.fp.ps.netease.com/file/5ecf08c36f0494eb25d71189aEahvbLe02', 'https://kol-fans.fp.ps.netease.com/file/5ecf08c3143cfaffd7b12534hXLq9iEL02', 'https://kol-fans.fp.ps.netease.com/file/5ecf08c42786fdd2d33887b1rTvJ17F202']",2020-05-28 00:41:43
#孤独的旅行记录1,,游戏截图,13614****08,"['https://kol-fans.fp.ps.netease.com/file/5ece594496dee49987d20e0dGJ0XdzTs02', 'https://kol-fans.fp.ps.netease.com/file/5ece59448b74271cf682d09fpZU0ssNK02', 'https://kol-fans.fp.ps.netease.com/file/5ece594496dee4a219065855sDTB9xGd02', 'https://kol-fans.fp.ps.netease.com/file/5ece5944a7f2529df9565775i9F9Lv1l02']",2020-05-27 12:12:53
一些记录，我是个小萌新吖，刚开始玩，不过一个人有点孤单,,游戏截图,迢49k,"['https://kol-fans.fp.ps.netease.com/file/5ecc77a4a7f252bbc0294460ssjtImSi02', 'https://kol-fans.fp.ps.netease.com/file/5ecc77a4143cfab52467d481s5wM1rGZ02', 'https://kol-fans.fp.ps.netease.com/file/5ecc77a52786fd876c01ef1clLccsOCq02', 'https://kol-fans.fp.ps.netease.com/file/5ecc77a5143cfaac5b621c6aCT6zPSrz02']",2020-05-26 01:57:58
被大佬围住！可还是串线了。。。,,游戏截图,17800****18,"['https://kol-fans.fp.ps.netease.com/file/5ecc5ecc2786fdd1328343d4FIT1Sa1M02', 'https://kol-fans.fp.ps.netease.com/file/5ecc5ecd5e60279105cb12105UEHFiEz02', 'https://kol-fans.fp.ps.netease.com/file/5ecc5ece8b74279655727eb4KweNFd1U02']",2020-05-26 00:11:58
我说面具下的阿沢长这样你信嘛,,同人绘,阿沢,['https://kol-fans.fp.ps.netease.com/file/5ecbd0115e6027ed41bed822Kzgi7Iud02'],2020-05-25 14:02:57
能和自己最爱的人一起看日落，这就是幸福🐰,,游戏截图,15579****57,"['https://kol-fans.fp.ps.netease.com/file/5ecbb88aa7f252ae145f58e53mg6uJoh02', 'https://kol-fans.fp.ps.netease.com/file/5ecbb88aa7f252701f1ac375tsssySDa02', 'https://kol-fans.fp.ps.netease.com/file/5ecbb88aa7f25294cb180c01HGevfdTg02']",2020-05-25 12:22:35
一个人有点孤单,,游戏截图,15391****21,"['https://kol-fans.fp.ps.netease.com/file/5ecb4e735e60270bed27efe1wpixrZuH02', 'https://kol-fans.fp.ps.netease.com/file/5ecb4e736f0494885abd4127hE1WXAQi02']",2020-05-25 04:49:55
我的朋友,,游戏截图,13688****78,"['https://kol-fans.fp.ps.netease.com/file/5ecadaab96dee4c7990be325iM6R1ug902', 'https://kol-fans.fp.ps.netease.com/file/5ecadaab96dee4c65ce295f26waDgy8s02', 'https://kol-fans.fp.ps.netease.com/file/5ecadaab5e6027af99fa25f7EoqwRTgi02', 'https://kol-fans.fp.ps.netease.com/file/5ecadaab8b742745824e97f5APxh8iRL02']",2020-05-24 20:35:57
跟大神对视哈哈哈,,游戏截图,13841****98,"['https://kol-fans.fp.ps.netease.com/file/5eca5a6b8b74275be37535e4UfetwTqu02', 'https://kol-fans.fp.ps.netease.com/file/5eca5a6b2786fd2578282235vT8BBX8H02']",2020-05-24 11:28:44
看我运功,,游戏截图,13841****98,['https://kol-fans.fp.ps.netease.com/file/5eca5a0d8b74273d211b3276Do2kzXei02'],2020-05-24 11:27:10
跟朋友落落搞一把小浪漫,,游戏截图,13841****98,"['https://kol-fans.fp.ps.netease.com/file/5eca59b25e6027cfa33b44b9iecopGrp02', 'https://kol-fans.fp.ps.netease.com/file/5eca59b38b74275a88b296a5LXWaOFUZ02', 'https://kol-fans.fp.ps.netease.com/file/5eca59b37f9d2a9473b4dd9bi9IQM04502', 'https://kol-fans.fp.ps.netease.com/file/5eca59b35e6027a970be07581hoJHYre02']",2020-05-24 11:25:39
四小黑帅哥队伍,,游戏截图,13841****98,"['https://kol-fans.fp.ps.netease.com/file/5eca59458b74276f755af02dXA01prYO02', 'https://kol-fans.fp.ps.netease.com/file/5eca5946a7f2525ac316614aUMKg28i802']",2020-05-24 11:23:50
小美好,,游戏截图,小仙女,"['https://kol-fans.fp.ps.netease.com/file/5ec938bc96dee40c397c6806TJxdwbsH02', 'https://kol-fans.fp.ps.netease.com/file/5ec938bc143cfa8368f03047dvy9cSPR02', 'https://kol-fans.fp.ps.netease.com/file/5ec938bca7f2528f9cf9d710k3mufbxZ02', 'https://kol-fans.fp.ps.netease.com/file/5ec938bc8b7427b4da7edbabpzMb2GUM02']",2020-05-23 14:52:46
从萠新到大佬，感谢那些一路相伴之人,,游戏截图,18577****32,"['https://kol-fans.fp.ps.netease.com/file/5ec8d10a6f04944891e2c491Yy31xTCM02', 'https://kol-fans.fp.ps.netease.com/file/5ec8d10a6f04948d60a288d7xQ6ilsql02', 'https://kol-fans.fp.ps.netease.com/file/5ec8d10a5e60275359e5ddc4OODf3jwL02', 'https://kol-fans.fp.ps.netease.com/file/5ec8d10a8b7427bc07dd607fiiOlJhmD02']",2020-05-23 07:30:19
一起来看彩虹吧,,游戏截图,13702****26,['https://kol-fans.fp.ps.netease.com/file/5ec8a1af6f049453ec219c87th0ivP8r02'],2020-05-23 04:08:15
❤️,,游戏截图,s****44657890,"['https://kol-fans.fp.ps.netease.com/file/5ec88af06f0494d016bdd86bt6OiZx9x02', 'https://kol-fans.fp.ps.netease.com/file/5ec88af68b7427603bc3e5b1NF2cFe1C02', 'https://kol-fans.fp.ps.netease.com/file/5ec88b028b7427603bc3e5beAW6tG7Bp02']",2020-05-23 02:31:31
合影,,游戏截图,18715****75,['https://kol-fans.fp.ps.netease.com/file/5ec859818b7427fbb921999aGoGlRDbE02'],2020-05-22 23:00:17
自设的皮肤aaa！,,同人绘,阿沢,"['https://kol-fans.fp.ps.netease.com/file/5ec7f0468b7427a2d9541b10CIYjihUg02', 'https://kol-fans.fp.ps.netease.com/file/5ec7f0472786fd286500c0854YWbj8u902']",2020-05-22 15:31:19
给人温暖的感觉,,游戏截图,15092****60,['https://kol-fans.fp.ps.netease.com/file/5ec7cb9c2786fd3921658c561b0eVOPO02'],2020-05-22 12:54:53
光遇的同人图,,同人绘,15092****60,['https://kol-fans.fp.ps.netease.com/file/5ec7cb817f9d2af5c34ad590tu222juy02'],2020-05-22 12:54:26
爱死光遇了！₊*:ஐ٩(๑´ᵕ`)۶ஐ:*,,游戏截图,小白-Sky,"['https://kol-fans.fp.ps.netease.com/file/5ec73ccd96dee42874f651bfX27VN5cF02', 'https://kol-fans.fp.ps.netease.com/file/5ec73ccd5e6027bf9c6dbdbbFu6Vc2iI02', 'https://kol-fans.fp.ps.netease.com/file/5ec73ccd96dee4079db373a9jYcpg56R02', 'https://kol-fans.fp.ps.netease.com/file/5ec73ccea7f252388de8855dYkKOeh0t02']",2020-05-22 02:45:36
听,,游戏截图,15133****88,['https://kol-fans.fp.ps.netease.com/file/5ec6a02ea7f252de346b0da27XItedGo02'],2020-05-21 15:37:19
近距离观察，原来拿过光翼的位置留下的轮廓是一个又一个小星星，太可爱了吧,,游戏截图,鶄鸽子,['https://kol-fans.fp.ps.netease.com/file/5ec68e7a96dee4df57d965dcBEP1Eaw202'],2020-05-21 14:21:46
摘星 「禁阁」,,游戏截图,15079****16,"['https://kol-fans.fp.ps.netease.com/file/5ec68affa7f252abd94b80d1zQkHTpEI02', 'https://kol-fans.fp.ps.netease.com/file/5ec68aff5e602725cd13b5f8kgY43lEJ02', 'https://kol-fans.fp.ps.netease.com/file/5ec68aff96dee4d14d06a475BlGH7EPZ02', 'https://kol-fans.fp.ps.netease.com/file/5ec68b00143cfa0754f63266PdToTvMG02']",2020-05-21 14:06:56
看我迷人的小眼睛,,游戏截图,17800****18,['https://kol-fans.fp.ps.netease.com/file/5ec687cf143cfaedca3a8483D1M6yiGP02'],2020-05-21 13:53:19
立正，敬礼！,,游戏截图,13702****26,['https://kol-fans.fp.ps.netease.com/file/5ec665976f049433e8c0c7a5tOt8GBpQ02'],2020-05-21 11:27:20
变矮了！！,,游戏截图,13702****26,"['https://kol-fans.fp.ps.netease.com/file/5ec66551143cfaf80999bfc9rXFhh1uU02', 'https://kol-fans.fp.ps.netease.com/file/5ec665516f049468e937cb88qI927uVu02']",2020-05-21 11:26:10
来自陌生人无翼的爱,,游戏截图,13012****39,['https://kol-fans.fp.ps.netease.com/file/5ec65cde5e6027f7fb2ddf23KArk100p02'],2020-05-21 10:50:07
自己目前的光遇形象,,同人绘,鲨丝酱,['https://kol-fans.fp.ps.netease.com/file/5ec64f592786fdd318bd2991YM2LUd7i02'],2020-05-21 09:52:25
贝贝，想死你了💗,,游戏截图,咕咚,"['https://kol-fans.fp.ps.netease.com/file/5ec620c92786fd65a1117c4fsWh9je2I02', 'https://kol-fans.fp.ps.netease.com/file/5ec620c95e60278b5e509c3bvRWsEiDg02', 'https://kol-fans.fp.ps.netease.com/file/5ec620ca2786fd79debbb660mRF2liyC02']",2020-05-21 06:33:46
杨柳春风，不度玉门关,,游戏截图,暮酒,['https://kol-fans.fp.ps.netease.com/file/5ec5e71b5e6027e730839771luSF6Afs02'],2020-05-21 02:27:39
初.光遇开始,,游戏截图,15042****52,"['https://kol-fans.fp.ps.netease.com/file/5ec5bae77f9d2a44fc18311eELjeXsmh02', 'https://kol-fans.fp.ps.netease.com/file/5ec5bae97f9d2a0508b1adb78AtMkPub02', 'https://kol-fans.fp.ps.netease.com/file/5ec5baea143cfa37d4d7a63eYqPNcBKS02', 'https://kol-fans.fp.ps.netease.com/file/5ec5baec7f9d2a0d6a98cb5etilbMAWi02']",2020-05-20 23:19:13
龙卡真香,,cp,木白玖,"['https://kol-fans.fp.ps.netease.com/file/5ec556642786fd5c4f7ad69dXm0a1V7a02', 'https://kol-fans.fp.ps.netease.com/file/5ec556648b7427915b1e1bf0R9qlMXC202', 'https://kol-fans.fp.ps.netease.com/file/5ec556642786fd505e1542c6qr6Ze1hM02']",2020-05-20 16:10:13
愉快,,游戏截图,n****cq,['https://kol-fans.fp.ps.netease.com/file/5ec512d17f9d2a431b4d38c9DEvatr3T02'],2020-05-20 11:21:54
坠入永夜，不复破晓。,,游戏截图,19825****85,"['https://kol-fans.fp.ps.netease.com/file/5ec5118d5e60279e9e00b0d3ejbR47a702', 'https://kol-fans.fp.ps.netease.com/file/5ec5118d7f9d2a3d659da36a1Y71ldey02', 'https://kol-fans.fp.ps.netease.com/file/5ec5118da7f2521ab766b0a4pAmdKwHF02', 'https://kol-fans.fp.ps.netease.com/file/5ec5118d143cfa045f5600dbrtR9KmVp02']",2020-05-20 11:16:30
“陨落之光”,,游戏截图,17610****38,"['https://kol-fans.fp.ps.netease.com/file/5ec409c16f049464f3177b7bFOHMVmKR02', 'https://kol-fans.fp.ps.netease.com/file/5ec409c296dee488d77181455I976xBz02']",2020-05-19 16:30:58
打卡🌈,,游戏截图,兔耳,"['https://kol-fans.fp.ps.netease.com/file/5ec25fd87f9d2af60dd7e0c3XD0Vu9cR02', 'https://kol-fans.fp.ps.netease.com/file/5ec25fd86f0494fd5efdf8b0XbAxAhsB02', 'https://kol-fans.fp.ps.netease.com/file/5ec25fd896dee414e7cfa414kFsOH4Pl02', 'https://kol-fans.fp.ps.netease.com/file/5ec25fd95e6027434fe99671twkSuNe302']",2020-05-18 10:13:46
甜甜的爱情啊，我羡慕了,,游戏截图,15642****09,"['https://kol-fans.fp.ps.netease.com/file/5ec248f58b7427d85c40f6faQe5WdbMC02', 'https://kol-fans.fp.ps.netease.com/file/5ec248f5a7f2521057ec646bR2PC1LUw02', 'https://kol-fans.fp.ps.netease.com/file/5ec248f5143cfa6e3123b16cYNJyGudV02', 'https://kol-fans.fp.ps.netease.com/file/5ec248f57f9d2a00b371e508c2Bc8VlT02']",2020-05-18 08:36:06
我好喜欢这个游戏,,游戏截图,15518****09,['https://kol-fans.fp.ps.netease.com/file/5ec1f56f8b7427762cf1ca46i6m0VmM402'],2020-05-18 02:39:44
你原来是什么样子呢,,游戏截图,17683****06,['https://kol-fans.fp.ps.netease.com/file/5ec172ad96dee48e2c48e3d0Fxxkv68802'],2020-05-17 17:21:49
孤独的萌新~,,游戏截图,1****87355,"['https://kol-fans.fp.ps.netease.com/file/5ec0d95c8b74275d18af2d50mQUJoXVC02', 'https://kol-fans.fp.ps.netease.com/file/5ec0d95ca7f2529e751f22115lTNJ8em02']",2020-05-17 06:27:40
哦吼吼，老伙计，您的样子看起来真不错~,,游戏截图,17771****67,['https://kol-fans.fp.ps.netease.com/file/5ec0d57296dee4a52d057b5ctECcCkgr02'],2020-05-17 06:10:59
也不过是从最开始一个人，到最后一个人,,游戏截图,烟生浊,"['https://kol-fans.fp.ps.netease.com/file/5ec0ca567f9d2a7a24d25a31YghBh85202', 'https://kol-fans.fp.ps.netease.com/file/5ec0ca586f0494dbaf6bbff5TfXoDIc702', 'https://kol-fans.fp.ps.netease.com/file/5ec0ca5a8b742710b9358c88jiWB6esm02', 'https://kol-fans.fp.ps.netease.com/file/5ec0ca5b8b742710b9358c8asc1J2r5B02']",2020-05-17 05:23:50
飞,,游戏截图,18712****32,"['https://kol-fans.fp.ps.netease.com/file/5ec00ba47f9d2a47bd735c94HKiUvfal02', 'https://kol-fans.fp.ps.netease.com/file/5ec00ba47f9d2a26fbdb0f44FOMK3QDX02', 'https://kol-fans.fp.ps.netease.com/file/5ec00ba58b7427b6815ec4b3SijRDir902']",2020-05-16 15:49:58
我们的时光,,朋友,18712****32,"['https://kol-fans.fp.ps.netease.com/file/5ec00b2c143cfac97b17dfe850jczNg902', 'https://kol-fans.fp.ps.netease.com/file/5ec00b2ca7f25260ee35ed6a9K7WECFC02', 'https://kol-fans.fp.ps.netease.com/file/5ec00b2d96dee42b6ce49871ihemEF2802', 'https://kol-fans.fp.ps.netease.com/file/5ec00b2e6f049470e0203397MLpHWfSa02']",2020-05-16 15:47:59
伊甸星河，只有我一个人,,游戏截图,短笛,"['https://kol-fans.fp.ps.netease.com/file/5ebfe312a7f2527abcc52886AmtFzfT202', 'https://kol-fans.fp.ps.netease.com/file/5ebfe3138b7427abde770dd7ZX3RZMou02', 'https://kol-fans.fp.ps.netease.com/file/5ebfe314143cfaa2a5c973f33flGCp4U02', 'https://kol-fans.fp.ps.netease.com/file/5ebfe3157f9d2a4a113648ceo77KTuRC02']",2020-05-16 12:56:54
我飞的好高,,游戏截图,短笛,"['https://kol-fans.fp.ps.netease.com/file/5ebfe2dc8b74276c0ac70c7dxRkCKo2902', 'https://kol-fans.fp.ps.netease.com/file/5ebfe2dd143cfaa3df973473C2QYuNUX02']",2020-05-16 12:55:58
﻿这一切，真的很美好,,游戏截图,g****ming08,"['https://kol-fans.fp.ps.netease.com/file/5ebfd16a7f9d2ae526f342c89riEEmMg02', 'https://kol-fans.fp.ps.netease.com/file/5ebfd16a6f0494f9858e42cdH7CiSJMb02', 'https://kol-fans.fp.ps.netease.com/file/5ebfd16ba7f25257101eb0305qUthuI502']",2020-05-16 11:41:31
光遇,,视频,1****214518,['https://kol-fans.fp.ps.netease.com/file/5ebf474596dee46304dd4f00TRJ23B0R02'],2020-05-16 01:52:08
哥哥，我一直在找你，边旅行，边摄影,,游戏截图,短笛,"['https://kol-fans.fp.ps.netease.com/file/5ebe92e02786fd946e125cd9MKMYMkEg02', 'https://kol-fans.fp.ps.netease.com/file/5ebe92e26f04948f430926cfFDr1aJ5H02', 'https://kol-fans.fp.ps.netease.com/file/5ebe92e38b7427c16861dbfd9BBzYkYw02', 'https://kol-fans.fp.ps.netease.com/file/5ebe92e42786fd932da19e2bOJ4CoMjz02']",2020-05-15 13:02:31
点火,,游戏截图,短笛,['https://kol-fans.fp.ps.netease.com/file/5ebd3f2e5e60273cc6bfd723g64Jed1S02'],2020-05-14 12:53:03
光遇烤螃蟹,,同人绘,17746****29,['https://kol-fans.fp.ps.netease.com/file/5ebccf046f0494df68f1526fVsNDHNYc02'],2020-05-14 04:54:32
伊甸,,游戏截图,小逸,"['https://kol-fans.fp.ps.netease.com/file/5eba028896dee479d786ded1qxRM085m02', 'https://kol-fans.fp.ps.netease.com/file/5eba02886f04943df888fd453aqvMsM602', 'https://kol-fans.fp.ps.netease.com/file/5eba028896dee465d3e3b09fsWlsMJaF02', 'https://kol-fans.fp.ps.netease.com/file/5eba0288143cfa4b13a5b71aWqErQu0O02']",2020-05-12 01:57:29
光之后裔,,同人绘,13252****07,['https://kol-fans.fp.ps.netease.com/file/5eb9107d96dee4de3226425578aIhamz02'],2020-05-11 08:44:48
好可爱啊,,游戏截图,13252****07,['https://kol-fans.fp.ps.netease.com/file/5eb8f9fc8b7427ce450e10d1KkZlBXbY02'],2020-05-11 07:08:52
做一个快乐的黑仔,,游戏截图,17600****25,"['https://kol-fans.fp.ps.netease.com/file/5eb82830143cfa53eefce5a0iEUfdtVN02', 'https://kol-fans.fp.ps.netease.com/file/5eb82830a7f252b16783349eTF1jSBIW02']",2020-05-10 16:13:40
日常快乐,,游戏截图,秋分,"['https://kol-fans.fp.ps.netease.com/file/5eb8052ba7f252a79b175681rm3vP4It02', 'https://kol-fans.fp.ps.netease.com/file/5eb8052b96dee40b687e0391JKb6lBqT02', 'https://kol-fans.fp.ps.netease.com/file/5eb8052b96dee408695507f1ztY7s3bs02', 'https://kol-fans.fp.ps.netease.com/file/5eb8052b6f04943a4a46b779JZ3HFHQG02']",2020-05-10 13:44:12
温暖终会相遇,,游戏截图,梦里卷卷,"['https://kol-fans.fp.ps.netease.com/file/5eb77ad55e602793948831fdq9iJZHND02', 'https://kol-fans.fp.ps.netease.com/file/5eb77ad56f04941be0cabcb419ymjghF02', 'https://kol-fans.fp.ps.netease.com/file/5eb77ad6143cfafcc970a9586PAuY4Rh02']",2020-05-10 03:55:42
雨中漫步,,游戏截图,梦里卷卷,"['https://kol-fans.fp.ps.netease.com/file/5eb775747f9d2a51cde64d19NMjYMvQw02', 'https://kol-fans.fp.ps.netease.com/file/5eb775757f9d2a72de30c8e0l1Ky5vrS02', 'https://kol-fans.fp.ps.netease.com/file/5eb7757596dee428267ba546SrSOxQoy02', 'https://kol-fans.fp.ps.netease.com/file/5eb77577143cfaaa59b4c7a7iF8lZNrY02']",2020-05-10 03:31:09
烟花,,游戏截图,梦里卷卷,"['https://kol-fans.fp.ps.netease.com/file/5eb774b28b742727c9ce4b36opzz9hXk02', 'https://kol-fans.fp.ps.netease.com/file/5eb774b3a7f25252d4f38695zafSmQIV02']",2020-05-10 03:27:48
大高个与小高个,,游戏截图,night孤影,['https://kol-fans.fp.ps.netease.com/file/5eb6e2cea7f25226f773ed82U9wYTO5d02'],2020-05-09 17:05:18
光遇这个游戏真的十分温暖，每次回忆游戏里的时刻的时候露出的微笑都是真诚的,,游戏截图,13411****63,"['https://kol-fans.fp.ps.netease.com/file/5eb68bf18b7427bd9e3a9ab1xzj1zpM202', 'https://kol-fans.fp.ps.netease.com/file/5eb68bf12786fd72b719837bz2ET0IqN02', 'https://kol-fans.fp.ps.netease.com/file/5eb68bf12786fd554b824e4bCUPVckQ702', 'https://kol-fans.fp.ps.netease.com/file/5eb68bf15e60277f14f689c50cFdAeoi02']",2020-05-09 10:54:43
缘分就是那么的妙不可言,,游戏截图,是金鱼呢,['https://kol-fans.fp.ps.netease.com/file/5eb6214e2786fddee84f6137hR4hXqM302'],2020-05-09 03:19:42
听说自古红蓝出cp，那我和师傅什么关系？（我师傅是红色的那个hhh还是个女生hhhhh,,游戏截图,是金鱼呢,"['https://kol-fans.fp.ps.netease.com/file/5eb6212f96dee48c8831c504WoupNdp902', 'https://kol-fans.fp.ps.netease.com/file/5eb6212f8b742728819cfd79UdJqzWbf02']",2020-05-09 03:19:12
光遇绘2,,同人绘,旅人1969,['https://kol-fans.fp.ps.netease.com/file/5eb2af95143cfa65f98da5adU59XYw9102'],2020-05-06 12:37:42
光遇绘1,,同人绘,旅人1969,['https://kol-fans.fp.ps.netease.com/file/5eb2ae895e602767097d49a8IuvcC0je02'],2020-05-06 12:33:14
师傅与我，一直把我从萌新带到伪大佬的师傅（我也就这一个师傅）,,游戏截图,是金鱼呢,"['https://kol-fans.fp.ps.netease.com/file/5eb24d1f96dee4ab65f2fa67SR7fCAA302', 'https://kol-fans.fp.ps.netease.com/file/5eb24d1f7f9d2a5710e2f7feeNFdaAuH02', 'https://kol-fans.fp.ps.netease.com/file/5eb24d1fa7f25256a2ad74a4ls8ZifiI02', 'https://kol-fans.fp.ps.netease.com/file/5eb24d202786fd0861cb0d26VTzjlSQa02']",2020-05-06 05:37:37
做快乐孤狼！,,游戏截图,17731****82,"['https://kol-fans.fp.ps.netease.com/file/5eb166817f9d2a218d13b75e4f6WimqD02', 'https://kol-fans.fp.ps.netease.com/file/5eb166816f0494c5a1617703DKYpSFp902', 'https://kol-fans.fp.ps.netease.com/file/5eb166816f049497c8ad4021vCG8FisG02']",2020-05-05 13:13:44
和朋友们一起的时光/,,游戏截图,兔兔/,"['https://kol-fans.fp.ps.netease.com/file/5eb10eb96f0494ad448a9e48A1l5bd2z02', 'https://kol-fans.fp.ps.netease.com/file/5eb10ebaa7f252efbb53df34QWISt4B402', 'https://kol-fans.fp.ps.netease.com/file/5eb10ebb96dee425b6fe046b3a8uF58i02', 'https://kol-fans.fp.ps.netease.com/file/5eb10ebb6f0494ad448a9e4cqkeq5CNy02']",2020-05-05 06:59:08
自己创了个,,人物图,言淼,['https://kol-fans.fp.ps.netease.com/file/5eb03c2f2786fdd77e5d1476Ueig92Rb02'],2020-05-04 16:00:47
感谢相遇，下次画点什么呢？,,同人绘,Yoki,"['https://kol-fans.fp.ps.netease.com/file/5eafeebd143cfa10c6764a382ScXKeFc02', 'https://kol-fans.fp.ps.netease.com/file/5eafeebd8b74279632b855176i48Uyi302']",2020-05-04 10:30:22
今天冥想的石碑问我什么让我觉得我依旧幼稚，我想到了，我还喜欢你,,游戏截图,天天天就是我呀,['https://kol-fans.fp.ps.netease.com/file/5eae17216f0494a14fa2858fZ3JDtYHg02'],2020-05-03 00:58:10
手绘,,同人绘,Yoki,['https://kol-fans.fp.ps.netease.com/file/5ead0ace6f0494840f3e6734CSiVDFDR02'],2020-05-02 05:53:19
五月里的白蛇传,,游戏截图,天天天就是我呀,['https://kol-fans.fp.ps.netease.com/file/5eacdf5a96dee4385a2839d00GRjik3x02'],2020-05-02 02:47:54
荡荡秋千,,游戏截图,9****2808,['https://kol-fans.fp.ps.netease.com/file/5eac16d87f9d2a8f40c43debhgqiX81Y02'],2020-05-01 12:32:25
最好的年纪里，遇见了光一样的“他们”,,同人文,18361****78,['https://kol-fans.fp.ps.netease.com/file/5eac11bf7f9d2a62ee5aa1d9ij67D7Iz02'],2020-05-01 12:10:59
暮光定格,,游戏截图,18361****78,['https://kol-fans.fp.ps.netease.com/file/5eac0c2da7f252e195fa8cd2gRMi0r4C02'],2020-05-01 11:46:54
给你比心啦,,游戏截图,17815****50,['https://kol-fans.fp.ps.netease.com/file/5eac03c5a7f252bd07bf3caeXAc6yosM02'],2020-05-01 11:11:08
夕阳,,游戏截图,喵子,['https://kol-fans.fp.ps.netease.com/file/5eaac49fa7f2525cd8691941rN1TFZ4902'],2020-04-30 12:29:20
地图,,游戏截图,13661****80,['https://kol-fans.fp.ps.netease.com/file/5eaa6116143cfa0726a552c4UsZeyayB02'],2020-04-30 05:24:45
往昔,,游戏截图,17394****73,"['https://kol-fans.fp.ps.netease.com/file/5eaa5d597f9d2adf1d3b88cdkLJw99LJ02', 'https://kol-fans.fp.ps.netease.com/file/5eaa5d595e6027b236230b93Kg4QqR9702', 'https://kol-fans.fp.ps.netease.com/file/5eaa5d5a143cfaca2a75b47ePJyysKgC02', 'https://kol-fans.fp.ps.netease.com/file/5eaa5d5a2786fd73bf80730eHAiXixi402']",2020-04-30 05:08:44
暖暖,,游戏截图,18819****65,"['https://kol-fans.fp.ps.netease.com/file/5eaa4719143cfa3140f59e42rZhTxfCh02', 'https://kol-fans.fp.ps.netease.com/file/5eaa47195e60275616eabc4ad0Gi2j3i02', 'https://kol-fans.fp.ps.netease.com/file/5eaa471a6f0494a91aca37387MDwxBbD02', 'https://kol-fans.fp.ps.netease.com/file/5eaa471b2786fddebd68848czBvLu8Vs02']",2020-04-30 03:33:48
温暖的灵魂终将相遇,,好友,是金鱼呢,"['https://kol-fans.fp.ps.netease.com/file/5eaa1c2ba7f252f3e2dcdccaAclwcglV02', 'https://kol-fans.fp.ps.netease.com/file/5eaa1c782786fdeda6d10802S3Sk10eg02']",2020-04-30 00:32:25
简陋版叠叠乐,,游戏截图,是金鱼呢,['https://kol-fans.fp.ps.netease.com/file/5ea9697f143cfa5504f366bdKAMuarg502'],2020-04-29 11:48:22
光之后裔,,游戏截图,15125****27,['https://kol-fans.fp.ps.netease.com/file/5ea8538e5e6027586e6b1651QvdJOl3M02'],2020-04-28 16:02:23
我是一条酸菜鱼，又酸又菜又多余,,游戏截图,是金鱼呢,['https://kol-fans.fp.ps.netease.com/file/5ea771615e602781a6c6e755AGQLvBqC02'],2020-04-27 23:57:31
足迹,,游戏截图,17394****73,"['https://kol-fans.fp.ps.netease.com/file/5ea6f59f2786fd3227f0c14bQk6b23Sl02', 'https://kol-fans.fp.ps.netease.com/file/5ea6f5a02786fd31a86a0650mXxF77RG02', 'https://kol-fans.fp.ps.netease.com/file/5ea6f5a02786fd048a208d26H8l4UGb502']",2020-04-27 15:09:21
晨岛真的是个拍照的好地方！👍🏻,,光遇晨岛,13657****27,['https://kol-fans.fp.ps.netease.com/file/5ea65d388b74272381e3e88a9jft9Q3K02'],2020-04-27 04:19:05
一些碎片,,游戏截图,mhryeon,"['https://kol-fans.fp.ps.netease.com/file/5ea653387f9d2a362bfbc023uXwLAcT002', 'https://kol-fans.fp.ps.netease.com/file/5ea65338143cfa89ca0a887ammDzUCpi02', 'https://kol-fans.fp.ps.netease.com/file/5ea6533896dee4c396cc58acU7Y0GN0K02', 'https://kol-fans.fp.ps.netease.com/file/5ea65338143cfa8236e34f037iWAT7ls02']",2020-04-27 03:36:24
往年的圣诞节,,游戏截图,mhryeon,"['https://kol-fans.fp.ps.netease.com/file/5ea65325a7f252474fca6ed4Zht5MbTK02', 'https://kol-fans.fp.ps.netease.com/file/5ea6532596dee4ca6c49b67ewiUmMW6H02', 'https://kol-fans.fp.ps.netease.com/file/5ea653257f9d2afda8336480DIlhQ41f02']",2020-04-27 03:36:05
去看宫殿的我们,,游戏截图,mhryeon,"['https://kol-fans.fp.ps.netease.com/file/5ea653166f049499b583aaaa0rqR5qmk02', 'https://kol-fans.fp.ps.netease.com/file/5ea653162786fd2124b61c87BTi58JR302', 'https://kol-fans.fp.ps.netease.com/file/5ea653168b7427c0021746fdQXv6DvBL02', 'https://kol-fans.fp.ps.netease.com/file/5ea6531696dee4c21263d882bEXv9KOV02']",2020-04-27 03:35:50
最近~,,游戏截图,mhryeon,"['https://kol-fans.fp.ps.netease.com/file/5ea652fa8b7427ec5d94508avaM3AmhD02', 'https://kol-fans.fp.ps.netease.com/file/5ea652fa2786fd221f99e7ac9gFmxMUQ02', 'https://kol-fans.fp.ps.netease.com/file/5ea652fa96dee4c21263d862c3PrLEaP02', 'https://kol-fans.fp.ps.netease.com/file/5ea652fa8b7427e27b43ffa651O0ijxc02']",2020-04-27 03:35:23
休息时间～,,游戏截图,17610****38,['https://kol-fans.fp.ps.netease.com/file/5ea575e096dee4fa1d8c0868mwNBWVII02'],2020-04-26 11:52:02
❤️,,游戏截图,18990****16,"['https://kol-fans.fp.ps.netease.com/file/5ea50c3c8b742746bf0af7413vBBEgiF02', 'https://kol-fans.fp.ps.netease.com/file/5ea50c3d5e6027d1f92b2ce1kfJCI6xk02', 'https://kol-fans.fp.ps.netease.com/file/5ea50c3d143cfa7d497da764cCiuckd702', 'https://kol-fans.fp.ps.netease.com/file/5ea50c3d2786fd68ae0c4a415yU2iYo302']",2020-04-26 04:21:25
繁星还在闪耀...,,游戏截图,18201****90,['https://kol-fans.fp.ps.netease.com/file/5ea2da2d6f0494cf944a37c7tTPJoNp102'],2020-04-24 12:23:10
   ,,同人绘,星月,['https://kol-fans.fp.ps.netease.com/file/5ea29b542786fdaca028cb7dWToR4jLi02'],2020-04-24 07:55:01
温暖的灵魂，终将相遇,,游戏截图,星月,['https://kol-fans.fp.ps.netease.com/file/5ea29665143cfaf9d3e3e4e3tFufNSEw02'],2020-04-24 07:33:57
遇见,,游戏截图,xixi,"['https://kol-fans.fp.ps.netease.com/file/5ea19fb86f04945caf69e079KExqoMR602', 'https://kol-fans.fp.ps.netease.com/file/5ea19fb88b74276d3d031190dODHUT8k02', 'https://kol-fans.fp.ps.netease.com/file/5ea19fb996dee4263d32aa8366v7f8dm02', 'https://kol-fans.fp.ps.netease.com/file/5ea19fb9a7f252967548a3bcW3BbCoWM02']",2020-04-23 14:01:30
温暖的灵魂终将相遇！享受惬意的午后阳光。🌹🌹🌹,,游戏截图,17738****89,"['https://kol-fans.fp.ps.netease.com/file/5ea15af12786fd13dd9ad12bRYQwiIp102', 'https://kol-fans.fp.ps.netease.com/file/5ea15af17f9d2a5ec09c4f552ulqjvgb02', 'https://kol-fans.fp.ps.netease.com/file/5ea15af12786fd1c6a686206yfUXXqiL02']",2020-04-23 09:08:02
温暖的灵魂，终究会相遇,,游戏截图,17610****38,['https://kol-fans.fp.ps.netease.com/file/5ea033d46f04949bc57b84bcOighRiBw02'],2020-04-22 12:08:53
火神哈哈～,,游戏截图,13662****50,['https://kol-fans.fp.ps.netease.com/file/5e9ec0035e6027dc8aba6765VGVipaDc02'],2020-04-21 09:42:27
有趣的灵魂今天也有好好串线,,游戏截图,15374****42,"['https://kol-fans.fp.ps.netease.com/file/5e9e9fe2a7f252249e520b2fCS3bTiPi02', 'https://kol-fans.fp.ps.netease.com/file/5e9e9fe36f04948f9b0a03e9MBlb33Vj02', 'https://kol-fans.fp.ps.netease.com/file/5e9e9fe55e602701f296fc02zHSvDQXU02', 'https://kol-fans.fp.ps.netease.com/file/5e9e9fea5e60271338520a1cdmvYKzAt02']",2020-04-21 07:25:31
你的好友江jia啊,,游戏截图,15374****42,['https://kol-fans.fp.ps.netease.com/file/5e9dd6815e6027a1249de4c1uo9REXiw02'],2020-04-20 17:06:09
光之后裔,,同人绘,13512****75,['https://kol-fans.fp.ps.netease.com/file/5e9dd2805e6027a1249de18dTSgzKDyd02'],2020-04-20 16:49:05
明信片1,,游戏截图,15645****25,['https://kol-fans.fp.ps.netease.com/file/5e9b77d2a7f252244ad66b42EuqNG70F02'],2020-04-18 21:57:39
大概是我梦想中的形象,,同人绘,水岛.wi,['https://kol-fans.fp.ps.netease.com/file/5e9b03597f9d2a02ec0019ffCaquik4H02'],2020-04-18 13:40:42
嗯，以前糊的，发发看,,同人绘,水岛.wi,['https://kol-fans.fp.ps.netease.com/file/5e9b02d8a7f2527e679dd44d7U5LCjbj02'],2020-04-18 13:38:33
﻿骑龙勇士,,同人绘,18195****41,"['https://kol-fans.fp.ps.netease.com/file/5e9a97517f9d2a500e330384VaZUG1al02', 'https://kol-fans.fp.ps.netease.com/file/5e9a9752a7f252ca528af22dkzXRPYZi02']",2020-04-18 05:59:59
谢谢大家的支持。点个赞吧。,,手作,13661****80,"['https://kol-fans.fp.ps.netease.com/file/5e998dee2786fda57ada970a0DKbQQ0N02', 'https://kol-fans.fp.ps.netease.com/file/5e998def2786fdb6f1ca3967mI0H0M3A02', 'https://kol-fans.fp.ps.netease.com/file/5e998df0a7f252817363019bbOix7tdi02']",2020-04-17 11:07:32
绿地斗篷创作,,同人绘,18195****41,['https://kol-fans.fp.ps.netease.com/file/5e994b5b96dee485e77299adrtv9W2Ky02'],2020-04-17 06:23:24
冬季斗篷创作,,同人绘,18195****41,['https://kol-fans.fp.ps.netease.com/file/5e994aff143cfac138e56102LrfumYj802'],2020-04-17 06:21:51
斗篷创作,,同人绘,18195****41,['https://kol-fans.fp.ps.netease.com/file/5e994ad57f9d2a5d3d2a933ekDMiD5Rk02'],2020-04-17 06:21:10
小闪电斗篷,,同人绘,18195****41,['https://kol-fans.fp.ps.netease.com/file/5e994a5a7f9d2a87c76a1073QQ1Xh7JD02'],2020-04-17 06:19:07
美丽光遇，每一张都是一张壁纸。,,游戏截图,13468****60,"['https://kol-fans.fp.ps.netease.com/file/5e980c3896dee4effd733e676haruA4A02', 'https://kol-fans.fp.ps.netease.com/file/5e980c3a8b7427a69d4cd5271OHMA4bP02', 'https://kol-fans.fp.ps.netease.com/file/5e980c3b2786fd8da659a41dDFEiKZfi02', 'https://kol-fans.fp.ps.netease.com/file/5e980c3b6f04942f5909a18fNEEJ3PQR02']",2020-04-16 07:41:58
去墓土屠杀螃蟹啦~,,同人绘,青丘狐_小冰,['https://kol-fans.fp.ps.netease.com/file/5e96d9b77f9d2aa803f0a4f2eBHw5i6f02'],2020-04-15 09:54:00
皮皮虾有什么好怕的,,戏虾日常,青丘狐_小冰,['https://kol-fans.fp.ps.netease.com/file/5e9668e55e60271abe22f712smDQer1p02'],2020-04-15 01:55:04
远方钟声传来的光,,游戏截图,18438****36,['https://kol-fans.fp.ps.netease.com/file/5e93dfe47f9d2ac5293e721e0Bz2Vhcr02'],2020-04-13 03:43:33
光遇  萌新入遇  第四篇 对不起我鸽了，这次会更很多,"我悠然飞起，在云层与百鸟中穿梭，降落在草地上。这里，是云野。我看到了一些石凳，但我并没有搭理，赶路要紧。
   我来到了一片蝴蝶平原上。我一个又一个的点亮了先祖们，继续前进。哎呀，飞不上去？我努力的操作，才飞了上去。我感觉我的手都要废了。进入神殿，冥想过后，飞出了许多的蝴蝶。
   我乘着蝴蝶，飞到了一个新的地方—雨林。我飞进雨林，点亮机关，走进下着雨的雨林。我漫无目的的向前走，但我路痴的名头可不是白叫的，没错，我迷路了。我傻乎乎的趟着水，迷失了方向，能量消失殆尽我也没有发觉，掉光之翼了我也以为是天上掉光之翼，上方的进度条慢慢减少，我也没有害怕。",同人文,小随便吖,[],2020-04-12 09:06:56
皮皮虾讨厌死了,皮皮虾，哼，你真讨厌！,游戏截图,15801****31,[],2020-04-12 06:50:12
为英雄们致敬！,,游戏截图,15801****31,['https://kol-fans.fp.ps.netease.com/file/5e92b93e6f0494065fd685ff2DrACOXD02'],2020-04-12 06:46:23
这才是真正的光之后裔,,游戏截图,15801****31,['https://kol-fans.fp.ps.netease.com/file/5e92b7957f9d2aa0d916895fUsTMAmbR02'],2020-04-12 06:39:18
啊！躺在床上真舒服😌,,游戏截图,15801****31,"['https://kol-fans.fp.ps.netease.com/file/5e92a9977f9d2a59fb1428aeIV7AQZc502', 'https://kol-fans.fp.ps.netease.com/file/5e92a9982786fd4ed6bf91afxlmqrUdN02', 'https://kol-fans.fp.ps.netease.com/file/5e92a9982786fd5838b3387fJN1imxV102', 'https://kol-fans.fp.ps.netease.com/file/5e92a9988b74272141fd1e764JUcPv5v02']",2020-04-12 05:39:40
旅人，开始新的旅程吧,,游戏截图,13615****03,['https://kol-fans.fp.ps.netease.com/file/5e91c43096dee48e24dff9f7aoU9RpKh02'],2020-04-11 13:20:49
求婚现场,,同人绘,萌萌哒NIKY酱,['https://kol-fans.fp.ps.netease.com/file/5e8ebad42786fd7356f6185c2QimCkTA02'],2020-04-09 06:04:11
粉红海打卡哟,,游戏截图,小陳！,"['https://kol-fans.fp.ps.netease.com/file/5e8df5865e6027f9d9de0a2fhUAZREG602', 'https://kol-fans.fp.ps.netease.com/file/5e8df5875e6027f9d9de0a326QRFgb2Y02', 'https://kol-fans.fp.ps.netease.com/file/5e8df5877f9d2a3f4215d68ft7MItDj302']",2020-04-08 16:02:19
当你在光遇发现另一个自己时…,,游戏截图,皮皮虾本皮,"['https://kol-fans.fp.ps.netease.com/file/5e8dc3a67f9d2ade2ae9f9aaPcy0oiqP02', 'https://kol-fans.fp.ps.netease.com/file/5e8dc3a696dee46370077c1972KFe4lz02', 'https://kol-fans.fp.ps.netease.com/file/5e8dc3a62786fdb0960e4404ue3dpBRo02', 'https://kol-fans.fp.ps.netease.com/file/5e8dc3a77f9d2a89931695247AJ3eVgv02']",2020-04-08 12:29:27
温暖的灵魂终将串线,,游戏截图,n****nyang123,"['https://kol-fans.fp.ps.netease.com/file/5e8b164ba7f2527dfbc1352aL0hizJ5002', 'https://kol-fans.fp.ps.netease.com/file/5e8b164c2786fd54447cae09LGstX6fM02', 'https://kol-fans.fp.ps.netease.com/file/5e8b164c2786fd40d4feb012VDiWYGBF02', 'https://kol-fans.fp.ps.netease.com/file/5e8b164da7f2527417d0e004oFWDJi6402']",2020-04-06 11:45:22
信号格与美景,,游戏截图,13367****98,['https://kol-fans.fp.ps.netease.com/file/5e8b14fd6f049430e890027atjsjhaOj02'],2020-04-06 11:39:41
这个场景很美,,游戏截图,19873****96,['https://kol-fans.fp.ps.netease.com/file/5e8a96055e60272a1055c70ftssmD3ld02'],2020-04-06 02:38:01
一起献祭 ~o(〃'▽'〃)o,,游戏截图,19873****96,['https://kol-fans.fp.ps.netease.com/file/5e8a95c06f0494edc619af05cfEl78Ou02'],2020-04-06 02:36:55
十翼,,游戏截图,19873****96,"['https://kol-fans.fp.ps.netease.com/file/5e8a95557f9d2abefa5f2d5735wKofsH02', 'https://kol-fans.fp.ps.netease.com/file/5e8a95567f9d2a629ed22241XDyIhrLe02']",2020-04-06 02:35:09
日常跑图,,游戏截图,19873****96,"['https://kol-fans.fp.ps.netease.com/file/5e8a94f86f0494fd52aa7cdeXy6HiUqr02', 'https://kol-fans.fp.ps.netease.com/file/5e8a94f896dee483e0f0a6f6GzRlJrqD02', 'https://kol-fans.fp.ps.netease.com/file/5e8a94f85e602739e812fc9dMuD8R2i402', 'https://kol-fans.fp.ps.netease.com/file/5e8a94f92786fd5bae2f2ff6O9iHvpN302']",2020-04-06 02:33:36
呦吼,,游戏截图,19873****96,['https://kol-fans.fp.ps.netease.com/file/5e8a94886f04941cd0307197bkTjai6r02'],2020-04-06 02:31:43
叠叠乐,,游戏截图,19873****96,"['https://kol-fans.fp.ps.netease.com/file/5e8a941c5e6027dda8ca80dfL1G0fmBH02', 'https://kol-fans.fp.ps.netease.com/file/5e8a941d7f9d2a91a40313e3y5RabHkf02']",2020-04-06 02:29:56
彩虹🌈列队,,游戏截图,19873****96,['https://kol-fans.fp.ps.netease.com/file/5e8a938c7f9d2abefa5f2b03HMWMpPsN02'],2020-04-06 02:27:31
和我哥哥,,游戏截图,19873****96,"['https://kol-fans.fp.ps.netease.com/file/5e8a9309143cfa0b0f72f57eB2sKfITe02', 'https://kol-fans.fp.ps.netease.com/file/5e8a9309a7f2524098a962e2YNcljR3C02', 'https://kol-fans.fp.ps.netease.com/file/5e8a93095e60272d4cdf8f4e11NqIDIO02', 'https://kol-fans.fp.ps.netease.com/file/5e8a930a5e602739e812f8bcydZJ1x9O02']",2020-04-06 02:25:24
星河,,游戏截图,19873****96,['https://kol-fans.fp.ps.netease.com/file/5e8a91d3143cfa0b0f72f44eWT2G7Auy02'],2020-04-06 02:20:10
和最好的朋友,,游戏截图,19873****96,"['https://kol-fans.fp.ps.netease.com/file/5e8a913596dee46d52b9cbb8ibI2E0MX02', 'https://kol-fans.fp.ps.netease.com/file/5e8a9136143cfa1387e7f6e8mreB05iF02', 'https://kol-fans.fp.ps.netease.com/file/5e8a913996dee46d52b9cbbfKHa2LWt402']",2020-04-06 02:17:36
看风景！,,游戏截图,18854****85,['https://kol-fans.fp.ps.netease.com/file/5e89c6058b74271e263c4387yfX1uRyF02'],2020-04-05 11:50:30
插画——披上小斗篷，我们一起飞去世界尽头吧~,,同人绘,霖夜安,['https://kol-fans.fp.ps.netease.com/file/5e890a29143cfa6f7db8dd0a1swTDGia02'],2020-04-04 22:28:58
与他们合影，耶✌️,,游戏截图,18361****38,"['https://kol-fans.fp.ps.netease.com/file/5e883e0f5e60274384fe25dcYDjL40ob02', 'https://kol-fans.fp.ps.netease.com/file/5e883e0f7f9d2aa511b47674sC9QHVpM02', 'https://kol-fans.fp.ps.netease.com/file/5e883e0f7f9d2a8ce318be01PFlAQ0Vy02', 'https://kol-fans.fp.ps.netease.com/file/5e883e0f7f9d2a8ce318be02lpMbZdBO02']",2020-04-04 07:58:15
光遇  萌新入遇  第三篇,"往前走，点亮火焰，收取光翼，呼唤蝴蝶，直到飞在云端间的那一刻起，我才感受到了轻快与自由。
   响应着前方神殿的呼唤，我飞向那里，徐徐降落在茵茵的草原上。飞出沙漠了吗？我想。我进入了神殿。我看到了古代的机械，迷失的壁画，以及···
   ‘’一个神坛？“我半信半疑的点燃了蜡烛，出现了一个冥想的白色光圈。跪上去，我便见到了一个步履蹒跚的先祖，他颤抖着举起手中的权杖，套走了蜡烛上的火焰，指引着象征希望的白鸟飞向天际。
   一道光芒冲向天际，形成了权杖的形状，面前的门也开启了。",同人文,小随便吖,[],2020-04-03 08:35:07
夕,,游戏截图,15967****33,['https://kol-fans.fp.ps.netease.com/file/5e86d799143cfaf54bd7b23frsWViAQR02'],2020-04-03 06:28:41
再见了，感谢季的旅人,,游戏截图,15967****33,['https://kol-fans.fp.ps.netease.com/file/5e86d76896dee486b4411163lUqsc8Bd02'],2020-04-03 06:27:53
云之国的旅途上，感谢陪伴,,游戏截图,15967****33,"['https://kol-fans.fp.ps.netease.com/file/5e86d6b27f9d2ab20a7ff616qVgAxYGA02', 'https://kol-fans.fp.ps.netease.com/file/5e86d6b496dee486b441100fZcG8ksxp02', 'https://kol-fans.fp.ps.netease.com/file/5e86d6b72786fd8bd4bf1ffb7fAkZzpi02', 'https://kol-fans.fp.ps.netease.com/file/5e86d6b98b74270dca3638c0bcoAEepW02']",2020-04-03 06:25:02
能偶遇图片上的陌生人么？,,游戏截图,15645****25,['https://kol-fans.fp.ps.netease.com/file/5e867f372786fdaa632c6b2925ysWHhT02'],2020-04-03 00:11:36
不一样的禁阁,,禁阁,蒲银沐,['https://kol-fans.fp.ps.netease.com/file/5e85beae6f0494ad129ee0e9rdjLL3x002'],2020-04-02 10:30:07
生活不易，我们要向光明努力前行,,游戏截图,疯子,['https://kol-fans.fp.ps.netease.com/file/5e85b5e96f0494989769ab51FpXUHWke02'],2020-04-02 09:52:45
一段重生的旅程,,游戏截图,棋子,"['https://kol-fans.fp.ps.netease.com/file/5e85a0685e6027314a51969fuaVjHGZi02', 'https://kol-fans.fp.ps.netease.com/file/5e85a0698b7427ed65956014jLSthlqR02', 'https://kol-fans.fp.ps.netease.com/file/5e85a0697f9d2a91da31e983R9NBjCmP02', 'https://kol-fans.fp.ps.netease.com/file/5e85a069143cfa98c05ae62dmCSiquZy02']",2020-04-02 08:20:58
奇妙的桌子,,游戏截图,18877****21,['https://kol-fans.fp.ps.netease.com/file/5e8588e22786fdb004bdaeafA5c1gCXH02'],2020-04-02 06:40:35
晨岛，梦开始的地方,,晨岛,蒲银沐,"['https://kol-fans.fp.ps.netease.com/file/5e8542b796dee4c363bcd3075oClGkGQ02', 'https://kol-fans.fp.ps.netease.com/file/5e8542b77f9d2a4e50e731c9tQAFXre202', 'https://kol-fans.fp.ps.netease.com/file/5e8542b72786fd1942e31304y7WRKGHT02', 'https://kol-fans.fp.ps.netease.com/file/5e8542b796dee4743775a7d3wXCiB6F302']",2020-04-02 01:41:12
遇境，遇见美好,,遇境,蒲银沐,"['https://kol-fans.fp.ps.netease.com/file/5e8541c496dee4c363bcd21fXsT4FgjZ02', 'https://kol-fans.fp.ps.netease.com/file/5e8541c48b7427a8aa475174oBb1Xwr102', 'https://kol-fans.fp.ps.netease.com/file/5e8541c47f9d2a5c132f54a0GtfcYyUU02', 'https://kol-fans.fp.ps.netease.com/file/5e8541c45e60271fecf77b13zDJPmygI02']",2020-04-02 01:37:08
为了爱与温暖,,游戏截图,13652****22,"['https://kol-fans.fp.ps.netease.com/file/5e85351996dee49f5c9b0303GWEGgGLp02', 'https://kol-fans.fp.ps.netease.com/file/5e85351a96dee49f5c9b0304gkrsuLiu02', 'https://kol-fans.fp.ps.netease.com/file/5e85351a143cfa86f00f8613beArvDLt02', 'https://kol-fans.fp.ps.netease.com/file/5e85351a96dee47e89ebe29fUd92SNGy02']",2020-04-02 00:43:08
重生后的落日,,游戏截图,15601****58,['https://kol-fans.fp.ps.netease.com/file/5e84b8065e6027ec8fbce3d5ZJHLdrUl02'],2020-04-01 15:49:27
所有美好期许终会到来,,游戏截图,蒲银沐,['https://kol-fans.fp.ps.netease.com/file/5e8493d8a7f25210c46834faXHYi7UmL02'],2020-04-01 13:15:04
sky唯美画面,,游戏截图,18802****97,['https://kol-fans.fp.ps.netease.com/file/5e8486c97f9d2a17a096c85cRmKwrNID02'],2020-04-01 12:19:25
涅槃重生，总是最纯净的。,,视频,蒲银沐,['https://kol-fans.fp.ps.netease.com/file/5e847b8a2786fda3b067d7b2aPepJZDg02'],2020-04-01 11:31:29
伊甸,,视频,13597****36,['https://kol-fans.fp.ps.netease.com/file/5e82c1db6f0494d06d084483NG5o96J702'],2020-03-31 04:06:53
祈祷,,游戏截图,13597****36,['https://kol-fans.fp.ps.netease.com/file/5e82c1a596dee433c0b646877CiGZoQC02'],2020-03-31 04:05:58
落日,,游戏截图,13597****36,['https://kol-fans.fp.ps.netease.com/file/5e82c1958b7427fd08954f38i2wVLzMq02'],2020-03-31 04:05:41
夕阳西下,,游戏截图,13882****18,['https://kol-fans.fp.ps.netease.com/file/5e81de3c5e602724013efc60YUeij6ZU02'],2020-03-30 11:55:40
你生活在光亮里，你就觉得全世界都是光亮的,,视频,猫奈酱,['https://kol-fans.fp.ps.netease.com/file/5e81c24796dee49369d1f84faP5pq65j02'],2020-03-30 09:56:24
😄,,游戏截图,l****chensangzhu,['https://kol-fans.fp.ps.netease.com/file/5e813c2c5e60278853259158rojp7owj02'],2020-03-30 00:24:12
光是遇到你，就很高兴了,,游戏截图,18938****57,"['https://kol-fans.fp.ps.netease.com/file/5e80dd738b7427bf788edc76hC0FF59402', 'https://kol-fans.fp.ps.netease.com/file/5e80dd752786fd9fefdb7eecVmDoGzB902', 'https://kol-fans.fp.ps.netease.com/file/5e80dd776f0494a554f605d0WO26WLJB02']",2020-03-29 17:40:07
兄弟情深战冥龙,,游戏截图,18938****57,['https://kol-fans.fp.ps.netease.com/file/5e8071bd8b74277faad7ea183i3l0GPq02'],2020-03-29 10:00:30
那是走进你心里的那扇门么？,,游戏截图,猫奈酱,['https://kol-fans.fp.ps.netease.com/file/5e7f5dc75e60273ef886ba7aYybkbpBC02'],2020-03-28 14:23:03
就应该在这里荡秋千~,,游戏截图,猫奈酱,['https://kol-fans.fp.ps.netease.com/file/5e7f5d98143cfa93fce7dbbdeLBehMZ502'],2020-03-28 14:22:16
﻿在这里，实现了无法实现的梦,,游戏截图,猫奈酱,['https://kol-fans.fp.ps.netease.com/file/5e7f5c6ca7f252b29be84083AjxeOm7x02'],2020-03-28 14:17:16
阿！好烫脚鸭~~,,游戏截图,猫奈酱,['https://kol-fans.fp.ps.netease.com/file/5e7f5c56143cfa43ec77db0dsuS4wUGG02'],2020-03-28 14:16:54
地平线上的美,,游戏截图,猫奈酱,['https://kol-fans.fp.ps.netease.com/file/5e7f5c41a7f2528f7bb96393uGEzkUVP02'],2020-03-28 14:16:33
是自己！,,同人绘,15638****18,['https://kol-fans.fp.ps.netease.com/file/5e7ef8a55e60274a20f62cbeaJzVI1oM02'],2020-03-28 07:11:33
游戏日常,,游戏截图,l****1267687,"['https://kol-fans.fp.ps.netease.com/file/5e7ee7c57f9d2a434b00cfdfWhAv29id02', 'https://kol-fans.fp.ps.netease.com/file/5e7ee7c65e6027c1d21ed8f1HoIopJ8r02', 'https://kol-fans.fp.ps.netease.com/file/5e7ee7c68b7427289782a512BgruA0z002', 'https://kol-fans.fp.ps.netease.com/file/5e7ee7c62786fd1d9dd483fdfajKmer302']",2020-03-28 05:59:34
画像,,同人绘,l****1267687,['https://kol-fans.fp.ps.netease.com/file/5e7ee7258b74278b545ca6cc0iCeR7m802'],2020-03-28 05:56:54
办公室写真,,游戏截图,15158****33,"['https://kol-fans.fp.ps.netease.com/file/5e7ec90f5e6027f59064362e7cRtVSOj02', 'https://kol-fans.fp.ps.netease.com/file/5e7ec90f96dee4e264a5d92dggzvNvTH02', 'https://kol-fans.fp.ps.netease.com/file/5e7ec91096dee4cdb24884cb90XYe9CF02', 'https://kol-fans.fp.ps.netease.com/file/5e7ec91096dee4cdb24884ccJiSig7iM02']",2020-03-28 03:48:32
驾驭它，你就能获得一套变形金刚装备,,游戏截图,13255****60,['https://kol-fans.fp.ps.netease.com/file/5e7d6a86143cfa0fa2ee479cgVOzCE4Z02'],2020-03-27 02:52:55
好盆友,,游戏截图,怡星,"['https://kol-fans.fp.ps.netease.com/file/5e7b50645e6027527f836974EitGW2Ti02', 'https://kol-fans.fp.ps.netease.com/file/5e7b5065a7f2524d9f19510fkLuB4MCN02', 'https://kol-fans.fp.ps.netease.com/file/5e7b50652786fd814c27df7f96gbIObe02', 'https://kol-fans.fp.ps.netease.com/file/5e7b5065143cfa4d344036d4TZ9ovxdT02']",2020-03-25 12:36:54
下雪了❄️,,游戏截图,18361****38,"['https://kol-fans.fp.ps.netease.com/file/5e7b240f7f9d2a79fbfff500RZbjdw1802', 'https://kol-fans.fp.ps.netease.com/file/5e7b2411143cfaff3ee11603DK5cjhKU02']",2020-03-25 09:27:45
从前从前,,手作,13861****24,"['https://kol-fans.fp.ps.netease.com/file/5e7ae81ea7f252ccf7c80f010m0uvwfi02', 'https://kol-fans.fp.ps.netease.com/file/5e7ae81e5e60277eedd5a28d6dhovL0102', 'https://kol-fans.fp.ps.netease.com/file/5e7ae820143cfa58862a84ddrQTXLrPD02']",2020-03-25 05:12:00
【光之旅人】你是我心目中那束最温暖的光,,视频,奔跑的粽子,['https://kol-fans.fp.ps.netease.com/file/5e7acd1c143cfa903f353960BYGRso5502'],2020-03-25 03:16:45
这游戏连bug都这么漂亮😂,,游戏截图,15241****20,"['https://kol-fans.fp.ps.netease.com/file/5e7ab4288b74270e7f41ce43BT1iu2Ki02', 'https://kol-fans.fp.ps.netease.com/file/5e7ab4287f9d2ae2d97f4f3evwiaPgCi02', 'https://kol-fans.fp.ps.netease.com/file/5e7ab429143cfa0e22c65d26KJrDCzvN02']",2020-03-25 01:30:17
叠罗汉,,游戏截图,18873****57,['https://kol-fans.fp.ps.netease.com/file/5e7a20d3143cfa661925ca0b7Pv9HSyy02'],2020-03-24 15:01:39
又熬过了一天,,游戏截图,18873****57,['https://kol-fans.fp.ps.netease.com/file/5e7a20a8143cfa4b37fa5fe6UB3LoPXE02'],2020-03-24 15:00:57
禁阁的日出,,游戏截图,18873****57,"['https://kol-fans.fp.ps.netease.com/file/5e7a20786f04941eeeab3bb6r6bNqg8f02', 'https://kol-fans.fp.ps.netease.com/file/5e7a207896dee44f8a78fadbivzJyZAY02', 'https://kol-fans.fp.ps.netease.com/file/5e7a207896dee42cf9b0cbe3GUiBCrLS02']",2020-03-24 15:00:09
遇境的晚霞,,游戏截图,18873****57,['https://kol-fans.fp.ps.netease.com/file/5e7a202e8b7427de1c7cca25HtOFrbko02'],2020-03-24 14:58:54
我觉得这个地方挺适合摆一个秋千,,游戏截图,18873****57,['https://kol-fans.fp.ps.netease.com/file/5e7a1ff8143cfa4b37fa5e33SPWBzSkQ02'],2020-03-24 14:58:01
霞光城的日落,,游戏截图,18873****57,['https://kol-fans.fp.ps.netease.com/file/5e7a1f7a5e602776bb46f018Eqb4KvyQ02'],2020-03-24 14:55:55
在滑冰场听着音乐看日落,,游戏截图,18873****57,['https://kol-fans.fp.ps.netease.com/file/5e7a1f0c8b7427bdb901fb09KuQ49JvL02'],2020-03-24 14:54:05
#午夜办公室#“外面好像有声音！？”“走我们去看看！！”“别，我害怕”,,游戏截图,mosouYi,['https://kol-fans.fp.ps.netease.com/file/5e79d5c82786fd01ca4dfcd2d0CPaWg502'],2020-03-24 09:41:28
温暖的心灵终将会相遇,,游戏截图,15123****32,['https://kol-fans.fp.ps.netease.com/file/5e79518b7f9d2a02e8020946Lg92f0tj02'],2020-03-24 00:17:15
螃蟹！,,手作,悦梅,['https://kol-fans.fp.ps.netease.com/file/5e78cca2a7f252cbe79cc200azOCiTQF02'],2020-03-23 14:50:11
光遇甜筒，这么大的甜筒你想要一个吗？,,手作,悦梅,"['https://kol-fans.fp.ps.netease.com/file/5e78cc6f5e60275d8ec9779aWrkOWauz02', 'https://kol-fans.fp.ps.netease.com/file/5e78cc7096dee474f5d3f5c3gkbsZKV102', 'https://kol-fans.fp.ps.netease.com/file/5e78cc70a7f252ea3e19e98elQrOYOuq02']",2020-03-23 14:49:21
光遇挂坠,,手作,悦梅,['https://kol-fans.fp.ps.netease.com/file/5e78cbc56f04946b76c1c3f38MEBYRpU02'],2020-03-23 14:46:30
遇见你，是我生命里最亮的光,,游戏截图,猫奈酱,['https://kol-fans.fp.ps.netease.com/file/5e7880197f9d2a2c58dfdfefLqjEF9IG02'],2020-03-23 09:23:38
光是遇见你，就足已。,,游戏截图,13829****10,"['https://kol-fans.fp.ps.netease.com/file/5e7872d62786fd01239942d2lbvOxuW702', 'https://kol-fans.fp.ps.netease.com/file/5e7872d696dee4e4825dfdbe8dVQM4u102', 'https://kol-fans.fp.ps.netease.com/file/5e7872d72786fdce28c0d8df1moeFSfg02']",2020-03-23 08:27:04
这一趟难得不瞎了,,视频,18096****29,['https://kol-fans.fp.ps.netease.com/file/5e7850b7143cfac6d2ef9a69s59Wa4L302'],2020-03-23 06:01:28
净化心灵的好地方,,游戏截图,x y b b t,"['https://kol-fans.fp.ps.netease.com/file/5e783f3c7f9d2ab4f204d245h3IkXprx02', 'https://kol-fans.fp.ps.netease.com/file/5e783f3d8b7427b3ff11f7b1sBcUgDbZ02', 'https://kol-fans.fp.ps.netease.com/file/5e783f3d96dee47c76f9ba97LVZjjYCi02']",2020-03-23 04:46:54
美如梦境,,游戏截图,x y b b t,['https://kol-fans.fp.ps.netease.com/file/5e7839165e6027d79a97df1chtQCHfUL02'],2020-03-23 04:20:40
哈哈啊哈哈哈哈哈哈腰,,游戏截图,奔跑的粽子,['https://kol-fans.fp.ps.netease.com/file/5e780b975e60272983bade71vlsQurKy02'],2020-03-23 01:06:31
回首,,游戏截图,小木棉,['https://kol-fans.fp.ps.netease.com/file/5e77b8158b742714f80bcc40VX5kOTCZ02'],2020-03-22 19:10:13
伊甸之光,,游戏截图,小木棉,['https://kol-fans.fp.ps.netease.com/file/5e77b74ca7f2523b76d0837e2CjUVI2T02'],2020-03-22 19:06:53
光遇”贵族天团“晴天MV表演,,视频,15861****92,['https://kol-fans.fp.ps.netease.com/file/5e7787dc6f049407d5e86561Gh5etd5U02'],2020-03-22 15:44:31
我们,,游戏截图,15651****05,"['https://kol-fans.fp.ps.netease.com/file/5e777cb72786fda00271b6d5OBvyTTow02', 'https://kol-fans.fp.ps.netease.com/file/5e777cb9a7f252553b59c83bg7QapyFT02', 'https://kol-fans.fp.ps.netease.com/file/5e777cba6f04940028c8d7bdpUfwwfTC02', 'https://kol-fans.fp.ps.netease.com/file/5e777cbc2786fda87228c8bcGP6hyNOb02']",2020-03-22 14:57:02
我与千鸟城,,游戏截图,18777****32,"['https://kol-fans.fp.ps.netease.com/file/5e764708a7f252415fad5fa0uqXNgPWG02', 'https://kol-fans.fp.ps.netease.com/file/5e7647085e602726f9119871zhAD6ocQ02', 'https://kol-fans.fp.ps.netease.com/file/5e76470896dee4cf3d003d37m8MXqmOe02', 'https://kol-fans.fp.ps.netease.com/file/5e7647082786fd842f301f03h4jYR3xV02']",2020-03-21 16:55:39
今日份和十八的合照呀！,,游戏截图,晞,"['https://kol-fans.fp.ps.netease.com/file/5e75f6f296dee48e0bbf0dc7tclqL4oR02', 'https://kol-fans.fp.ps.netease.com/file/5e75f6f36f049414bd339defHl9RIzav02']",2020-03-21 11:13:55
喜欢的事，要和喜欢的人做,,游戏截图,18613****02,"['https://kol-fans.fp.ps.netease.com/file/5e75c157143cfabf3cf36c49du6cjGfm02', 'https://kol-fans.fp.ps.netease.com/file/5e75c157a7f2521224a2030eVT1Py3uq02', 'https://kol-fans.fp.ps.netease.com/file/5e75c157143cfabf3cf36c4bky8d6YXL02']",2020-03-21 07:25:11
桃花源,,同人绘,小槑,['https://kol-fans.fp.ps.netease.com/file/5e75b9a22786fd62785b7d6dqjPF0qVP02'],2020-03-21 06:52:18
光,,游戏截图,小木棉,['https://kol-fans.fp.ps.netease.com/file/5e74607d5e602768b61f18b86yiPPJge02'],2020-03-20 06:19:42
【新】【光遇斗篷设计】,,同人绘,西山野茶,['https://kol-fans.fp.ps.netease.com/file/5e744cbd2786fd3269eca7adJUxkyLyL02'],2020-03-20 04:55:25
墓土的晓,,游戏截图,小木棉,['https://kol-fans.fp.ps.netease.com/file/5e725bf1143cfa2e1d667ac4gySWKg9h02'],2020-03-18 17:35:46
光之国   第一话,"背景
这是一个被称为光之国的世界，在这个世界里的人被称为追光者，他们拥有乘风飞行的能力，有着不同的种族能力。他们和平的生活在一起生活算得上挺美满。但越是明亮的地方，黑暗就越深。在黑暗里生活了冥龙和它的爪牙，冥龙的每一次出现都会给光之国的人们带来毁灭性的灾难。在光年1467年间，黑暗势力冥龙与它的爪牙，一同进攻光之国。光之国的6位祖先和冥龙展开殊死一战。6位先祖怕冥龙的再度回归祸害光之国，把封印的方法藏在了许多不同的地方，兴许哪天可以帮到后人。
第一话
阿咩
（冥龙正在挣脱封印试图闯出暴风之眼，重返光间再度害人，那撕心裂肺的哀嚎和压抑了许久的咆哮声使人后背直冒冷汗）梦里/耳边传来萱萱的呼叫声
萱萱
快醒醒，你这个人又在这里睡懒觉，真叫人火大，要去参加霞谷的飞行赛训练你给我快起来。
阿咩
Σ(っ °Д °;)っ惊醒，哇我差点都忘了快走快走。
萱萱
真是的老是偷懒，你这个大头虾，能不能上点心。
阿咩
咩~~~阿（叹气）来啦。
阿咩（内心独白）
阿~~~我好像忘了点什么没有说但是，又记不起来了，算了算了等我想起了再说吧。

此时此刻
在暴风之眼的深处，一双双充满杀意的眼睛正仇视着那往日和平安详的峡谷。
冥龙
啊~~~~~~！！！！我终于回来了这些年憋的老龙我是真的难受，过不了多久我定要光之国的血债血偿
蟹怪
吱吱吱，咯咯咯。

在峡谷的另一面，几位祖先留下来的回忆，开始闪烁着耀眼的光芒，警示着后人。

光人Σ(っ °Д °;)っ1
嘤嘤嘤，来啦这里是山洞没有人会来的，来嘛啵啵啵
光人2
嘤嘤嘤不也要啦人家害羞啦
光人Σ(っ °Д °;)っ1
（壁咚）呀姑娘不要怕不要方，嘻嘻嘻。
两人的头渐渐的靠近！

突然间！！？Bengbengbeng。

光人1
什么鬼地震？？？百年不遇的地震？？？快跑
（光人1牵着光人2的手跑出了山洞）
轰隆隆地动山摇，狂风怒吼。曾经封印的回忆将会再次显露出来。
光人1＆2出了山洞
哇刚刚好危险你有没有受伤，光人1 很紧张的看着光人2，光人2 这时正低下头脸通红，（刚刚的一切对于光人2号都太过于突然）。
光人1
脸上露出吃惊，光之国是被神庙里的神秘力量所保护照理说，一般的灾害是伤不到神庙半分如今发生大地震，一定是有着什么大灾难要降临于光之国。要赶紧回去通知大家，做好保护。


阿咩
QAQ又要开始学习了唉~有咩办法可以不用训练啊~~！
萱萱
你啊，又想偷懒啦是不是呀，同你讲过好多次得啦，不可能的除非天塌下来啦。
BengBengbeng
发生咩野事啊！
阿咩
好像是地震？？！
萱萱你说什么地震？不可能的事，你可知为何你能飞起来，全凭借祖先留给我们的光，一代一代的流传下去才有了现在我们的光之国。最重要的是这些能量是可以保护我们的安全。避免被黑暗里的魔鬼所伤。
阿咩
你又是怎么知道这么多的。那你知道为什么会发生地震？
萱萱
具体的原因我还不能确定，但一定有什么大事发生。走我们赶紧回去。

旁白
此时此刻光之国的人们还不知道他们将要去面对无尽的黑暗

本人想画成漫画版有没有想一起合作的朋友",同人文,13433****00,[],2020-03-18 13:51:50
太空站,,游戏截图,15622****60,['https://kol-fans.fp.ps.netease.com/file/5e71e59c7f9d2a5da32722e05BbBNVGS02'],2020-03-18 09:10:53
安静,,游戏截图,18256****20,['https://kol-fans.fp.ps.netease.com/file/5e71cca67f9d2ad3f7e508cfb3bfAiZD02'],2020-03-18 07:24:23
白雪出逃记—-晨岛篇,,晨岛,天天天就是我呀,['https://kol-fans.fp.ps.netease.com/file/5e71caf45e6027d98f964f21jJJc4AKi02'],2020-03-18 07:17:08
【光遇斗篷】不喜勿喷,,同人绘,西山野茶,['https://kol-fans.fp.ps.netease.com/file/5e71ae307f9d2a491e6beaf487sOlqBG02'],2020-03-18 05:14:24
夜晚的百鸟谷有趣的灵魂,,游戏截图,小陳！,['https://kol-fans.fp.ps.netease.com/file/5e7073757f9d2a057658e652SFhAxPci02'],2020-03-17 06:51:33
库存关遇靓图🉑️,,游戏截图,18370****08,"['https://kol-fans.fp.ps.netease.com/file/5e70705196dee4c01dadd270KhtCW4qP02', 'https://kol-fans.fp.ps.netease.com/file/5e707051143cfac33db5529961ijd8pV02', 'https://kol-fans.fp.ps.netease.com/file/5e7070515e60277189f3d1b0uwoeQy6302', 'https://kol-fans.fp.ps.netease.com/file/5e7070518b7427fbb424c106eT5WRlr302']",2020-03-17 06:38:10
我喜欢的那些瞬间,,游戏截图,13435****14,"['https://kol-fans.fp.ps.netease.com/file/5e6fd9f25e602777e075fb62T6KStVKF02', 'https://kol-fans.fp.ps.netease.com/file/5e6fd9f25e602737269d69e43oG2xSsL02', 'https://kol-fans.fp.ps.netease.com/file/5e6fd9f25e6027a2b5a0e5d5HsGBOS8902', 'https://kol-fans.fp.ps.netease.com/file/5e6fd9f2a7f252fc12f6f34ftVkuwl5502']",2020-03-16 19:56:36
光遇 我们的使命,,游戏截图,13910****73,['https://kol-fans.fp.ps.netease.com/file/5e6f47e996dee4e81bfc6c42Vd4cJ4CU02'],2020-03-16 09:33:30
烤螃蟹,,游戏截图,13910****73,['https://kol-fans.fp.ps.netease.com/file/5e6f4784143cfa02b8f326aaJbz3QOhA02'],2020-03-16 09:31:48
光遇美景,,游戏截图,13910****73,"['https://kol-fans.fp.ps.netease.com/file/5e6f46bf5e6027b148586caazisIJYDF02', 'https://kol-fans.fp.ps.netease.com/file/5e6f46bf96dee40e6fbca9295V2c9Nzi02', 'https://kol-fans.fp.ps.netease.com/file/5e6f46bf96dee4f63c528159cZ4ZPyBB02', 'https://kol-fans.fp.ps.netease.com/file/5e6f46c096dee403ca928827aMa6HmzN02']",2020-03-16 09:28:33
超级喜欢白色斗篷(((o(*ﾟ▽ﾟ*)o))),,同人绘,奔跑的粽子,['https://kol-fans.fp.ps.netease.com/file/5e6f284f143cfa1d419af3baYvIabBtJ02'],2020-03-16 07:18:40
"如果你懂我的奇奇怪怪,那你也一定可可爱爱~",,游戏截图,晞,"['https://kol-fans.fp.ps.netease.com/file/5e6f08b296dee472642a4ea8pE7sBY3P02', 'https://kol-fans.fp.ps.netease.com/file/5e6f08b296dee44ca89a31227qCcJ12A02', 'https://kol-fans.fp.ps.netease.com/file/5e6f08b2143cfa336f2ea075JZZDoxrD02']",2020-03-16 05:03:47
是我心悦的女孩纸a,,同人绘,PG鹅,['https://kol-fans.fp.ps.netease.com/file/5e6eebc76f049415e9264f5721uwfWRv02'],2020-03-16 03:00:23
未来终会相遇,,游戏截图,18545****90,"['https://kol-fans.fp.ps.netease.com/file/5e6ccaec96dee4939eb19db4fsOfV3NW02', 'https://kol-fans.fp.ps.netease.com/file/5e6ccaec8b7427be5e3d8194qdbw1vOu02']",2020-03-14 12:15:41
橡树,,游戏截图,小木棉,['https://kol-fans.fp.ps.netease.com/file/5e6c9a6d5e60276fb1dc5b678vbKmgoS02'],2020-03-14 08:48:46
#drop pop candy#  光遇剪辑,,视频,酥安,['https://kol-fans.fp.ps.netease.com/file/5e6b9898a7f2529e78f47aee2gU1KocQ02'],2020-03-13 14:28:45
大家最喜欢的冥龙来啦！,,同人绘,夜冥,['https://kol-fans.fp.ps.netease.com/file/5e6b68807f9d2a106f9a8b71KBipT71T02'],2020-03-13 11:03:28
﻿有趣的灵魂,,游戏截图,小陳！,"['https://kol-fans.fp.ps.netease.com/file/5e6b58975e60271f5eef16b2j5w8ZUB002', 'https://kol-fans.fp.ps.netease.com/file/5e6b589a143cfa506c3aaca0BlOg6iPS02']",2020-03-13 09:55:39
和清清的今日份自拍,,游戏截图,13255****60,['https://kol-fans.fp.ps.netease.com/file/5e6b2a3e143cfa0faf4750be7S6oL2Hy02'],2020-03-13 06:37:51
与你荡秋千,,游戏截图,17863****20,"['https://kol-fans.fp.ps.netease.com/file/5e6afe7e8b7427ff16d38676tQH0iMXH02', 'https://kol-fans.fp.ps.netease.com/file/5e6afe7e96dee4a9ab167da59ETq0kks02', 'https://kol-fans.fp.ps.netease.com/file/5e6afe7e2786fda8f0228f86bwoiMjjZ02']",2020-03-13 03:31:11
世界尽头你与我,,游戏截图,17863****20,['https://kol-fans.fp.ps.netease.com/file/5e6afd9e96dee45894e91c5bDAOIFdHw02'],2020-03-13 03:27:27
采蘑菇的小旅人,,游戏截图,17863****20,['https://kol-fans.fp.ps.netease.com/file/5e6afd64143cfabb3dbf8d3f5MUKWCaH02'],2020-03-13 03:26:29
独赏朝阳,,游戏截图,17863****20,['https://kol-fans.fp.ps.netease.com/file/5e6afd112786fd9d28089f5eqG9WpL5N02'],2020-03-13 03:25:05
感谢陪伴，sky光遇，雨涵，小轩，fai，蜡烛,,游戏截图,17771****67,"['https://kol-fans.fp.ps.netease.com/file/5e6a6a9c2786fd785ce027daw0HwPhqi02', 'https://kol-fans.fp.ps.netease.com/file/5e6a6a9c6f0494cd726e24e2MjutNg5R02', 'https://kol-fans.fp.ps.netease.com/file/5e6a6a9d7f9d2a4ffc9d5606uR5XlGCN02', 'https://kol-fans.fp.ps.netease.com/file/5e6a6a9d7f9d2a42f1160d63CxkMFXHN02']",2020-03-12 17:00:13
最喜欢的云野，这唯一小片的红花,,游戏截图,三竹,['https://kol-fans.fp.ps.netease.com/file/5e6a2e2296dee458dfa96010svf6VUjE02'],2020-03-12 12:42:11
我既生于黑暗，内心向往光明，谁人阻我都不行，哪怕器械不支持我也玩到底。,,游戏截图,13505****37386164,"['https://kol-fans.fp.ps.netease.com/file/5e6a23825e6027c06eae8d501MazR1id02', 'https://kol-fans.fp.ps.netease.com/file/5e6a2383143cfa5e7fda178e2PlhJkrK02']",2020-03-12 11:56:51
光遇的同人！,,同人绘,光遇花花,"['https://kol-fans.fp.ps.netease.com/file/5e6a20828b7427c2a80bc79cizmBwsFk02', 'https://kol-fans.fp.ps.netease.com/file/5e6a208396dee4d5da9805934qYTVdOu02', 'https://kol-fans.fp.ps.netease.com/file/5e6a208c6f04945e0bc8811aHpNEpiT002', 'https://kol-fans.fp.ps.netease.com/file/5e6a208e7f9d2a7ff560a1e1UlT9bb6202']",2020-03-12 11:44:38
全世界最好的干脆面！o(≧v≦)o,,游戏截图,18656****29,"['https://kol-fans.fp.ps.netease.com/file/5e69dd826f049479447b66987LqOgLsk02', 'https://kol-fans.fp.ps.netease.com/file/5e69dd83a7f252339b829b1dNbZpbY0X02', 'https://kol-fans.fp.ps.netease.com/file/5e69dd837f9d2ae2182491d3MYVbyAj802', 'https://kol-fans.fp.ps.netease.com/file/5e69dd838b742798941fe4d2ok5DyL9D02']",2020-03-12 06:58:11
看烟花,,游戏截图,t****88477342,['https://kol-fans.fp.ps.netease.com/file/5e69dd642786fd05cf1b77c5lZ61T9qc02'],2020-03-12 06:57:40
好看,,游戏截图,18539****32,['https://kol-fans.fp.ps.netease.com/file/5e69dac596dee4e5ddd246e8VxmLUZLr02'],2020-03-12 06:46:30
发福蝶,,游戏截图,18856****57,['https://kol-fans.fp.ps.netease.com/file/5e69d8196f0494768651a1e5eGxvCrBs02'],2020-03-12 06:35:06
我们向往的，只有远方,,游戏截图,18178****23,['https://kol-fans.fp.ps.netease.com/file/5e69d6765e6027b2b3523a4cNi10iEcN02'],2020-03-12 06:28:06
闲着没事,,同人绘,15540****02,['https://kol-fans.fp.ps.netease.com/file/5e69d52b5e6027630596344cwSZZsY9z02'],2020-03-12 06:22:36
日常,,游戏截图,15927****24,"['https://kol-fans.fp.ps.netease.com/file/5e69d4445e6027aa3f6d2dc2EmtRXY0q02', 'https://kol-fans.fp.ps.netease.com/file/5e69d4455e6027af130d2a91sBOprLBN02', 'https://kol-fans.fp.ps.netease.com/file/5e69d44596dee4cee93f4330sM6OK3oM02', 'https://kol-fans.fp.ps.netease.com/file/5e69d4457f9d2acb74d8c137XGRTPfmu02']",2020-03-12 06:18:46
感受，人间温暖,,游戏截图,天明,"['https://kol-fans.fp.ps.netease.com/file/5e69c87796dee43852fe23c3hWzQp0bv02', 'https://kol-fans.fp.ps.netease.com/file/5e69c8778b7427fa7ad83cfcldS1Vj7H02', 'https://kol-fans.fp.ps.netease.com/file/5e69c8777f9d2a9444a2fafd39jEDsvM02', 'https://kol-fans.fp.ps.netease.com/file/5e69c878143cfab83126816fl0IsNEBi02']",2020-03-12 05:28:25
光遇中神奇的地方。,,游戏截图,天明,"['https://kol-fans.fp.ps.netease.com/file/5e69c7f12786fd6fee3b580cefYIkEV502', 'https://kol-fans.fp.ps.netease.com/file/5e69c7f1a7f252eea55a50ecUZ1T6mky02', 'https://kol-fans.fp.ps.netease.com/file/5e69c7f18b7427fa7ad83b76DMzz2qEN02']",2020-03-12 05:26:10
向光而生,,游戏截图,天明,['https://kol-fans.fp.ps.netease.com/file/5e69c7b72786fd7a73425d19WKiCl2aL02'],2020-03-12 05:25:12
最爱的图，咩,,游戏截图,17771****67,"['https://kol-fans.fp.ps.netease.com/file/5e69c295143cfa95bf9920c5s3a8NcJb02', 'https://kol-fans.fp.ps.netease.com/file/5e69c2957f9d2a6237abfe07iPbq0hDi02', 'https://kol-fans.fp.ps.netease.com/file/5e69c2968b7427fa7ad82a8eRbJiEIYL02', 'https://kol-fans.fp.ps.netease.com/file/5e69c2965e60272dc16f6c277QGBs46C02']",2020-03-12 05:03:19
当我对世界不再有期待的时候，总有光遇的陌生人向我伸出手，问我要不要一起走,,游戏截图,小黄油加油,"['https://kol-fans.fp.ps.netease.com/file/5e69c170a7f252cfb96ada5arp1PyW6J02', 'https://kol-fans.fp.ps.netease.com/file/5e69c1706f04948b29134942awhcwPiY02', 'https://kol-fans.fp.ps.netease.com/file/5e69c1717f9d2a3e47e9101aLQQRQDAU02', 'https://kol-fans.fp.ps.netease.com/file/5e69c17196dee459be073713AlLE2VyV02']",2020-03-12 04:58:31
晨岛美景,,游戏截图,18280****84,"['https://kol-fans.fp.ps.netease.com/file/5e69b3915e6027ba0a9e681bxAEr111o02', 'https://kol-fans.fp.ps.netease.com/file/5e69b3945e6027a5ebe88f48Owa2J4kN02', 'https://kol-fans.fp.ps.netease.com/file/5e69b3962786fdf01bbdc0bbVuBTfgXq02']",2020-03-12 03:59:19
被你找到了,,游戏截图,c****00610,"['https://kol-fans.fp.ps.netease.com/file/5e69b20a5e6027ba0a9e61aeK2pz3Cji02', 'https://kol-fans.fp.ps.netease.com/file/5e69b20b6f0494221576bcc4DgxhPkik02', 'https://kol-fans.fp.ps.netease.com/file/5e69b20b96dee4ddc7d809d012mVQ5UJ02', 'https://kol-fans.fp.ps.netease.com/file/5e69b20b8b74273824847438KQYWgc1T02']",2020-03-12 03:52:45
是孤独，也不是孤独。,,游戏截图,18757****45,"['https://kol-fans.fp.ps.netease.com/file/5e699fa47f9d2a9575970a2bkzcrAXix02', 'https://kol-fans.fp.ps.netease.com/file/5e699fa52786fdafc489f03bZNz3Kofl02', 'https://kol-fans.fp.ps.netease.com/file/5e699fa67f9d2a904f06bd08koPEqFIB02', 'https://kol-fans.fp.ps.netease.com/file/5e699fa796dee4581099a1aeKiAUgfeJ02']",2020-03-12 02:34:17
汤圆姬小明王子大战陈魔王,,游戏截图,小明同学聚会,"['https://kol-fans.fp.ps.netease.com/file/5e6993527f9d2a4041f5fc00BEtHygiW02', 'https://kol-fans.fp.ps.netease.com/file/5e6993542786fd71b800ea11rBNljQSf02', 'https://kol-fans.fp.ps.netease.com/file/5e699356a7f252a4aff11edcWlTwj44302', 'https://kol-fans.fp.ps.netease.com/file/5e6993576f04949dbef1004ceEN1xY3x02']",2020-03-12 01:41:50
三月游戏见证录,,游戏截图,小明同学聚会,"['https://kol-fans.fp.ps.netease.com/file/5e698fb25e6027a0c8e292d3eoCAyv2b02', 'https://kol-fans.fp.ps.netease.com/file/5e698fb42786fd418e3b9f30ijH7siL402', 'https://kol-fans.fp.ps.netease.com/file/5e698fb45e60277cd4debee67GuhF1yh02', 'https://kol-fans.fp.ps.netease.com/file/5e698fb5a7f252a3a336b17bS1biOzi802']",2020-03-12 01:26:15
光遇美图～感谢糖糖和Dinna友情出演,,游戏截图,17614****75,"['https://kol-fans.fp.ps.netease.com/file/5e69143f143cfa3d7a1988e95cVaGsa002', 'https://kol-fans.fp.ps.netease.com/file/5e69143fa7f252f7df4ffec4GOKuc2fN02', 'https://kol-fans.fp.ps.netease.com/file/5e6914408b742731bafe57deWkPJ3ir902', 'https://kol-fans.fp.ps.netease.com/file/5e69144196dee4dd0978e80as0KjiY5r02']",2020-03-11 16:39:31
我们的瞬间，,,游戏截图,15274****64,"['https://kol-fans.fp.ps.netease.com/file/5e68a4af5e60277c33a17ac5LtFoZLvB02', 'https://kol-fans.fp.ps.netease.com/file/5e68a4b0143cfa0b0d4ffe56Rf80Ff0502', 'https://kol-fans.fp.ps.netease.com/file/5e68a4b17f9d2af765dcb27crPIK8s5m02']",2020-03-11 08:43:30
温暖光遇,,游戏截图,17628****87,['https://kol-fans.fp.ps.netease.com/file/5e6869826f0494d919264cfdypOwF4iy02'],2020-03-11 04:30:59
😄😄😄,,游戏截图,17679****04,['https://kol-fans.fp.ps.netease.com/file/5e6800a45e6027371be6d086XrDj4Ooe02'],2020-03-10 21:03:33
嘿嘿😁,,游戏截图,17679****04,['https://kol-fans.fp.ps.netease.com/file/5e68004f7f9d2a6c33bccd846GR1sVyo02'],2020-03-10 21:02:08
好风景大家一起欣赏!,,游戏截图,17679****04,['https://kol-fans.fp.ps.netease.com/file/5e67ffee7f9d2ace0430fd32rZzQGw0u02'],2020-03-10 21:00:31
头哈哈哈哈哈哈,,游戏截图,奔跑的粽子,['https://kol-fans.fp.ps.netease.com/file/5e6779fc7f9d2a3e074bf342GKvHoMeN02'],2020-03-10 11:29:01
曾经的朋友们,,游戏截图,18621****91,"['https://kol-fans.fp.ps.netease.com/file/5e66537f6f04940b42d03533idUqVlxs02', 'https://kol-fans.fp.ps.netease.com/file/5e6653822786fde356c58322rNrumRO502']",2020-03-09 14:32:35
你真行,,游戏截图,13121****17,['https://kol-fans.fp.ps.netease.com/file/5e6652008b74270bf9f83b81qwiwvtuh02'],2020-03-09 14:26:08
一切因为你,,游戏截图,13121****17,"['https://kol-fans.fp.ps.netease.com/file/5e664fdb7f9d2a89ef379604PU0SdczJ02', 'https://kol-fans.fp.ps.netease.com/file/5e664fdc96dee45ef1c88503OZqkKaOh02']",2020-03-09 14:17:00
相遇,,游戏截图,h****ty,['https://kol-fans.fp.ps.netease.com/file/5e6633ea2786fd05b1abd533jMgXtEP102'],2020-03-09 12:17:47
哈士奇,,游戏截图,h****ty,"['https://kol-fans.fp.ps.netease.com/file/5e6633c66f04944df88465b359YKOwb502', 'https://kol-fans.fp.ps.netease.com/file/5e6633c72786fd07cd1bdbbaGNKaVwGX02']",2020-03-09 12:17:11
光遇中一些神奇的地方,,游戏截图,13718****13,"['https://kol-fans.fp.ps.netease.com/file/5e6628827f9d2aad88ebfdf2rPjiviQX02', 'https://kol-fans.fp.ps.netease.com/file/5e6628822786fdb71cadeefe0lAhPZVI02', 'https://kol-fans.fp.ps.netease.com/file/5e662882143cfa226760ccb6rwrcZhCZ02', 'https://kol-fans.fp.ps.netease.com/file/5e6628835e6027942a211e96KNixLp7v02']",2020-03-09 11:29:07
第一次见到神宠哈士奇等了好久😄,,游戏截图,塔塔,"['https://kol-fans.fp.ps.netease.com/file/5e6625ba2786fd78605ac41aP6HAF7LY02', 'https://kol-fans.fp.ps.netease.com/file/5e6625bc143cfa1f12e42b9b4pewTN8402']",2020-03-09 11:17:17
感谢每一个温暖的人,,游戏截图,13684****17,['https://kol-fans.fp.ps.netease.com/file/5e65be5a2786fd5650ce4090ey6ZaifV02'],2020-03-09 03:56:11
一只小萌新对光遇的爱,,同人绘,无牙,['https://kol-fans.fp.ps.netease.com/file/5e65bc5e143cfa2b94c62e90Kfx5NCpi02'],2020-03-09 03:47:43
从开始遇到的陌生人 到 逐渐快乐 ！！！,,游戏截图,猫头怪兽,"['https://kol-fans.fp.ps.netease.com/file/5e64a1dd2786fd14e74fe7d2kmHZoxWU02', 'https://kol-fans.fp.ps.netease.com/file/5e64a1dd2786fd188212a859tM6wxqii02', 'https://kol-fans.fp.ps.netease.com/file/5e64a1de5e6027250bf6bf45lcL9HESl02', 'https://kol-fans.fp.ps.netease.com/file/5e64a1de8b74272dd3d88bc4KMXueyWe02']",2020-03-08 07:42:24
可爱就完事了,,游戏截图,15860****10,"['https://kol-fans.fp.ps.netease.com/file/5e64327d6f0494b5befb68d6Eb3ill3u02', 'https://kol-fans.fp.ps.netease.com/file/5e64327e8b7427e4825b86befRzJvM7j02', 'https://kol-fans.fp.ps.netease.com/file/5e64327e143cfaf87baa69a9z7p1CA8g02', 'https://kol-fans.fp.ps.netease.com/file/5e64327e5e60272bc3447ffcmTg0fwro02']",2020-03-07 23:47:14
境遇的晚霞,,游戏截图,15672****32,['https://kol-fans.fp.ps.netease.com/file/5e63172196dee4f06682ea3fv9zXdUfh02'],2020-03-07 03:38:09
yu,,游戏截图,15672****32,['https://kol-fans.fp.ps.netease.com/file/5e6316a57f9d2a050ee5de59oOFaxsEB02'],2020-03-07 03:36:06
天上的城堡，通往梦的开始...,,游戏截图,a****581570,['https://kol-fans.fp.ps.netease.com/file/5e628aa46f049447bd89246aUq2ZFkjO02'],2020-03-06 17:38:45
传说地平相接的地方，就是梦回开始的相遇,,游戏截图,18717****14,['https://kol-fans.fp.ps.netease.com/file/5e6272536f0494a36c5e3bd2Zm5HsVNd02'],2020-03-06 15:54:59
幻想,,游戏截图,小楷,['https://kol-fans.fp.ps.netease.com/file/5e62574196dee41069ea8587ws2dCFsS02'],2020-03-06 13:59:29
春天,,游戏截图,小楷,['https://kol-fans.fp.ps.netease.com/file/5e6257002786fd05b115fcabuwzItlWD02'],2020-03-06 13:58:24
留下的时光,,游戏截图,小楷,['https://kol-fans.fp.ps.netease.com/file/5e6256ee6f0494178ac4a8caLuZHJaY002'],2020-03-06 13:58:06
羊毛毡玩偶 做了两周了,,手作,悦梅,['https://kol-fans.fp.ps.netease.com/file/5e61f0c1a7f2527e772bc2771sXRElDa02'],2020-03-06 06:42:10
有幸去到了千鸟城，很美哦,,游戏截图,Quan,['https://kol-fans.fp.ps.netease.com/file/5e61cced143cfab1adb30d36U4OzCD1702'],2020-03-06 04:09:18
温暖的灵魂，终将相遇❤,,游戏截图,Quan,['https://kol-fans.fp.ps.netease.com/file/5e61cca95e6027d60bd86913mU5Q9wqV02'],2020-03-06 04:08:09
皮皮虾不知道立了什么flag，竟然倒立洗头！,,游戏截图,Quan,['https://kol-fans.fp.ps.netease.com/file/5e61c9c18b742784e4e3adbew5uQwHVS02'],2020-03-06 03:55:46
和先祖们的日常,,游戏截图,燕燕,"['https://kol-fans.fp.ps.netease.com/file/5e5ff11596dee4e0f8ed3536KdBmOQUi02', 'https://kol-fans.fp.ps.netease.com/file/5e5ff1158b74273379faa1086bsb67UA02', 'https://kol-fans.fp.ps.netease.com/file/5e5ff1157f9d2ab02e0debf9CZxhjqrN02']",2020-03-04 18:19:02
在光遇里朋友和我们同行,,同伴的温暖,16638****21,"['https://kol-fans.fp.ps.netease.com/file/5e5fb26a2786fdec32ab34bbhsEigAG202', 'https://kol-fans.fp.ps.netease.com/file/5e5fb26a96dee45bbb13c9b3HCN8xYWj02', 'https://kol-fans.fp.ps.netease.com/file/5e5fb26c5e6027005bd503c2pgHaMlO602', 'https://kol-fans.fp.ps.netease.com/file/5e5fb26f5e6027f926806bdco46K0ZDg02']",2020-03-04 13:51:49
总有一刻，你我皆是山海,,溯忻,溯忻,['https://kol-fans.fp.ps.netease.com/file/5e5e8080a7f252083528d817Gkk9gAqo02'],2020-03-03 16:06:25
篝火精灵,,游戏截图,小光仔,"['https://kol-fans.fp.ps.netease.com/file/5e5dba1c5e6027fb57a3c4d51VY75SyG02', 'https://kol-fans.fp.ps.netease.com/file/5e5dba1c7f9d2a9ba1c32662iR40Sm1N02', 'https://kol-fans.fp.ps.netease.com/file/5e5dba1c8b7427e4d64a2f0afmAi1x8l02', 'https://kol-fans.fp.ps.netease.com/file/5e5dba1c96dee41dfc538e46lVGHvWou02']",2020-03-03 01:59:57
﻿冰山一角,,游戏截图,18822****91,"['https://kol-fans.fp.ps.netease.com/file/5e5d34af6f0494a93a534aeagZlNg1fO02', 'https://kol-fans.fp.ps.netease.com/file/5e5d34af7f9d2a1ffa28b78cizzLdQsc02', 'https://kol-fans.fp.ps.netease.com/file/5e5d34af6f0494b047cfc163pye7U0pY02', 'https://kol-fans.fp.ps.netease.com/file/5e5d34af7f9d2a68136e1c8fBffSrx2B02']",2020-03-02 16:30:41
天外有天 人外有人,,游戏截图,燕燕,"['https://kol-fans.fp.ps.netease.com/file/5e5baf068b7427024bb25e28LHtlM3cb02', 'https://kol-fans.fp.ps.netease.com/file/5e5baf067f9d2a35f67e5a5c64qR4GRF02', 'https://kol-fans.fp.ps.netease.com/file/5e5baf072786fdb1af7a1b63kaQ7leM802', 'https://kol-fans.fp.ps.netease.com/file/5e5baf07a7f252a9c92f9c9dcVzCfcoY02']",2020-03-01 12:48:11
点点滴滴……,,游戏截图,13608****88,"['https://kol-fans.fp.ps.netease.com/file/5e5b99ba96dee4ede5e8e5beylfwPcD602', 'https://kol-fans.fp.ps.netease.com/file/5e5b99bba7f252fd294020e0Z6Yc4Pp002', 'https://kol-fans.fp.ps.netease.com/file/5e5b99bba7f2523a2eabd12frtBBHjfO02', 'https://kol-fans.fp.ps.netease.com/file/5e5b99bc2786fdf5c05e67775F7zhDl602']",2020-03-01 11:17:20
大家好！,,同人绘,夜冥,['https://kol-fans.fp.ps.netease.com/file/5e5b2b3c96dee4e2e35f197eFQF5BGwP02'],2020-03-01 03:25:49
irosun,,游戏截图,18682****08,"['https://kol-fans.fp.ps.netease.com/file/5e5a74516f0494b84bb957b8uCAZoH1O02', 'https://kol-fans.fp.ps.netease.com/file/5e5a74516f0494c0f810a2be0vYBVcBu02', 'https://kol-fans.fp.ps.netease.com/file/5e5a7451143cfa467fe644c5K1DlRPlm02']",2020-02-29 14:25:22
来自地图之外的飞行，阿画，饭饭和ice的冒险,,视频,18682****08,['https://kol-fans.fp.ps.netease.com/file/5e5a73687f9d2a02078bd589ymT5WKXP02'],2020-02-29 14:21:30
云野小女孩,,同人绘,秋英,['https://kol-fans.fp.ps.netease.com/file/5e5a697c6f049468fd780976R4t16Mpp02'],2020-02-29 13:39:08
关于我写的萌新入遇系列的介绍,这个系列出自我在光遇里的真实记忆，从一个懵懂的萌新到带萌新的花衣大佬的心理感受以及画面。因为我的手速问题，所以每篇都不多。那这个系列会不会完结呢？有可能不会，我会写到没有东西可写，希望合你们的胃口。,同人文,小随便吖,[],2020-02-29 07:02:19
光遇   萌新入遇   第二篇,"我飞了好远，可我还是迷路了。这时，我看到前方的洞穴前有一个跪坐的蓝人，走进轻轻点燃了它。它化作一点光向前飞去，我紧追不舍，生怕把什么漏掉。它化作一个蓝人，正指着墙上的壁画。我靠近他，它便又变作光点，飞到洞穴的另一边，坐在地上，指着壁画。我不停追出了洞穴，那蓝光飞进一个长霉的石头人里（？），我点燃蓝光，它向我招了招手，指向一个天梯（？）。我学会了指路的动作，蓝光便飞向了天际。
   这时我看到了一扇橙色的门，它是做什么的呢？",同人文,小随便吖,[],2020-02-29 06:46:53
感谢陪伴,,游戏截图,红玖,"['https://kol-fans.fp.ps.netease.com/file/5e59e3a26f04943fa90dfe03A1mq5V7d02', 'https://kol-fans.fp.ps.netease.com/file/5e59e3a2a7f252ccb0265de83XaANMlK02', 'https://kol-fans.fp.ps.netease.com/file/5e59e3a35e6027b56558f79bQcwpYReO02']",2020-02-29 04:08:03
遇境的美好与未来,,游戏截图,红玖,"['https://kol-fans.fp.ps.netease.com/file/5e59e2118b742764fc2386a8J3DpqxEK02', 'https://kol-fans.fp.ps.netease.com/file/5e59e211143cfafa52385498iWg4SFKU02', 'https://kol-fans.fp.ps.netease.com/file/5e59e21196dee44b831928fdVv2534iX02', 'https://kol-fans.fp.ps.netease.com/file/5e59e2118b74275e2fab256cDgGpo9KT02']",2020-02-29 04:01:24
美好的,,游戏截图,19877****14,"['https://kol-fans.fp.ps.netease.com/file/5e59b92d96dee4fd5f1dea91BisBifrI02', 'https://kol-fans.fp.ps.netease.com/file/5e59b92ea7f2523528910b31l9QkLANT02', 'https://kol-fans.fp.ps.netease.com/file/5e59b92e5e6027b4892801b9m4xVGIbo02', 'https://kol-fans.fp.ps.netease.com/file/5e59b92ea7f2521c30975fc0ThjkM56w02']",2020-02-29 01:06:55
旅行记录,,游戏截图,13505****37,"['https://kol-fans.fp.ps.netease.com/file/5e58afd82786fd180d5181c5IRJWCZqq02', 'https://kol-fans.fp.ps.netease.com/file/5e58afd8a7f252ec78758a7egXYPJLXV02', 'https://kol-fans.fp.ps.netease.com/file/5e58afd85e602757805b7e36MQfm71mp02', 'https://kol-fans.fp.ps.netease.com/file/5e58afd85e6027909a91a7652BJ6prsy02']",2020-02-28 06:14:49
光遇 遇见美丽风景,,游戏截图,Cc,"['https://kol-fans.fp.ps.netease.com/file/5e588f9d5e6027d370ecfe38ukxZDiCk02', 'https://kol-fans.fp.ps.netease.com/file/5e588f9da7f2527d450bd71cDxOq7gqc02', 'https://kol-fans.fp.ps.netease.com/file/5e588f9ea7f2526fe5a419a7IbiygzJc02', 'https://kol-fans.fp.ps.netease.com/file/5e588f9e5e6027d64b98bd97K90cKflS02']",2020-02-28 03:57:20
视角还得这么摆,,游戏截图,18833****80,"['https://kol-fans.fp.ps.netease.com/file/5e5805eb8b74270934bb8c5fWAeo2etX02', 'https://kol-fans.fp.ps.netease.com/file/5e5805ec143cfab69bb003c8pUuCP1kD02', 'https://kol-fans.fp.ps.netease.com/file/5e5805ed5e602770e9ab1a59G0TRdAZ602', 'https://kol-fans.fp.ps.netease.com/file/5e5805ee143cfa9ae0b974ffu0Td2Rfi02']",2020-02-27 18:09:53
云野小女孩,,同人绘,秋英,['https://kol-fans.fp.ps.netease.com/file/5e57ce6f2786fd6f71554081i7WzbdWB02'],2020-02-27 14:13:04
感谢相遇,,游戏截图,Boom,['https://kol-fans.fp.ps.netease.com/file/5e56b22a5e602720165d893dPErrPXWk02'],2020-02-26 18:00:11
日常-游客照00,,游戏截图,Boom,"['https://kol-fans.fp.ps.netease.com/file/5e56b14f5e602781235085d0pjS089bQ02', 'https://kol-fans.fp.ps.netease.com/file/5e56b14fa7f252df2bb26722vekA3IqZ02', 'https://kol-fans.fp.ps.netease.com/file/5e56b1502786fd0b6e4907b32EmOUVFK02', 'https://kol-fans.fp.ps.netease.com/file/5e56b1502786fdff1bc2a29eQaoQHdR502']",2020-02-26 17:56:32
世界名曲听吗——《小星星》,,游戏截图,Boom,['https://kol-fans.fp.ps.netease.com/file/5e56af1e6f0494974c4ff1a38gCsWmfR02'],2020-02-26 17:47:10
戏耍皮皮虾,,视频,Boom,['https://kol-fans.fp.ps.netease.com/file/5e56aeaa2786fd08d5dfaf6bfxE2iWba02'],2020-02-26 17:45:15
别样的浪漫，和皮皮虾一起荡秋千,,视频,Boom,['https://kol-fans.fp.ps.netease.com/file/5e56ab32a7f252df2bb26180vRJJHAwk02'],2020-02-26 17:30:27
“沙雕”日常,,游戏截图,13122****66,"['https://kol-fans.fp.ps.netease.com/file/5e566efa8b7427b96b319ad2hhUy9WWQ02', 'https://kol-fans.fp.ps.netease.com/file/5e566efaa7f252586f8f8ca3kyv6zPvo02', 'https://kol-fans.fp.ps.netease.com/file/5e566efaa7f252f540540f66iooZmAC602', 'https://kol-fans.fp.ps.netease.com/file/5e566efaa7f2525ab3abd229iCc97XFF02']",2020-02-26 13:13:31
描线大王。,,同人绘,卞阿夏,['https://kol-fans.fp.ps.netease.com/file/5e55f240a7f25294a300b181Nv2P6qco02'],2020-02-26 04:21:20
#最美的光之旅,,游戏截图,15891****07,"['https://kol-fans.fp.ps.netease.com/file/5e55b0d15e6027ef458681faiYQRU9zG02', 'https://kol-fans.fp.ps.netease.com/file/5e55b0d296dee4b1033b24bfCAGOpU3P02']",2020-02-25 23:42:10
最美的光之旅,,游戏截图,m****3800,"['https://kol-fans.fp.ps.netease.com/file/5e553a0b143cfa0873707075q1eNB2lW02', 'https://kol-fans.fp.ps.netease.com/file/5e553a0b7f9d2a2aeed487b1q3gGCNJp02', 'https://kol-fans.fp.ps.netease.com/file/5e553a0b5e602793852c1b0atbNRo92I02', 'https://kol-fans.fp.ps.netease.com/file/5e553a0b143cfaf47c6978c1YL8bSJFx02']",2020-02-25 15:15:24
菜鸡摸鱼,,同人绘,18930****50,['https://kol-fans.fp.ps.netease.com/file/5e54fd278b742747200f92d8l0q8e3t902'],2020-02-25 10:55:36
光遇的每一个地方都超美腻～,,游戏截图,可可,"['https://kol-fans.fp.ps.netease.com/file/5e54ca366f0494d625e18505SWLeUFji02', 'https://kol-fans.fp.ps.netease.com/file/5e54ca36143cfae79a442fb4GrvUugtZ02', 'https://kol-fans.fp.ps.netease.com/file/5e54ca36143cfae79a442fb9M5FmqhuO02', 'https://kol-fans.fp.ps.netease.com/file/5e54ca3696dee4aeb50bd4f4AJOQlEa002']",2020-02-25 07:18:15
光遇里的点点滴滴,,游戏截图,z****0203,"['https://kol-fans.fp.ps.netease.com/file/5e53da02a7f25296c2c221f58eiFdS9I02', 'https://kol-fans.fp.ps.netease.com/file/5e53da028b7427c2ee738fb2AyG3qdFV02', 'https://kol-fans.fp.ps.netease.com/file/5e53da038b7427ca29d28f2dToz9OXUg02', 'https://kol-fans.fp.ps.netease.com/file/5e53da036f0494c2b37d3a97l6RGMlhW02']",2020-02-24 14:13:24
中午好哇97,,同人绘,可可,['https://kol-fans.fp.ps.netease.com/file/5e50f393a7f252c44bc52ca06u5TLYLo02'],2020-02-22 09:25:40
烟花还是得晚上看～,,游戏截图,圆圆,['https://kol-fans.fp.ps.netease.com/file/5e500b8096dee4656c85e76eGJopArqb02'],2020-02-21 16:55:29
出生地都那么美丽,,游戏截图,18145****76,['https://kol-fans.fp.ps.netease.com/file/5e4f821a5e6027826f113b29NL7QVNS702'],2020-02-21 07:09:15
光遇    萌新入遇  第一篇,"嗨呀，咦？这个游戏。。。好美呀！！！毫不客气的下载后，打开了。                                            
         
   开始啦开始啦！咦？好像是剧情向的诶，我们要扮演一个英雄吗？站起来，电闪雷鸣，第一道传送门开启了。我控制小人，站到它前面。晨岛，我来啦！
   又是动画，好美，一片沙海呀！我站起身，跳了一下，哇，这动作，好卡哇伊！我看到前方有一个小山洞，便走了进去。是壁画，有一群小人跪着，有一个大人。。。我一头雾水。继续往前走，是一个深水坑。我害怕了。不、不会淹死吧？我跳了下去。看来没事。前面，有一个小光人。这是做什么的呀？我想。我继续操控小人，走到光人前面。光人身上出现一个按钮，我点了一下，哇！一身衣服！就是不太鲜艳。这衣服有什么用呢？
   没想到，前方是悬崖！不会像我的世界那样摔死吧？我充满担忧。咦，一个新键，会有用吗？我摁了一下，居然飞起来了，我赶紧向前飞。我已经爱上了这个梦幻、美好的游戏。",同人文,小随便吖,[],2020-02-16 09:13:24
通往云巅的路,,游戏截图,一只🦊,['https://kol-fans.fp.ps.netease.com/file/5e48f4847f9d2a2e4fbe0ad51XlZBiqA02'],2020-02-16 07:51:32
一场小型音乐会,,游戏截图,一只🦊,"['https://kol-fans.fp.ps.netease.com/file/5e48f42296dee4c12875b971IMG9iCIm02', 'https://kol-fans.fp.ps.netease.com/file/5e48f422143cfae286525094RR5aA0F402']",2020-02-16 07:49:55
这是一只憨憨和一只骚骚的故事～,,游戏截图,一只🦊,['https://kol-fans.fp.ps.netease.com/file/5e48f372143cfacdda056e3bDpL2k6le02'],2020-02-16 07:46:59
全家福啊,,游戏截图,华北地区退堂鼓表演艺术宗师,"['https://kol-fans.fp.ps.netease.com/file/5e4805767f9d2af061002f28sVkxKqxv02', 'https://kol-fans.fp.ps.netease.com/file/5e480578143cfab19d1f51e8HQAUMLRw02']",2020-02-15 14:51:36
我们,,游戏截图,15819****54,['https://kol-fans.fp.ps.netease.com/file/5e4800db7f9d2ad195da6a5bfJDJezDZ02'],2020-02-15 14:31:56
我的朋友们，彩虹棉花糖小队,,游戏截图,a****ali2020,"['https://kol-fans.fp.ps.netease.com/file/5e47fe535e6027912c790628Xkhgpkeo02', 'https://kol-fans.fp.ps.netease.com/file/5e47fe538b7427a8fac893eb5yH3ycpp02', 'https://kol-fans.fp.ps.netease.com/file/5e47fe545e6027912c79062aZ6zG4fvo02', 'https://kol-fans.fp.ps.netease.com/file/5e47fe548b7427a8fac893eeaR8jWM1902']",2020-02-15 14:21:10
羊毛毡光遇小人手作,,手作,a****ali2020,"['https://kol-fans.fp.ps.netease.com/file/5e47fdc6143cfa8e381ee2b5zhci5obM02', 'https://kol-fans.fp.ps.netease.com/file/5e47fdc77f9d2a91245eba7dxxzxh6Vy02', 'https://kol-fans.fp.ps.netease.com/file/5e47fdc78b74275daf729407BNOxJDeK02']",2020-02-15 14:18:48
半年了，祝光•遇越来越好,,游戏截图,17099****68,"['https://kol-fans.fp.ps.netease.com/file/5e478001143cfadecb07b58857GLsSi502', 'https://kol-fans.fp.ps.netease.com/file/5e478001a7f252428cfa6ed7VdfyhXBl02', 'https://kol-fans.fp.ps.netease.com/file/5e4780015e6027c35cd9f81bUFKmcHVF02', 'https://kol-fans.fp.ps.netease.com/file/5e4780016f04944d5475cfb1Gx665Ek902']",2020-02-15 05:22:10
有时候，叫上这么几个网友一起跑图，也是一种快乐,,游戏截图,15269****91,['https://kol-fans.fp.ps.netease.com/file/5e4577697f9d2a8b75f870cdmrI4ccih02'],2020-02-13 16:20:58
光遇,,游戏截图,18515****13,"['https://kol-fans.fp.ps.netease.com/file/5e44cff196dee4297dbdde2did313iM102', 'https://kol-fans.fp.ps.netease.com/file/5e44cff15e6027c4134dfa9c5mI4g4zL02', 'https://kol-fans.fp.ps.netease.com/file/5e44cff25e6027bdf59659234vQWSjhj02', 'https://kol-fans.fp.ps.netease.com/file/5e44cff3a7f252253d804487si9Oy62p02']",2020-02-13 04:26:30
漂流,,同人绘,秋英,['https://kol-fans.fp.ps.netease.com/file/5e439de32786fd7ea662a787Qh8a7aPM02'],2020-02-12 06:40:36
今天的遇境……有些不一样……,,游戏截图,悦梅,"['https://kol-fans.fp.ps.netease.com/file/5e43918c2786fd297cc5e272VL8RuL8o02', 'https://kol-fans.fp.ps.netease.com/file/5e43918c7f9d2a59d21962782ZVmvENw02', 'https://kol-fans.fp.ps.netease.com/file/5e43918ca7f252e5e1fc0bddeJ0lN16J02']",2020-02-12 05:47:57
我曾等待着什么，却已经忘了,,手作,悦梅,"['https://kol-fans.fp.ps.netease.com/file/5e4257d17f9d2a3a1e0a581diNVIRAl802', 'https://kol-fans.fp.ps.netease.com/file/5e4257d28b7427c7ba4ffbd5UX7sAQvN02']",2020-02-11 07:29:22
光遇抖肩舞,,视频,15827****95,['https://kol-fans.fp.ps.netease.com/file/5e4210cb143cfa4fb3ffe9d72hWBuAuj02'],2020-02-11 02:26:23
fly·孤独地与瑶鲲白鸟相伴,,游戏截图,???,['https://kol-fans.fp.ps.netease.com/file/5e41f0887f9d2a9cd333a910gkNkkSKY02'],2020-02-11 00:08:41
爱之相遇,,游戏截图,13589****61,"['https://kol-fans.fp.ps.netease.com/file/5e40f9477f9d2a8bbb7b97a7AueLmVmU02', 'https://kol-fans.fp.ps.netease.com/file/5e40f9488b7427f772676565zvFHbs5R02', 'https://kol-fans.fp.ps.netease.com/file/5e40f9488b7427f15fab6ddehRl5C0cq02']",2020-02-10 06:33:44
:D,,同人绘,18132****79,['https://kol-fans.fp.ps.netease.com/file/5e40dd1f6f0494590ea145c2EOilC2o402'],2020-02-10 04:33:35
【瑞香】归属季几纪念,,同人绘,17738****65,['https://kol-fans.fp.ps.netease.com/file/5e3ea5c8143cfab5d1cfbd6135aR2lEo02'],2020-02-08 12:12:57
一起来 更精彩,,游戏截图,华北地区退堂鼓表演艺术宗师,"['https://kol-fans.fp.ps.netease.com/file/5e3e522c8b74276f4e57996fXVFWiPxq02', 'https://kol-fans.fp.ps.netease.com/file/5e3e522ca7f252f14f43d7a93VIVuYJS02', 'https://kol-fans.fp.ps.netease.com/file/5e3e522c96dee485cecac1e5OZ3PYe8x02']",2020-02-08 06:16:12
孤独的旅行者,,游戏截图,15168****69,"['https://kol-fans.fp.ps.netease.com/file/5e3e34a47f9d2ab16e7ccc89pjhpkgiN02', 'https://kol-fans.fp.ps.netease.com/file/5e3e34a42786fdb9dca06932rmTi7OCl02']",2020-02-08 04:10:12
启程,,风景,17773****80,['https://kol-fans.fp.ps.netease.com/file/5e3d7d237f9d2ac383e58d39g4TLsRQl02'],2020-02-07 15:07:15
日常瞎画（不太好看,,同人绘,a****a32,['https://kol-fans.fp.ps.netease.com/file/5e3c2f7a7f9d2a560495c79aTo8v4TiU02'],2020-02-06 15:23:38
温暖的谈资,,游戏截图,Grita,"['https://kol-fans.fp.ps.netease.com/file/5e3597842786fdf4dab198d7CYK04Rzm02', 'https://kol-fans.fp.ps.netease.com/file/5e3597846f04944bca8a0285U1vRUgOy02', 'https://kol-fans.fp.ps.netease.com/file/5e3597858b7427724d1f5e83GMzicizV02', 'https://kol-fans.fp.ps.netease.com/file/5e3597852786fde3d86a6a00DgcgiDdh02']",2020-02-01 15:21:42
交友,,同人绘,秋英,['https://kol-fans.fp.ps.netease.com/file/5e32c6e28b742748dcf31a498oKNrlxL02'],2020-01-30 12:06:59
钢琴,,手作,悦梅,['https://kol-fans.fp.ps.netease.com/file/5e32753996dee4aaba48cb67gPHb44Hm02'],2020-01-30 06:18:34
光遇牌尤克里里,,手作,悦梅,['https://kol-fans.fp.ps.netease.com/file/5e32584696dee41791bfb29fbAub86kO02'],2020-01-30 04:15:02
让她跳完这支舞，而现实太残酷。,,游戏截图,果果RUGO,['https://kol-fans.fp.ps.netease.com/file/5e3076707f9d2aae78b3a66dO2MFf8mg02'],2020-01-28 17:59:13
双马尾,,游戏截图,6****2284,['https://kol-fans.fp.ps.netease.com/file/5e2feee296dee4654ad515e3BX4P9Y8c02'],2020-01-28 08:20:51
﻿Autodesk指绘：云野的童梦世界吖～,,同人绘,Eva,['https://kol-fans.fp.ps.netease.com/file/5e2e9b3b96dee4dad708458bjsvX27xQ02'],2020-01-27 08:11:39
光遇牌吉他🎸 ,,手作,悦梅,['https://kol-fans.fp.ps.netease.com/file/5e2d924b7f9d2aafb63a1630zq7wYdZP02'],2020-01-26 13:21:16
星空下的凝望,,游戏截图,19873****96,['https://kol-fans.fp.ps.netease.com/file/5e2c03167f9d2a046ecb8e9cpC37ZwFm02'],2020-01-25 08:57:59
被迫营业的鸭子               我实在好闲,,手作,悦梅,"['https://kol-fans.fp.ps.netease.com/file/5e2ab9b35e6027e5ec4aa0e82EkLyvOw02', 'https://kol-fans.fp.ps.netease.com/file/5e2ab9b496dee48b81d6fb0aNAKBNoWR02', 'https://kol-fans.fp.ps.netease.com/file/5e2ab9b696dee4ef38e4a6e54pIsVpvG02']",2020-01-24 09:32:38
遥昆和白鸟     有点像馄饨皮,,手作,悦梅,"['https://kol-fans.fp.ps.netease.com/file/5e2ab8d7a7f2522ee3c3239c3gvFWJre02', 'https://kol-fans.fp.ps.netease.com/file/5e2ab8d8a7f25218abf2c33aDUtlUGLr02']",2020-01-24 09:28:57
我在这静静地等你,,手作,悦梅,['https://kol-fans.fp.ps.netease.com/file/5e2ab5cfa7f2522ee3c31e8eI56X0fJy02'],2020-01-24 09:15:59
一个……火堆……,,手作,悦梅,"['https://kol-fans.fp.ps.netease.com/file/5e2ab3f496dee466471d8026LMFxR0SS02', 'https://kol-fans.fp.ps.netease.com/file/5e2ab3f596dee473e7a6d7ddsLUJOlNx02', 'https://kol-fans.fp.ps.netease.com/file/5e2ab3f55e6027a1e3589c47g8DYAdQe02']",2020-01-24 09:08:06
冥龙虐我千百遍，我待冥龙如初恋,,手作,悦梅,['https://kol-fans.fp.ps.netease.com/file/5e2ab3055e60277e413e19150hbMjCiC02'],2020-01-24 09:04:05
远走高飞,,视频,15827****95,['https://kol-fans.fp.ps.netease.com/file/5e2961fd96dee42d51200dcfyVNSxsuw02'],2020-01-23 09:06:10
温暖的灵魂终将相遇,,游戏截图,残月,"['https://kol-fans.fp.ps.netease.com/file/5e244aa7143cfa5406b70b09rKAGUyEc02', 'https://kol-fans.fp.ps.netease.com/file/5e244aa796dee4e5e43033b3jBIId70f02', 'https://kol-fans.fp.ps.netease.com/file/5e244aa82786fdca8deb2acbpcjxQOso02', 'https://kol-fans.fp.ps.netease.com/file/5e244aa8a7f252a86f536cd65cd2OLzU02']",2020-01-19 12:25:13
旅程中的美丽景色,,游戏截图,长丶舟,"['https://kol-fans.fp.ps.netease.com/file/5e2429458b7427548b9fb652hgIJkqsJ02', 'https://kol-fans.fp.ps.netease.com/file/5e2429465e60276bbab792ddFlC4feom02', 'https://kol-fans.fp.ps.netease.com/file/5e2429466f049411dc2072fafl9E4yXm02', 'https://kol-fans.fp.ps.netease.com/file/5e2429467f9d2a860d6741c7Imo8iKy202']",2020-01-19 10:02:48
Autodesk指绘-晨岛神殿～,,同人绘,Eva,['https://kol-fans.fp.ps.netease.com/file/5e23b2f0a7f2525e3f6c99cceFpuzAvK02'],2020-01-19 01:37:52
Autodesk指绘-霞谷赛道～,,同人绘,Eva,['https://kol-fans.fp.ps.netease.com/file/5e23b2c196dee42e449d73ecYoliX68602'],2020-01-19 01:37:05
你最终也愿意为了她失去一切吗,,游戏截图,18881****77,"['https://kol-fans.fp.ps.netease.com/file/5e2360ab5e60274e2df8beb8TT2Xf1d102', 'https://kol-fans.fp.ps.netease.com/file/5e2360b196dee4d6b603677bEe4DZzRK02', 'https://kol-fans.fp.ps.netease.com/file/5e2360ba143cfaa35b7c0fc7cGqOf2Xk02']",2020-01-18 19:47:07
瞎画,,同人绘,m****7171168,"['https://kol-fans.fp.ps.netease.com/file/5e2331335e6027fb41465f5aT144527I02', 'https://kol-fans.fp.ps.netease.com/file/5e2331348b7427a068fb8403VE7DabNw02', 'https://kol-fans.fp.ps.netease.com/file/5e2331345e602736149ac684XNDJWSrP02', 'https://kol-fans.fp.ps.netease.com/file/5e23313596dee42d51fac48aievBNija02']",2020-01-18 16:24:22
第一次做尤克里里，尽力了……,,手作,13952****12,['https://kol-fans.fp.ps.netease.com/file/5e22d22c5e6027d3710e013eXpQt7ecd02'],2020-01-18 09:38:52
伊甸,"当进入伊甸之前，我是无知的也是畏惧的。在献祭时被石头撞飞，光之翼飞速地在减少，我渴望找到光，哪怕只有一丝……我记得曾点亮过灯火，然而再也找不着了……最后的光明也已经消散。
        那是什么谁？我自己？看，ta已经被石头砸的满目疮痍。拥抱时，竟然重获新生。
        在重生之路上，我看到了众星拱月那么壮观景象，还看到了……我的朋友们与我一起在这璀璨的星河中遨游，是感动的，是温暖的。",同人文,m****8125594_1,[],2020-01-14 16:16:36
在游戏光遇里，随便一张截图都是如此的唯美。,,游戏截图,要浪,"['https://kol-fans.fp.ps.netease.com/file/5e1b5cab7f9d2af2b6df4e0cPTMESHeA02', 'https://kol-fans.fp.ps.netease.com/file/5e1b5cb08b742793ffbb0763rBD8WO9T02', 'https://kol-fans.fp.ps.netease.com/file/5e1b5cbc8b74278d963f996cYAsc0Bx302', 'https://kol-fans.fp.ps.netease.com/file/5e1b5cbc96dee4ccd142e87eoOkJ2yfP02']",2020-01-12 17:52:35
不期而遇的温暖❤️,,游戏截图,橙子味达达,"['https://kol-fans.fp.ps.netease.com/file/5e189b855e6027f55936c163LjrBFR1U02', 'https://kol-fans.fp.ps.netease.com/file/5e189b85a7f2525bf2afb517CilCbHLS02', 'https://kol-fans.fp.ps.netease.com/file/5e189b852786fd03cf4a52c80LIDVvy102', 'https://kol-fans.fp.ps.netease.com/file/5e189b8696dee4b84f368129Z3OaiGJf02']",2020-01-10 15:43:02
云中,,同人绘,13541****21,['https://kol-fans.fp.ps.netease.com/file/5e1426668b74276d7e7e62664Uh3llEV02'],2020-01-07 06:34:14
生华蜡烛,,同人绘,18842****16,['https://kol-fans.fp.ps.netease.com/file/5e0fe2e25e6027038bbc37bfSgwSbA4f02'],2020-01-04 00:57:07
胜华蜡烛,,同人绘,18842****16,['https://kol-fans.fp.ps.netease.com/file/5e0fe24b5e60273fec5324026tY86tyN02'],2020-01-04 00:54:35
一看回忆，有点诡异🌚,,游戏截图,18901****65,"['https://kol-fans.fp.ps.netease.com/file/5e0c670b143cfa0a10704eeeghKSiP6j02', 'https://kol-fans.fp.ps.netease.com/file/5e0c670b96dee4e531f1b62aRNJCiRT902']",2020-01-01 09:31:55
云野是我的，我是云野的王,,游戏截图,18901****65,['https://kol-fans.fp.ps.netease.com/file/5e0c66ca6f04946aab9eeb3eHld3iUYs02'],2020-01-01 09:30:51
说好从今以后都牵着手，不管要走多远~,,游戏截图,18901****65,['https://kol-fans.fp.ps.netease.com/file/5e0c66988b7427317ea333c1H6Ab2fEL02'],2020-01-01 09:30:01
鸟瞰遇境,,游戏截图,18901****65,['https://kol-fans.fp.ps.netease.com/file/5e0c664b96dee4ba875abbafA7s9cbsJ02'],2020-01-01 09:28:44
暴风眼也有蓝天,,游戏截图,18901****65,['https://kol-fans.fp.ps.netease.com/file/5e0c661896dee4aa93b29e41EQXTUuOW02'],2020-01-01 09:27:52
想要和你去看彩虹🌈摸摸头杏仁仁,,游戏截图,18901****65,"['https://kol-fans.fp.ps.netease.com/file/5e0c65b66f049456cbd909f56TZefPbd02', 'https://kol-fans.fp.ps.netease.com/file/5e0c65b65e60279a52909032pxIFu9qc02']",2020-01-01 09:26:14
温暖的灵魂终将相遇，元旦快乐吖( *︾▽︾),,同人绘,霧丸,['https://kol-fans.fp.ps.netease.com/file/5e0b5b816f049484c7017db1s0lpQgIO02'],2019-12-31 14:30:26
禅·微光,,游戏截图,13662****50,['https://kol-fans.fp.ps.netease.com/file/5e0b2a3c6f0494161a0262970553GEOJ02'],2019-12-31 11:00:12
飞呀飞,,游戏截图,Teabird白露,"['https://kol-fans.fp.ps.netease.com/file/5e09ee175e6027a0c9704819ShLiFkcF02', 'https://kol-fans.fp.ps.netease.com/file/5e09ee186f04942fc0a7c739mvaGqaQb02', 'https://kol-fans.fp.ps.netease.com/file/5e09ee188b7427e9fa78e67863fjYTPg02', 'https://kol-fans.fp.ps.netease.com/file/5e09ee195e6027031873c1cbvaHLsRDX02']",2019-12-30 12:31:23
最酷装扮,,同人绘,霧丸,['https://kol-fans.fp.ps.netease.com/file/5e08c5348b74273f054fb12bVFqAa7I002'],2019-12-29 15:24:37
感谢有你,,游戏截图,15038****34,"['https://kol-fans.fp.ps.netease.com/file/5e0769fa7f9d2a2bd846e546UoSri31L02', 'https://kol-fans.fp.ps.netease.com/file/5e0769fa7f9d2a2bd846e549Rgx1jEKZ02', 'https://kol-fans.fp.ps.netease.com/file/5e0769fba7f2527503e27473vSca24Sl02', 'https://kol-fans.fp.ps.netease.com/file/5e0769fba7f2524a161cd356iWN8f02W02']",2019-12-28 14:43:08
沙雕的他们,,游戏截图,15906****33,"['https://kol-fans.fp.ps.netease.com/file/5e0719db6f04948a83b064e77zmXeqGQ02', 'https://kol-fans.fp.ps.netease.com/file/5e0719db2786fdf5ca212036zamBTlHr02', 'https://kol-fans.fp.ps.netease.com/file/5e0719dc7f9d2ac3d1e6f87ezAMGfHPR02']",2019-12-28 09:01:16
Merry X-mas,,游戏截图,13005****77,"['https://kol-fans.fp.ps.netease.com/file/5e05b97c7f9d2a23d3a5f5214MVqvs9602', 'https://kol-fans.fp.ps.netease.com/file/5e05b97d143cfa07adc75defJAkyKXyN02', 'https://kol-fans.fp.ps.netease.com/file/5e05b97d2786fda0e94f8494yJjOgg1N02', 'https://kol-fans.fp.ps.netease.com/file/5e05b97d6f0494beea11270eiXbLOUaF02']",2019-12-27 07:57:50
感谢相遇🥰💓💓💓💓💓,,游戏截图,鹿鹿🦌,"['https://kol-fans.fp.ps.netease.com/file/5e009af4a7f252d04616471fL5iiTptb02', 'https://kol-fans.fp.ps.netease.com/file/5e009af46f0494d77f19e56b3EIbIv0r02', 'https://kol-fans.fp.ps.netease.com/file/5e009af4a7f252a58e38e64cyoIUN31P02', 'https://kol-fans.fp.ps.netease.com/file/5e009af5143cfa1d999c9eb9x2oGqtG602']",2019-12-23 10:46:14
向上再向上,,游戏截图,18801****10,['https://kol-fans.fp.ps.netease.com/file/5dff9b885e602760995d115dgh4WM5Nl02'],2019-12-22 16:36:25
黑也不怕，冲丫,,游戏截图,18801****10,['https://kol-fans.fp.ps.netease.com/file/5dff9aa06f0494669b8babb6ij7KrH7002'],2019-12-22 16:32:32
我回来了。,,游戏截图,18801****10,['https://kol-fans.fp.ps.netease.com/file/5dff9a158b74270e06b476c3Y1Ztucgd02'],2019-12-22 16:30:13
感谢光遇，遇到真爱，虽爱而不得，但也温暖寒冬。,,游戏截图,13153****66,"['https://kol-fans.fp.ps.netease.com/file/5dfc39037f9d2a91c19fc742iUZNAlW402', 'https://kol-fans.fp.ps.netease.com/file/5dfc39035e6027324eaf6c702a9W8uOl02', 'https://kol-fans.fp.ps.netease.com/file/5dfc39045e602767e2d6e890XiDTVygp02', 'https://kol-fans.fp.ps.netease.com/file/5dfc390496dee45fc610907aGNDXsXPW02']",2019-12-20 02:59:16
不经意间,,游戏截图,夕阳大侠,"['https://kol-fans.fp.ps.netease.com/file/5dfb90e2143cfad6c1cb69d4JQFMPUSF02', 'https://kol-fans.fp.ps.netease.com/file/5dfb90e28b742778e7fbf1ea2kN0wimI02', 'https://kol-fans.fp.ps.netease.com/file/5dfb90e22786fd0ab9f2c72b7eO1YXNS02', 'https://kol-fans.fp.ps.netease.com/file/5dfb90e22786fddb663ccef1YbB3aO9002']",2019-12-19 15:01:55
呱呱坠地 重生之日 再见心光,,游戏截图,CC,['https://kol-fans.fp.ps.netease.com/file/5df9cac0143cfa217f575ce1hIMLO29u02'],2019-12-18 06:44:17
你们在哪,,游戏截图,Bidens,['https://kol-fans.fp.ps.netease.com/file/5df905ee2786fd0a7b0ec45bHQLtMWZ102'],2019-12-17 16:44:31
愿我们相遇,,同人绘,Bidens,['https://kol-fans.fp.ps.netease.com/file/5df905ce6f0494b5a414b3a4MVC7KfiS02'],2019-12-17 16:43:58
再次复活🌟,,游戏截图,粘在锅上的咸鱼,['https://kol-fans.fp.ps.netease.com/file/5df7a38296dee493d36387ceIHtxBAdL02'],2019-12-16 15:32:19
光遇同款晨岛截图,,游戏截图,18901****65,"['https://kol-fans.fp.ps.netease.com/file/5df7510e2786fdd9fa544e3fBuWuhs0S02', 'https://kol-fans.fp.ps.netease.com/file/5df7510e8b742712f6542454yQ7v8VG602', 'https://kol-fans.fp.ps.netease.com/file/5df7510ea7f25226310e06de36GE8BQB02']",2019-12-16 09:40:31
看！我的风火轮,,游戏截图,18770****97,['https://kol-fans.fp.ps.netease.com/file/5df71ce1143cfaeb2769896e3jWazfxL02'],2019-12-16 05:57:54
遥望星河🌟,,游戏截图,粘在锅上的咸鱼,['https://kol-fans.fp.ps.netease.com/file/5df512856f0494dcec83ea65krTXOZ0t02'],2019-12-14 16:49:10
👏🏻👏🏻👏🏻,,游戏截图,15282****11,['https://kol-fans.fp.ps.netease.com/file/5df39919a7f252d945d2ae8bOj1amcKm02'],2019-12-13 13:58:50
毕业雨林超开心！！,,同人绘,15282****11,['https://kol-fans.fp.ps.netease.com/file/5df395d65e60273df286fcf5Hh0SAeoQ02'],2019-12-13 13:44:55
自拍？耶😏,,游戏截图,这里是二小七,"['https://kol-fans.fp.ps.netease.com/file/5df37ab26f04947b8f440c67Vb7z6vV002', 'https://kol-fans.fp.ps.netease.com/file/5df37ab35e6027e62d3f2a08CxK9mTsz02']",2019-12-13 11:49:07
慕容·世美,,游戏截图,臭牛年,"['https://kol-fans.fp.ps.netease.com/file/5df1dc308b7427fbd7885e63YN3DmwZ002', 'https://kol-fans.fp.ps.netease.com/file/5df1dc302786fd6a231a3292V2XUWea502']",2019-12-12 06:20:32
我和我最爱的你们,,游戏截图,小白,"['https://kol-fans.fp.ps.netease.com/file/5df1ce628b742784f9f94d67bXF9A4zT02', 'https://kol-fans.fp.ps.netease.com/file/5df1ce63a7f25216ac8e58e7Asqgis8L02', 'https://kol-fans.fp.ps.netease.com/file/5df1ce632786fdf8ce3d1b61pcAdI8UF02', 'https://kol-fans.fp.ps.netease.com/file/5df1ce63143cfae6fa745d3cIHZ9WFVF02']",2019-12-12 05:21:42
这个人好厉害，是神吧,,游戏截图,f****ouluohan,['https://kol-fans.fp.ps.netease.com/file/5df106ab7f9d2a63a3a6d0e9fUKG36NI02'],2019-12-11 15:09:32
偶遇蘑菇,,游戏截图,f****ouluohan,['https://kol-fans.fp.ps.netease.com/file/5df106877f9d2a6bd5c12da6f3ultEL002'],2019-12-11 15:08:55
办公室一日游,,游戏截图,f****ouluohan,"['https://kol-fans.fp.ps.netease.com/file/5df1066396dee4464e5f2580TsG5xf4402', 'https://kol-fans.fp.ps.netease.com/file/5df10663143cfadf536290f9ejd54bxc02', 'https://kol-fans.fp.ps.netease.com/file/5df106642786fdd8198e51aaGmzuAbOM02', 'https://kol-fans.fp.ps.netease.com/file/5df106645e6027f49bffebefGRQd02Ab02']",2019-12-11 15:08:20
霞谷风光一览,,游戏截图,f****ouluohan,['https://kol-fans.fp.ps.netease.com/file/5df105b596dee4238dd305e3cFY3KLFB02'],2019-12-11 15:05:26
机灵鬼飞进云端，探索新世界,,同人绘,18577****97,"['https://kol-fans.fp.ps.netease.com/file/5deeaad796dee4510832f073Og3YAtQT02', 'https://kol-fans.fp.ps.netease.com/file/5deeaad7143cfaebd535636cvVmZ2m6402', 'https://kol-fans.fp.ps.netease.com/file/5deeaad7143cfabe556767fdMQHaoIDA02', 'https://kol-fans.fp.ps.netease.com/file/5deeaad72786fdb8acf771651dte3Ltz02']",2019-12-09 20:13:13
找到一朵小花，用星光浇灌,,游戏截图,q****uierhhh,"['https://kol-fans.fp.ps.netease.com/file/5ded994f143cfa39376d92f1pUXUxUq402', 'https://kol-fans.fp.ps.netease.com/file/5ded9951143cfa39376d92f3WxT990Gk02']",2019-12-09 00:46:10
新世界,,游戏截图,13049****41,"['https://kol-fans.fp.ps.netease.com/file/5dec60018b7427eed02cb28175dDj5xG02', 'https://kol-fans.fp.ps.netease.com/file/5dec60018b7427eed02cb282cfp5Jy9002']",2019-12-08 02:29:22
﻿真想和喜欢的人一起坐在这里,,游戏截图,n****js66,['https://kol-fans.fp.ps.netease.com/file/5de8e0607f9d2a3cc24729f2rbx4iMrA02'],2019-12-05 10:48:00
面壁思过,,游戏截图,q****uierhhh,['https://kol-fans.fp.ps.netease.com/file/5de8a8e396dee4d63d9a9889heq8m8Iw02'],2019-12-05 06:51:16
（Sky光遇，外服）像不像小时候妈妈安慰着害怕的你,,游戏截图,q****uierhhh,['https://kol-fans.fp.ps.netease.com/file/5de7d35296dee4e0a178eedbsicy6oVr02'],2019-12-04 15:40:03
暗中观察！òwó,,游戏截图,AndrewQY,"['https://kol-fans.fp.ps.netease.com/file/5de7608a96dee459f376be8dzqY1gPwB02', 'https://kol-fans.fp.ps.netease.com/file/5de7608b143cfa736711099ddLZar75o02']",2019-12-04 07:30:19
每日一想,,游戏截图,q****uierhhh,['https://kol-fans.fp.ps.netease.com/file/5de56db28b742778c67d80644WC4poBr02'],2019-12-02 20:01:56
黑煤球和白白2,,游戏截图,mhryeon,"['https://kol-fans.fp.ps.netease.com/file/5de348ef143cfa8c7b802a32q1zVYtoS02', 'https://kol-fans.fp.ps.netease.com/file/5de348f08b7427b97f804868Si9JM1dD02', 'https://kol-fans.fp.ps.netease.com/file/5de348f096dee4160935aef67vfXC5cS02', 'https://kol-fans.fp.ps.netease.com/file/5de348f18b74270f53cb3ab0FaMh80U002']",2019-12-01 05:00:34
黑煤球和白白,,游戏截图,mhryeon,"['https://kol-fans.fp.ps.netease.com/file/5de3487d96dee4160935ae344VZXme5502', 'https://kol-fans.fp.ps.netease.com/file/5de3487ea7f2521b086c2deeZ0EEDBRZ02', 'https://kol-fans.fp.ps.netease.com/file/5de3487e143cfa1452e17bbfOComyDyb02', 'https://kol-fans.fp.ps.netease.com/file/5de3487f143cfa883394739cZptHANgR02']",2019-12-01 04:58:42
光遇琴谱：请吃掉红小豆吧莫相忘,,手作,15645****25,['https://kol-fans.fp.ps.netease.com/file/5dda0218a7f252da87af47f2uSblBU0p02'],2019-11-24 04:07:53
我很想要这款发型，请推出,,建议,13879****69,['https://kol-fans.fp.ps.netease.com/file/5dd90bee5e6027685cf92cc7C9Veshv602'],2019-11-23 10:38:08
感谢相遇，感谢曾经的陪伴（板绘）,,同人绘,岱瑶,['https://kol-fans.fp.ps.netease.com/file/5dd7f6b596dee438dfc820e5YXyp0rvA02'],2019-11-22 14:54:45
温暖的灵魂终将相遇~~~~超轻黏土+荧光软陶,,手作,猫神,"['https://kol-fans.fp.ps.netease.com/file/5dd7d7072786fd071d07f51dx1XgSoUJ02', 'https://kol-fans.fp.ps.netease.com/file/5dd7d70d96dee4259432a5c0iholCdyA02', 'https://kol-fans.fp.ps.netease.com/file/5dd7d7165e60277e903290e0ZLvsy1Lu02', 'https://kol-fans.fp.ps.netease.com/file/5dd7d720a7f252ba66a5ab14cD1L0vld02']",2019-11-22 12:40:05
光的构想新世界「圆叶森林」,,同人绘,Eysun,['https://kol-fans.fp.ps.netease.com/file/5dd78318a7f252aca2d21020aHvawPxA02'],2019-11-22 06:41:28
一个记录,,游戏截图,13699****17,"['https://kol-fans.fp.ps.netease.com/file/5dd3aec25e6027fed60a3daeSDTt6fPv02', 'https://kol-fans.fp.ps.netease.com/file/5dd3aec25e60270db50c77ccBskQ6QrW02', 'https://kol-fans.fp.ps.netease.com/file/5dd3aec2143cfa27028d472cH4HuKIWI02', 'https://kol-fans.fp.ps.netease.com/file/5dd3aec25e6027fed60a3dafZYLuODs102']",2019-11-19 08:58:45
奔跑,,游戏截图,m****1519432,"['https://kol-fans.fp.ps.netease.com/file/5dd361465e6027f41aa9b4112CNbyVPr02', 'https://kol-fans.fp.ps.netease.com/file/5dd3614796dee4971cc23445Bs7y2gwL02', 'https://kol-fans.fp.ps.netease.com/file/5dd3614896dee45ccb543a23U6UDzMEA02']",2019-11-19 03:28:09
禅 ｜ 系列一,,游戏截图,芈斯,['https://kol-fans.fp.ps.netease.com/file/5dd02f002786fd499f986aa7ilcaH0TD02'],2019-11-16 17:16:49
审判现场请保持肃静,,游戏截图,芈斯,['https://kol-fans.fp.ps.netease.com/file/5dd02e9d7f9d2a2fafd21fa3zmsSNOuF02'],2019-11-16 17:15:10
鲲之旅人,,游戏截图,芈斯,['https://kol-fans.fp.ps.netease.com/file/5dd02d8e8b742711cd9f5bacTCjtgRFC02'],2019-11-16 17:10:39
向前跑！迎着眼泪和骄傲！,,游戏截图,芈斯,['https://kol-fans.fp.ps.netease.com/file/5dd02d458b742711cd9f5b735439MGKH02'],2019-11-16 17:09:25
来自单身狗的凝视,,游戏截图,芈斯,['https://kol-fans.fp.ps.netease.com/file/5dd02c688b74275646a33bb2hWpKxXg102'],2019-11-16 17:05:45
风景，Sky咕咕鸡曾走过的角落,,游戏截图,Sky咕咕鸡,"['https://kol-fans.fp.ps.netease.com/file/5dcd4e6fa7f2521ee10cfaf9fZNktQKl02', 'https://kol-fans.fp.ps.netease.com/file/5dcd4e6f8b742754f8cb98bfdNoJbifU02', 'https://kol-fans.fp.ps.netease.com/file/5dcd4e6f5e60271a4976435fcj2b3ieO02', 'https://kol-fans.fp.ps.netease.com/file/5dcd4e6f7f9d2a69ba3562fe3i49YHav02']",2019-11-14 12:54:08
不明飞行物🛸,,游戏截图,x****229,"['https://kol-fans.fp.ps.netease.com/file/5dcb9c536f0494843a482720v26SV9V202', 'https://kol-fans.fp.ps.netease.com/file/5dcb9c546f0494aebbf4d887PAGkck2s02', 'https://kol-fans.fp.ps.netease.com/file/5dcb9c548b7427b0c1d68e82Y22KK9cg02', 'https://kol-fans.fp.ps.netease.com/file/5dcb9c548b742721a8b34789AzzeBISh02']",2019-11-13 06:01:57
留念,,游戏截图,18055****79,"['https://kol-fans.fp.ps.netease.com/file/5dc97ea48b74275fd0e6f867lujHT1zS02', 'https://kol-fans.fp.ps.netease.com/file/5dc97ea45e60278f1027c2fags7Pqadj02', 'https://kol-fans.fp.ps.netease.com/file/5dc97ea4a7f25249dc207bdabMdvxEYH02', 'https://kol-fans.fp.ps.netease.com/file/5dc97ea596dee478380d5fdbcqE81of602']",2019-11-11 15:30:45
和你最爱的人一起去看彩虹吧,,游戏截图,15104****25,['https://kol-fans.fp.ps.netease.com/file/5dc8c47b7f9d2a611e2ffed1CvAC3vLc02'],2019-11-11 02:16:28
穿过沙漠和风暴，我在星空里等你,,光遇,15093****14,"['https://kol-fans.fp.ps.netease.com/file/5dc84243a7f252f95dcf5a6bWEZBXBdr02', 'https://kol-fans.fp.ps.netease.com/file/5dc84243143cfab1ec3d0cd9273zYDpv02', 'https://kol-fans.fp.ps.netease.com/file/5dc842438b742757be279ffepwe2Ca9h02', 'https://kol-fans.fp.ps.netease.com/file/5dc842436f04945ae75155506b9FxMTM02']",2019-11-10 17:00:52
留念,,游戏截图,18055****79,"['https://kol-fans.fp.ps.netease.com/file/5dc80ad7143cfa4d51ccf835MTvx2wjU02', 'https://kol-fans.fp.ps.netease.com/file/5dc80ad75e6027c6b37aeedcE8gixZTy02', 'https://kol-fans.fp.ps.netease.com/file/5dc80ad76f0494dd77f2fa55hxka2rVm02']",2019-11-10 13:04:24
乌鸦坐飞机,,游戏截图,15864****01,['https://kol-fans.fp.ps.netease.com/file/5dc7e7dc5e6027b72688c498a0kDdCyr02'],2019-11-10 10:35:08
温馨的日常,,游戏截图,15864****01,['https://kol-fans.fp.ps.netease.com/file/5dc7e78c6f049465da5379578oMmYJVD02'],2019-11-10 10:33:49
偶遇同龄玩家~,,游戏截图,15961****69,['https://kol-fans.fp.ps.netease.com/file/5dc6380ba7f252d1d8ff1a28MycYru4L02'],2019-11-09 03:52:43
穿模日常哈哈,,游戏截图,z****ii,"['https://kol-fans.fp.ps.netease.com/file/5dc62de46f04945db70339beiDNCpyeF02', 'https://kol-fans.fp.ps.netease.com/file/5dc62de496dee435adcf397dITuSPjMb02']",2019-11-09 03:09:25
南瓜头➕ 蝙蝠斗篷？,,同人绘,15645****25,['https://kol-fans.fp.ps.netease.com/file/5dc427d66f0494c168015ff6ZprlyODs02'],2019-11-07 14:19:03
与冥龙的对视,,游戏截图,15570****59,['https://kol-fans.fp.ps.netease.com/file/5dc2e5cd8b74272eac1d4aa0cgJzdBws02'],2019-11-06 15:25:01
父女的日常,,lulu,觅路,"['https://kol-fans.fp.ps.netease.com/file/5dc29455143cfa69288ba93bPTxgfpit02', 'https://kol-fans.fp.ps.netease.com/file/5dc294558b7427dd8ff73e1acWadbdjj02', 'https://kol-fans.fp.ps.netease.com/file/5dc294555e60275d7ccdf8f0W5i1k50M02', 'https://kol-fans.fp.ps.netease.com/file/5dc294568b7427ba0d06ccb6qIJGDAR502']",2019-11-06 09:37:27
拿到毕业伞伞啦,,同人绘,15753****22,['https://kol-fans.fp.ps.netease.com/file/5dc23cfa96dee4bbd1963d6dJx1wIlgH02'],2019-11-06 03:24:43
万圣节,,游戏截图,mhryeon,"['https://kol-fans.fp.ps.netease.com/file/5dc0e5ef2786fdb07eb5f1eeGNlUhbvO02', 'https://kol-fans.fp.ps.netease.com/file/5dc0e5f0a7f25262e20b28e1oryEc5BC02', 'https://kol-fans.fp.ps.netease.com/file/5dc0e5f07f9d2ae35f32d864aCCbcMLx02', 'https://kol-fans.fp.ps.netease.com/file/5dc0e5f0143cfa233e55662eXkkx9zrh02']",2019-11-05 03:01:06
牵脚飞行,,搞笑,e****123,['https://kol-fans.fp.ps.netease.com/file/5dbe9744143cfaa185093b76DRyXsQyT02'],2019-11-03 09:00:53
哈哈哈hhh,,搞笑,e****123,['https://kol-fans.fp.ps.netease.com/file/5dbe6e68143cfa6cfd199ce7ptdkQMIx02'],2019-11-03 06:06:33
纸制的一个光之后裔,,手作,h****sdbd,['https://kol-fans.fp.ps.netease.com/file/5dbd4f78a7f2529bb20a3866aCtly6NQ02'],2019-11-02 09:42:17
万圣节快乐🎃 ,,同人绘,柚子,['https://kol-fans.fp.ps.netease.com/file/5dbbaf42a7f252cfcd712525Hw4jv62o02'],2019-11-01 04:06:27
毕竟是个孤独游戏,,游戏截图,18005****57,"['https://kol-fans.fp.ps.netease.com/file/5db932f5143cfa654bce7ba0iqul8LxD02', 'https://kol-fans.fp.ps.netease.com/file/5db932fe5e6027279e8ef086paQUCiDN02', 'https://kol-fans.fp.ps.netease.com/file/5db932ff8b7427ef7a5824d3BVrtJ9pS02', 'https://kol-fans.fp.ps.netease.com/file/5db93301143cfa0f7f65bebfeaG7bzaI02']",2019-10-30 06:51:45
我和我的小伙伴,,游戏截图,小白,"['https://kol-fans.fp.ps.netease.com/file/5db7c14ba7f2527aa6a92fd5LGIsSq6s02', 'https://kol-fans.fp.ps.netease.com/file/5db7c14b7f9d2a366b40e182SE1S1Ya302', 'https://kol-fans.fp.ps.netease.com/file/5db7c14b96dee47aad10d264adGeEcQM02', 'https://kol-fans.fp.ps.netease.com/file/5db7c14b143cfaad40508c5f9uDicTNV02']",2019-10-29 04:34:20
月下夜行,,游戏截图,小白,"['https://kol-fans.fp.ps.netease.com/file/5db7c0d096dee474e9916190UT7NTCQi02', 'https://kol-fans.fp.ps.netease.com/file/5db7c0d06f049423ceeb026c6cyNaSPd02', 'https://kol-fans.fp.ps.netease.com/file/5db7c0d1143cfa90e8bb66eelHedTLcD02', 'https://kol-fans.fp.ps.netease.com/file/5db7c0d16f049423ceeb026eFFqiTpwL02']",2019-10-29 04:32:18
光遇板绘，一只爆炸头,,同人绘,15645****25,"['https://kol-fans.fp.ps.netease.com/file/5db6fb6b7f9d2af973cb03eaVo9rg7tC02', 'https://kol-fans.fp.ps.netease.com/file/5db6fb6ca7f2525bae49b63esF0JVHIb02', 'https://kol-fans.fp.ps.netease.com/file/5db6fb6c8b74279bb61c2474VmbU8qug02', 'https://kol-fans.fp.ps.netease.com/file/5db6fb6d8b74278cc7c8cf704MzyGdsF02']",2019-10-28 14:30:06
光之美,,游戏截图,18520****51,"['https://kol-fans.fp.ps.netease.com/file/5db6f457143cfa49bf88cc3b9THY7gbQ02', 'https://kol-fans.fp.ps.netease.com/file/5db6f4586f04949da9e0a66f4ulqSR6p02', 'https://kol-fans.fp.ps.netease.com/file/5db6f45996dee45dc46dc0e4jaggpPWO02', 'https://kol-fans.fp.ps.netease.com/file/5db6f45a5e602720ae3785e5BDj2qViP02']",2019-10-28 13:59:58
雨林终点.,,游戏截图,猫茶,['https://kol-fans.fp.ps.netease.com/file/5db6edf5a7f2520973846bb3m29V9Oth02'],2019-10-28 13:32:39
2019年最值得推荐的游戏《Sky光遇》：打动我的七个瞬间,"《Sky光遇》是陈星汉团队历时7年创作的最新游戏作品。



陈星汉，人称“游戏禅师”。是我很欣赏并推崇的游戏设计师。他是一个有追求的人，是当今乌烟瘴气的商业游戏领域里的一股清流。



陈星汉小时候玩《仙剑奇侠传》时感动落泪，从此埋下了一颗种子。他跟随模拟类游戏大师威尔·莱特学习，参与过《孢子》的开发工作。这更坚定了他的信念：游戏，不应该只停留在打打杀杀，而应该像电影、音乐一样，可以作为回应人情感诉求的艺术媒介。



游戏，是第九艺术。陈星汉是少有的始终把游戏的艺术价值置于商业利益之上的设计师。他一直在探索游戏的艺术边境。



因此，除了在游戏领域里获奖无数外。他早期的作品《浮游世界》（Flow）被纽约现代艺术博物馆（MoMA）收藏；《花》（Flower）被华盛顿史密森尼学会博物馆收藏；广受好评的《风之旅人》（Journey）甚至获得了格莱美最佳影视配乐专辑的提名。



此文，我将用从光遇里的七个动人细节，一边推荐游戏，一边也分享自己的感受，从用户视角对陈星汉的艺术追求管窥蠡测一番。







No.1

飞翔



陈星汉一贯的套路，游戏取名只用一个单词：flow、flower、journey。因为一个单词的名字常常容易混淆，别人不免会用“那个flow”、“那个flower”来称呼它们。所以他的公司索性命名为“那个游戏公司”（thatgamecompany）



这款游戏，单名一个Sky。



进入游戏不久，你就可以开始体验到在天空中飞翔的感受。



《Sky光遇》里的飞翔是游戏里的基本操作，非常照顾新手，无需担心坠落，有安全感，也有操控感。



无论你在哪里起飞，背景总是很美。







No.2

黄昏



“这是一个诱人沉醉的黄昏”（舒婷）



最初看到这个场景的时候，我的心不由自主地颤抖了。



只要你在每天傍晚时分上线，就很难错过这个场景。



当然，游戏里摄人心魄的美丽场景还有很多。









No.3

倒立



光遇里目前有七个大关，这七个大关构成了一个连续的云上世界。



我最喜欢的一关叫做“霞谷”，疗愈功能异常显著。



每一关里都有很多小关卡，玩家需要遨游其中，四处寻找先祖的踪影，并且向先祖们学习招手、鞠躬、鼓掌、跳跃等几十个动作。



这些动作的设计都很有趣。其中我最爱的一个动作，是花式倒立。



游戏里，玩家之间的交流很多时候就靠这些肢体语言来完成了。不仅不影响沟通，甚至还有点可爱。



在我看来，这也是一个教育隐喻，我们就是从真实世界的各种场合里，慢慢学到了各种社交技能。然而，这需要长时间的、有意识的试错。



很多人的社交恐惧，是因为缺乏训练，没有掌握足够多的在陌生人环境里说话技巧和肢体语言。而在光遇的世界里，社交恐惧症患者都能无比自在。








陈星汉曾经说，网络游戏里的公屏聊天或者即时通话，要么充斥着垃圾信息，要么脏话连篇。他希望能够和自己的孩子一起玩游戏，能够尽情享受不被污染的游戏乐趣。



这么一个几乎用不到文字的社交系统成功实现了这个目标。



他提高了文字沟通的门槛。在游戏里只有两个场景可以打字沟通，一是和对方同坐在专门用来聊天的桌椅上，二是和升级到很亲密的朋友解锁聊天功能。



在光遇世界里，你已经很难和陌生人有冲突了。即使有了摩擦，也很难想象，你和对方要先手拉手找一个环境优美的地方，一起坐在长椅上才能开始打字对骂。



难怪有人如此发问：很好奇什么样的人能在光遇里跟别人吵起架来？







No.4

名字



大多数游戏里，玩家一上来就要先给自己起名字，也必须接受那个游戏世界里每个人给自己起的名字。



然而这款游戏里，玩家从始至终都处在“无我”之境，每交到一个朋友，就必须绞尽脑汁为ta命名。而你也无需在任何游戏场景里叫出这个名字。



这个细节之所以很打动我，因为这不是在故意为难玩家，而是这其实就是最原始状态下的社交，我们需要去记住每一个想要交往的人，因此拥有了对每个朋友的命名权。而无需不停的询问“怎么称呼”以修改备注。



我下意识地使用了最直接的方式为游戏里的好友命名，我们在哪里遇见，就叫他什么名字。这种命名方式似乎在日文里尤其明显。







No.5

乐器



如果有人把《光遇》当做一款换装游戏，我也不意外。除了发型、面具、裤子、披风外，乐器板块是格外吸引人的。



一般来说，游戏装备里最容易被玩家们拿来比较和炫耀的，是武器。但在《光遇》里，原本应该出现武器的地方，换成了乐器。



在游戏里常常有好听的，或者不怎么好听的演奏声音传来，偶尔还能凑成一桌小乐队。如果你不会弹奏，游戏里居然还提供了几段乐谱。



我不仅感叹，这简直就是一款面向社恐的教育类游戏。少说话，多卖萌，一起闯关，一起享受音乐，关系差不了。









No.6

冥想



很多游戏追求的是快节奏，而《光遇》常常能让你慢下来。



游戏之前的版本里，有一个日常任务，冥想。



你必须来到特定的位置，安静几秒钟，回答一个问题。



这些问题包括：



你最敬仰的人是谁？

什么动物能够让你感到快乐？

……



多数人玩游戏只是为了消磨时间，但我估计，很多人都在这个慢下来的瞬间走了心。



这些问题对很多人来说，都是一段回忆，一段故事。一不小心就让人严肃了起来，从此就很难再带着一颗敷衍的心去感受《光遇》的世界。



可能很多玩家在现实中无处倾诉的话，都在这时留在了光遇的世界里。









No.7

彼岸



在我看来，《光遇》的故事挑战了一个很有野心的设定，关乎人的天命。



在游戏，玩家需要在这个天空之城里寻找先祖，寻找“光之翼”，从先祖那里学习动作，交换装备，让自己能够越来越善于外在的交往。而能够让自己飞得更高的东西——光之翼——常常掩藏在不为人知的角落里。



在这个过程里，你可以与朋友一起成长，有时也需要借助陌生人的举手之劳。



那些逝去的先祖，告诉我们成长的路径。而身边的朋友则是能给我们提供实际帮助的人。



这个游戏的不俗格局，构造了一种超脱的社交关系：没有交易，只有交往；没有奉承，只有奉献。







你学到了很多动作，成为了一个完整的人。但所有这些成长得来的能量，都会在最后一关“伊甸之眼”里，全部献祭给你的先祖。



在进入伊甸之眼前，你会经历暴风眼的考验。



这是游戏里最难的一关，一不留神就会遭遇不测。我和天天同学第一次过暴风眼的时候，手汗脚汗止都止不住，紧张的要命。但其实经历过了就知道，其实也就那么回事。



毕竟是小清新游戏，哪会有那么硬核的内容。







我们掌握各种技能的过程也大抵如此，经历过后发现都是云淡风轻。但若没有勇气进入，不做好“极有可能失败”的准备，就得不到后来驾轻就熟的感觉。



最终，你将自己的能量和精神全部奉献殆尽。你会在彼岸遇到一个既熟悉又陌生的自己，你和自己握手、拥抱、融合。



这是《光遇》里最具禅意的一个瞬间。



然后，你会进入天的上面。你遇见过的每一个先祖和每一个朋友都在伴你同飞。



在星空之上，你涅槃重生，回到最初的起点。























在完成这个剧情杀之后，你的脑海里恐怕浮现出一个问题：就这么结束了吗？



就这么结束了吗？



这是我们本该对自己生命的追问。



是的，就这么结束了。



很多人的生命就在庸庸碌碌的过程里，莫名其妙的就结束了。



你可曾为某个目标奉献过？可曾为自己在意的事拼尽全力过？



还是你至今仍然不知道，自己真正喜爱什么？



还是说，只是在自己喜欢的领域浅尝辄止，未曾勇敢的去测试过自己天赋几何？



若是获得过关乎天命的觉悟。你便明白“奉献”的意涵。



若是开始为天命行动。你会起飞，会发光，有先祖带路，有友人相助，也必然会抵达彼岸，并且能够安心的说：就这么结束了。



这个觉悟来得越早越好，但来得再晚也是幸福的。



一如《生之欲》里那个秋千上的老头。



发光是一个孤独的过程，但也总会遇见珍贵的陪伴。



我想这才是《光遇》的含义，让有追求的灵魂在空中汇合。



就像陈星汉在游戏世界里找到了天命一样，我似乎也在教育上找到了同感。而陈星汉的游戏特质太适合做教育延伸了。真希望有一天能和他合作一把。



作者：池晓
微信公号：池晓题大作（troublecx）",推荐,c****man,[],2019-10-28 08:58:49
九翼纪念画个自己⁽⁽ଘ( ˊᵕˋ )ଓ⁾⁾,,同人绘,柚子,['https://kol-fans.fp.ps.netease.com/file/5db5c2f08b7427705c4e31deCrYjebLJ02'],2019-10-27 16:16:49
孤独地等待,,游戏截图,13952****12,['https://kol-fans.fp.ps.netease.com/file/5db2df412786fd7ee5c39580CP32Ifez02'],2019-10-25 11:40:50
温暖灵魂的相遇,,游戏截图,15010****06,"['https://kol-fans.fp.ps.netease.com/file/5db2aae0143cfa55ab8ef4453fde1YAB02', 'https://kol-fans.fp.ps.netease.com/file/5db2aae06f0494a55b46bbe7r6cTDXtH02', 'https://kol-fans.fp.ps.netease.com/file/5db2aae52786fd7633e7f167UY0YcUl602', 'https://kol-fans.fp.ps.netease.com/file/5db2aae66f0494f8a0db664ejezigKa102']",2019-10-25 07:57:29
托举光芒,,游戏截图,illusionmiku,['https://kol-fans.fp.ps.netease.com/file/5db1c8655e602755c35fe3e29cZWhdd302'],2019-10-24 15:51:02
风景,,游戏截图,illusionmiku,"['https://kol-fans.fp.ps.netease.com/file/5db15a665e602759cbe8dd2a5ApZDfFf02', 'https://kol-fans.fp.ps.netease.com/file/5db15a667f9d2a498706abc3oFctTPQE02', 'https://kol-fans.fp.ps.netease.com/file/5db15a666f049427ea9354c5jSfDccSK02', 'https://kol-fans.fp.ps.netease.com/file/5db15a662786fdfef062eefb42MaVUo302']",2019-10-24 08:01:43
遇见,,游戏截图,illusionmiku,"['https://kol-fans.fp.ps.netease.com/file/5db159b45e602752936683f8uQSIAket02', 'https://kol-fans.fp.ps.netease.com/file/5db159b496dee446ac23cad3Lq99871502']",2019-10-24 07:58:45
最近的一些胡乱乱的摸鱼，哎嘿,,同人绘,我的手可以不要了,"['https://kol-fans.fp.ps.netease.com/file/5db022235e60270483072dacKUtStqgv02', 'https://kol-fans.fp.ps.netease.com/file/5db022247f9d2a85739ee405qKvwLLpp02']",2019-10-23 09:49:24
化作星辰，遨游太空,,游戏截图,光遇摄影师Ivan,"['https://kol-fans.fp.ps.netease.com/file/5db00f6c143cfa10764c28c9m9ZLjc7M02', 'https://kol-fans.fp.ps.netease.com/file/5db00f6c6f0494e7719adf2aEAJfPsAV02']",2019-10-23 08:29:33
诡异的爱心❤,,游戏截图,光遇摄影师Ivan,"['https://kol-fans.fp.ps.netease.com/file/5db00ef27f9d2a2fe2928a0eEk28ym8k02', 'https://kol-fans.fp.ps.netease.com/file/5db00ef26f0494528252f3e4BWFyYtb102']",2019-10-23 08:27:30
白衣三侠客,,游戏截图,光遇摄影师Ivan,"['https://kol-fans.fp.ps.netease.com/file/5db00ec12786fd8842864381HjLwttOH02', 'https://kol-fans.fp.ps.netease.com/file/5db00ec12786fd70e6b53a944E3ZZI7i02', 'https://kol-fans.fp.ps.netease.com/file/5db00ec12786fd9d801de1d8KY5iGD9R02', 'https://kol-fans.fp.ps.netease.com/file/5db00ec45e602792f355c05fP7fcJ49o02']",2019-10-23 08:26:45
那些可能被错过的风景——峡谷滑行赛道,,游戏截图,光遇摄影师Ivan,"['https://kol-fans.fp.ps.netease.com/file/5db0042b96dee493dee272fb2Txj3HJG02', 'https://kol-fans.fp.ps.netease.com/file/5db0043096dee47f18fc3c7e9r6utQt002', 'https://kol-fans.fp.ps.netease.com/file/5db004457f9d2af31b27f9f2JmggAHby02']",2019-10-23 07:41:58
比心！,,游戏截图,18996****91,['https://kol-fans.fp.ps.netease.com/file/5daf4ee88b7427c62f58c647Mbk7Cj6x02'],2019-10-22 18:48:09
呦！,,游戏截图,阿晴,['https://kol-fans.fp.ps.netease.com/file/5daee872143cfa7b463c565eraVzmPHO02'],2019-10-22 11:30:58
我也曾经等待过什么，却已经忘记了,,手作,林果,['https://kol-fans.fp.ps.netease.com/file/5daed1c95e60271dd9024f01DJWhpqma02'],2019-10-22 09:54:18
遇到一位仙人,,游戏截图,阿晴,['https://kol-fans.fp.ps.netease.com/file/5dae5d9e5e6027dd466cc52biFpeF4ti02'],2019-10-22 01:38:39
﻿重生梦境,,视频,18702****13,['https://kol-fans.fp.ps.netease.com/file/5dad18025e60275308ffbb96YW5CReFB02'],2019-10-21 02:29:23
你们要的光遇头像，下次更新手机壁纸,,头像,一毛五,['https://kol-fans.fp.ps.netease.com/file/5dac01932786fd4b1fa2edc5mraWg46x02'],2019-10-20 06:41:23
💖💚💖💚,,游戏截图,喵奏,"['https://kol-fans.fp.ps.netease.com/file/5dabdc13143cfa1638311d6fLZNSEifl02', 'https://kol-fans.fp.ps.netease.com/file/5dabdc155e602766ca1c629bXiAvNMqx02', 'https://kol-fans.fp.ps.netease.com/file/5dabdc1696dee4544478a150NYIPiBiz02', 'https://kol-fans.fp.ps.netease.com/file/5dabdc18a7f2527fb47717dadUSyGdcl02']",2019-10-20 04:01:30
-LIGHT✨-,,游戏截图,喵奏,"['https://kol-fans.fp.ps.netease.com/file/5dabda0d96dee45444789dffcPDZUtmR02', 'https://kol-fans.fp.ps.netease.com/file/5dabda0e6f0494068c54682fOXyoRWX802', 'https://kol-fans.fp.ps.netease.com/file/5dabda0f2786fd81693412a19JhLGLTi02', 'https://kol-fans.fp.ps.netease.com/file/5dabda108b7427aeea0eddefGMmgAU4k02']",2019-10-20 03:52:49
-黄海🌕💛-,,游戏截图,喵奏,"['https://kol-fans.fp.ps.netease.com/file/5dabd96e5e60274add4ef90f6VNcWhh402', 'https://kol-fans.fp.ps.netease.com/file/5dabd96f143cfa2e3cacb702GAygSINe02', 'https://kol-fans.fp.ps.netease.com/file/5dabd97196dee4e7898bc1e8tIuzM0tK02', 'https://kol-fans.fp.ps.netease.com/file/5dabd9717f9d2a01f5673941NBCa3amT02']",2019-10-20 03:50:10
晨岛の光,,游戏截图,是小凳子🦆！,['https://kol-fans.fp.ps.netease.com/file/5daae8e02786fd2c75ba49237ZheKmET02'],2019-10-19 10:43:45
和小白,,游戏截图,f****g,"['https://kol-fans.fp.ps.netease.com/file/5daa84e996dee47bfeaa1912C8OGm1v902', 'https://kol-fans.fp.ps.netease.com/file/5daa84ea96dee4931e1ee4d8D1yeKwk402', 'https://kol-fans.fp.ps.netease.com/file/5daa84ea143cfa1afb0b5abdvlliiYOm02', 'https://kol-fans.fp.ps.netease.com/file/5daa84ea143cfa29bd9a4e50xfUt8aSL02']",2019-10-19 03:37:16
纪念一下那个再也没有登陆的好友,,同人绘,光心遇,['https://kol-fans.fp.ps.netease.com/file/5da9ca8e6f0494217085d7aeGEwbmQu702'],2019-10-18 14:22:07
黑背双煞,,游戏截图,冷冻喵,['https://kol-fans.fp.ps.netease.com/file/5da896a02786fd28232517720qrrzKVI02'],2019-10-17 16:28:17
一起游玩，一起探险，一起重生,,游戏截图,18629****69,"['https://kol-fans.fp.ps.netease.com/file/5da83b7f8b7427457a8db00cZx39KZxS02', 'https://kol-fans.fp.ps.netease.com/file/5da83b7f5e60278057b992ddbSWGywLi02', 'https://kol-fans.fp.ps.netease.com/file/5da83b8096dee4684a0b0d68lepT6lTY02', 'https://kol-fans.fp.ps.netease.com/file/5da83b80143cfa197051c26cI4Vo4WqR02']",2019-10-17 09:59:30
祝你生日快乐,,游戏截图,18629****69,"['https://kol-fans.fp.ps.netease.com/file/5da839642786fdeccb1aa310DbgmdlWf02', 'https://kol-fans.fp.ps.netease.com/file/5da8396496dee45a547a1857uEOgBdbd02', 'https://kol-fans.fp.ps.netease.com/file/5da839647f9d2a53c9ececd6pvtMCvoi02']",2019-10-17 09:50:29
一起去太空旅行,,游戏截图,18629****69,"['https://kol-fans.fp.ps.netease.com/file/5da839148b742717140146c9YLNicmew02', 'https://kol-fans.fp.ps.netease.com/file/5da839147f9d2a53c9ecec86WMUF69e302', 'https://kol-fans.fp.ps.netease.com/file/5da839142786fdd9c3925b59iD16W4Kj02', 'https://kol-fans.fp.ps.netease.com/file/5da839148b7427f5db628f5fk1z3ds4g02']",2019-10-17 09:49:09
如何深情对望,,游戏截图,18851****31,"['https://kol-fans.fp.ps.netease.com/file/5da6d8e08b742724437254ef0zNvk3Iu02', 'https://kol-fans.fp.ps.netease.com/file/5da6d8e96f0494ff7ff9fb12ITYRzG0502']",2019-10-16 08:46:34
我 在 光 遇 里 工 作（滑稽）,,游戏截图,猫茶,['https://kol-fans.fp.ps.netease.com/file/5da64bbf7f9d2a4545ac3cf4jlI2601Z02'],2019-10-15 22:44:15
我们,,游戏截图,mhryeon,"['https://kol-fans.fp.ps.netease.com/file/5da347c07f9d2a4567aeb39fCFZ8PelB02', 'https://kol-fans.fp.ps.netease.com/file/5da347c096dee42bda42a5d217caI7ig02', 'https://kol-fans.fp.ps.netease.com/file/5da347c16f0494deaa872b763gyc0oua02', 'https://kol-fans.fp.ps.netease.com/file/5da347c12786fd2363cb8dd0TQZxliIK02']",2019-10-13 15:50:27
更新前后,,游戏故事,18321****03,['https://kol-fans.fp.ps.netease.com/file/5da2ed1d96dee499755d5ed3ufMLtKmG02'],2019-10-13 09:23:41
小幸运&鱼啊鱼,,游戏截图,y****92,"['https://kol-fans.fp.ps.netease.com/file/5da2e81b143cfa967c2329f4cirEIU7i02', 'https://kol-fans.fp.ps.netease.com/file/5da2e81b143cfa967c2329f5MkVHte6M02', 'https://kol-fans.fp.ps.netease.com/file/5da2e81c6f04945d22d847a1xPAri8tY02', 'https://kol-fans.fp.ps.netease.com/file/5da2e81c8b7427605fbcc51fgbcx7WI302']",2019-10-13 09:02:21
关于我成为追光侠客的故事,,同人绘,是树！,"['https://kol-fans.fp.ps.netease.com/file/5da29bb8143cfa5bb414b810qhLUhYt302', 'https://kol-fans.fp.ps.netease.com/file/5da29bb9143cfa86736dd61fkuJPrhe102', 'https://kol-fans.fp.ps.netease.com/file/5da29bb98b74279649c05bf4J9ForPd602']",2019-10-13 03:36:25
九图合集,,同人绘,您的家长,"['https://kol-fans.fp.ps.netease.com/file/5da2542e96dee48aa83cd26dM3qgjaTs02', 'https://kol-fans.fp.ps.netease.com/file/5da254327f9d2ab68bdcce36Imu0j24z02', 'https://kol-fans.fp.ps.netease.com/file/5da254366f04944f11c6f19deQvucfh202', 'https://kol-fans.fp.ps.netease.com/file/5da2543c96dee4a8a645612apLdFqRZW02']",2019-10-12 22:32:01
很好看,,游戏截图,15921****71,['https://kol-fans.fp.ps.netease.com/file/5da1506f2786fd94fea6b1f0BqDuISIy02'],2019-10-12 04:02:55
爱您光遇,,游戏截图,18367****88,['https://kol-fans.fp.ps.netease.com/file/5d9f4d975e6027ed71097671oe58g4Uq02'],2019-10-10 15:26:15
镜像游戏,,游戏截图,15812****93,['https://kol-fans.fp.ps.netease.com/file/5d9c42e26f04941a9d11cb6f3aN8pfwH02'],2019-10-08 08:03:46
一往无前,,游戏截图,15812****93,['https://kol-fans.fp.ps.netease.com/file/5d9c42c25e60271619d6f19cpCqIpe1602'],2019-10-08 08:03:15
雨林小影,,游戏截图,15812****93,['https://kol-fans.fp.ps.netease.com/file/5d9c429a2786fd9d98387644khwCijKs02'],2019-10-08 08:02:34
和小伙伴谈人生,,游戏截图,13424****47,"['https://kol-fans.fp.ps.netease.com/file/5d9aa59ca7f252c152baf57dMvCGUfow02', 'https://kol-fans.fp.ps.netease.com/file/5d9aa59ca7f25299f61b3388iFfaduKi02', 'https://kol-fans.fp.ps.netease.com/file/5d9aa59d8b7427cec0908b97ZoDpVKQL02']",2019-10-07 02:40:29
和小伙伴一起伊甸看风景,,游戏截图,h****sdbd,"['https://kol-fans.fp.ps.netease.com/file/5d9a46c25e60275f0f512eb8utc5YDG002', 'https://kol-fans.fp.ps.netease.com/file/5d9a46c35e6027f4ec97f0fchtfARChB02', 'https://kol-fans.fp.ps.netease.com/file/5d9a46c3143cfaa55637a1e5mCjOZigT02', 'https://kol-fans.fp.ps.netease.com/file/5d9a46c32786fd26a1aa6137v3d8R1WI02']",2019-10-06 19:55:47
暴风眼塔顶,,游戏截图,这里是二小七,['https://kol-fans.fp.ps.netease.com/file/5d9a12ad5e6027fa73482d9aUw49Ifqk02'],2019-10-06 16:13:34
夕阳,,游戏截图,盆,"['https://kol-fans.fp.ps.netease.com/file/5d99e816143cfa0702c1cc7f1r8qZ6dJ02', 'https://kol-fans.fp.ps.netease.com/file/5d99e8176f0494049c809da117ELV42D02']",2019-10-06 13:11:51
不可能的挑战,,游戏截图,a****006154b,['https://kol-fans.fp.ps.netease.com/file/5d9999b76f049487f67a1962eFW7Nd7702'],2019-10-06 07:37:27
云顶之柱,,游戏截图,a****006154b,['https://kol-fans.fp.ps.netease.com/file/5d99998ea7f2523db06fa933QxSNzuP002'],2019-10-06 07:36:46
最后的晚霞,,游戏截图,a****006154b,['https://kol-fans.fp.ps.netease.com/file/5d9999645e60272ca3f655fdqCbMcAEj02'],2019-10-06 07:36:04
孤独的白毛球,,游戏截图,a****006154b,['https://kol-fans.fp.ps.netease.com/file/5d99993ca7f2522c9c85a80aQa3MHYTS02'],2019-10-06 07:35:25
漂浮的先祖,,游戏截图,a****006154b,['https://kol-fans.fp.ps.netease.com/file/5d99983096dee4a06179514f40EG4J7Q02'],2019-10-06 07:30:57
星河灿烂，人间理想,,游戏截图,18015****78,['https://kol-fans.fp.ps.netease.com/file/5d98e6e3a7f25256f9ca18d2TGhojbvH02'],2019-10-05 18:54:27
等更新ing,,同人绘,j****nghua67,"['https://kol-fans.fp.ps.netease.com/file/5d97482d2786fd8034809801480pWE5B02', 'https://kol-fans.fp.ps.netease.com/file/5d97482d143cfa2a2561df21TSQ8tj6D02', 'https://kol-fans.fp.ps.netease.com/file/5d97482e8b74273049a7c844jjgt5OyM02', 'https://kol-fans.fp.ps.netease.com/file/5d97483196dee4d8778bc62di461f3I402']",2019-10-04 13:25:05
禁阁骑鲲鲲,,同人绘,橙子没有籽,['https://kol-fans.fp.ps.netease.com/file/5d9460c2143cfa8b5ad3c639jdVFoBiq02'],2019-10-02 08:33:06
你，催更了吗？,,同人绘,囧囧屁,['https://kol-fans.fp.ps.netease.com/file/5d9449ce7f9d2a429965d588YUFA9CS502'],2019-10-02 06:55:11
和小伙伴一起坐等更新,,游戏截图,13380****51,"['https://kol-fans.fp.ps.netease.com/file/5d9363aa96dee47073ef0452mZrV5l0R02', 'https://kol-fans.fp.ps.netease.com/file/5d9363b05e6027f71a67333bgROaJRcq02', 'https://kol-fans.fp.ps.netease.com/file/5d9363b5a7f252ead072f97bMARhRzPk02', 'https://kol-fans.fp.ps.netease.com/file/5d9363b95e6027f71a673347fzQbRxmp02']",2019-10-01 14:33:54
荧光森林与小蘑菇头,,同人绘,橙子没有籽,['https://kol-fans.fp.ps.netease.com/file/5d9300457f9d2a8a83de1e99LzQRgHjF02'],2019-10-01 07:29:09
姐姐·相遇,,游戏截图,19942****62,['https://kol-fans.fp.ps.netease.com/file/5d90ebed5e60277dcd83d9512iVlGjLu02'],2019-09-29 17:37:50
禁阁·仰望,,游戏截图,19942****62,['https://kol-fans.fp.ps.netease.com/file/5d90eabf143cfa56d6423806xEbT3thd02'],2019-09-29 17:32:48
我在这看着你,,游戏截图,13660****86,['https://kol-fans.fp.ps.netease.com/file/5d90a61596dee499c038d5ffBPft7ZqV02'],2019-09-29 12:39:49
嘿~你不要怕，哪里都有光,,游戏截图,么么猫,"['https://kol-fans.fp.ps.netease.com/file/5d9041b7143cfab969386054QWirKB3i02', 'https://kol-fans.fp.ps.netease.com/file/5d9041b86f049473a75c5946Rt4szYus02', 'https://kol-fans.fp.ps.netease.com/file/5d9041b896dee4fffa8596dfVJ9dm0bu02', 'https://kol-fans.fp.ps.netease.com/file/5d9041b896dee4efced44fb1SlrLXwKe02']",2019-09-29 05:31:37
敖儿和咤儿的时尚硬照,,游戏截图,13600****42,"['https://kol-fans.fp.ps.netease.com/file/5d8f79b12786fdc3909422deKH1Cawko02', 'https://kol-fans.fp.ps.netease.com/file/5d8f79b1143cfaa53e1e4eb8bJmZSid702', 'https://kol-fans.fp.ps.netease.com/file/5d8f79b1a7f2523bde101ef0rxZPDerf02', 'https://kol-fans.fp.ps.netease.com/file/5d8f79b18b74275bc6232349YCJbAQj002']",2019-09-28 15:18:09
和小伙伴们一起玩耍,,游戏截图,13063****19,"['https://kol-fans.fp.ps.netease.com/file/5d8e7507a7f252d2854902ad5OR0mSPL02', 'https://kol-fans.fp.ps.netease.com/file/5d8e75085e60274be6677463lCPcWKUv02', 'https://kol-fans.fp.ps.netease.com/file/5d8e75085e60276838952e96rFwOptsZ02', 'https://kol-fans.fp.ps.netease.com/file/5d8e75092786fd9e5a6f7977vDJ9fqyN02']",2019-09-27 20:46:01
夜晚的星空肿是辣么美丽,,游戏截图,13063****19,"['https://kol-fans.fp.ps.netease.com/file/5d8e74b87f9d2a66e21c71c6Y2JWkwtu02', 'https://kol-fans.fp.ps.netease.com/file/5d8e74b996dee444b20dff62XtDmBXDY02']",2019-09-27 20:44:41
好朋友,,游戏截图,18321****03,['https://kol-fans.fp.ps.netease.com/file/5d8de3038b742750c7641861AYHUbCsr02'],2019-09-27 10:22:59
雨林游3,,游戏截图,18321****03,"['https://kol-fans.fp.ps.netease.com/file/5d8de1c37f9d2a42eea15d4dXCJZ19eW02', 'https://kol-fans.fp.ps.netease.com/file/5d8de1c55e60273f194009a8yDrzaiZL02', 'https://kol-fans.fp.ps.netease.com/file/5d8de1c796dee4dc35819da6id6DSatU02']",2019-09-27 10:17:44
雨林游2,,游戏截图,18321****03,"['https://kol-fans.fp.ps.netease.com/file/5d8de1a16f0494d3337adca3HjtDr44K02', 'https://kol-fans.fp.ps.netease.com/file/5d8de1a17f9d2a42eea15d31kKW1607602', 'https://kol-fans.fp.ps.netease.com/file/5d8de1a15e6027545ec831b1iRpRsfaT02']",2019-09-27 10:17:06
雨林玩,,游戏截图,18321****03,"['https://kol-fans.fp.ps.netease.com/file/5d8de1646f0494b36677806eV35PVh5L02', 'https://kol-fans.fp.ps.netease.com/file/5d8de1656f0494a68bb90015UoaiTkHz02']",2019-09-27 10:16:05
有趣的灵魂终会相遇,,游戏截图,15610****95,"['https://kol-fans.fp.ps.netease.com/file/5d8c15972786fd7614c57414Vovoi7Hx02', 'https://kol-fans.fp.ps.netease.com/file/5d8c15975e60277c36760722JMyutAQ402', 'https://kol-fans.fp.ps.netease.com/file/5d8c15978b7427ea20c7a6c9EyIANuZb02', 'https://kol-fans.fp.ps.netease.com/file/5d8c1597a7f252fc80690bcd8DEgNfmC02']",2019-09-26 01:34:18
我们都爱抱抱~o(〃'▽'〃)o,,同人绘,15074****91,['https://kol-fans.fp.ps.netease.com/file/5d8b7aff96dee46d39fa298dpwKrHW5u02'],2019-09-25 14:34:40
伤心的小辫子,,同人绘,15074****91,['https://kol-fans.fp.ps.netease.com/file/5d8b7ab87f9d2a387a6348c70bUg0l6u02'],2019-09-25 14:33:29
回来看看,,游戏截图,18682****08,"['https://kol-fans.fp.ps.netease.com/file/5d8b76527f9d2a3208d19250MQmi45XD02', 'https://kol-fans.fp.ps.netease.com/file/5d8b76545e6027e2e1e1dc444lrNqUxT02']",2019-09-25 14:14:44
自制视频：晨曦的光【GMV】,,视频,雨木,['https://kol-fans.fp.ps.netease.com/file/5d8977435e6027d28a78cb68mB8qtJ2T02'],2019-09-24 01:54:14
夜晚,,游戏截图,3****4921,"['https://kol-fans.fp.ps.netease.com/file/5d88f19fa7f252d6447f6ec3oS8q3LyA02', 'https://kol-fans.fp.ps.netease.com/file/5d88f19f96dee4edbb0a78f01TSrS6Jd02', 'https://kol-fans.fp.ps.netease.com/file/5d88f1a06f0494b36eff30981EgEmFoh02', 'https://kol-fans.fp.ps.netease.com/file/5d88f1a096dee4f23c567e102EjN7o9p02']",2019-09-23 16:24:00
云的冒险旅程,,游戏截图,小黄鸭,"['https://kol-fans.fp.ps.netease.com/file/5d8848aa96dee4935df21d37vk2CHEfQ02', 'https://kol-fans.fp.ps.netease.com/file/5d8848aa5e60276bd68bca2bJg6HawpK02', 'https://kol-fans.fp.ps.netease.com/file/5d8848aa02c9a1eb95e11666L01wJ2aw02']",2019-09-23 04:23:07
仙人板板,,光遇,15095****30,['https://kol-fans.fp.ps.netease.com/file/5d86cf167f9d2a7411174cf7wcgvqKHs02'],2019-09-22 01:32:07
温暖的灵魂总会相遇的呀,,同人绘,15602****55,['https://kol-fans.fp.ps.netease.com/file/5d86786896dee4a348113366jpPpRl3A02'],2019-09-21 19:22:16
傍晚,,游戏截图,奈白,['https://kol-fans.fp.ps.netease.com/file/5d85f5cda7f2522c16ddaedd1f8EgLiP02'],2019-09-21 10:05:02
﻿飞向霞谷,,游戏截图,这里是二小七,"['https://kol-fans.fp.ps.netease.com/file/5d84f37a8b7427ee274dada5wtkhuZtx02', 'https://kol-fans.fp.ps.netease.com/file/5d84f37a8b7427da096b1792qip0EJ5o02']",2019-09-20 15:42:51
黑白的光之后裔,,同人绘,泊鲤,['https://kol-fans.fp.ps.netease.com/file/5d84a3748b7427278b0fe591dIUVk5Yu02'],2019-09-20 10:01:24
我是一个大天使，来吃我一jue？,,游戏截图,落叶雨飘零,"['https://kol-fans.fp.ps.netease.com/file/5d81e8e896dee4ce5f1c22faNy7vgRvT02', 'https://kol-fans.fp.ps.netease.com/file/5d81e8e85e602789e36110ce6OQ2Yz0D02']",2019-09-18 08:20:56
我是不是很可爱！（臆想了一个我）,,同人绘,爪哇国国师小八爪,['https://kol-fans.fp.ps.netease.com/file/5d819c2596dee4cbf1e6589393hPr0cV02'],2019-09-18 02:53:25
Green,,游戏截图,mhryeon,"['https://kol-fans.fp.ps.netease.com/file/5d80431d5e6027c2ab016225CCyBZg5l02', 'https://kol-fans.fp.ps.netease.com/file/5d80431d8b742756c077b1ebW9cpAFVl02', 'https://kol-fans.fp.ps.netease.com/file/5d80431da7f25226e347ad63Y6tYEsN802', 'https://kol-fans.fp.ps.netease.com/file/5d80431d6f0494b6597484ecQKQVNQ0l02']",2019-09-17 02:21:17
新地方新回忆,,游戏截图,mhryeon,"['https://kol-fans.fp.ps.netease.com/file/5d8042f0143cfaed574f94ceASb1vZeo02', 'https://kol-fans.fp.ps.netease.com/file/5d8042f05e6027bb7969d212StZ4iqDw02', 'https://kol-fans.fp.ps.netease.com/file/5d8042f096dee4e979911b1ct5PzSUC802', 'https://kol-fans.fp.ps.netease.com/file/5d8042f196dee41d1df7e8d5DToMiPZR02']",2019-09-17 02:20:33
日常,,游戏截图,mhryeon,"['https://kol-fans.fp.ps.netease.com/file/5d8042bd5e6027bb7969d1e6FvwwTpd302', 'https://kol-fans.fp.ps.netease.com/file/5d8042bd143cfa5bfe80b83fQopd6qlK02', 'https://kol-fans.fp.ps.netease.com/file/5d8042be96dee41d1df7e886dlJIs7KM02', 'https://kol-fans.fp.ps.netease.com/file/5d8042be7f9d2adeb9b49194XDtIfl6Z02']",2019-09-17 02:19:42
red&blue,,游戏截图,mhryeon,"['https://kol-fans.fp.ps.netease.com/file/5d7f51d62786fdd197a2ac4dHUc9Ec6s02', 'https://kol-fans.fp.ps.netease.com/file/5d7f51d62786fdd197a2ac4eiVO3iAr102', 'https://kol-fans.fp.ps.netease.com/file/5d7f51d696dee4ca2eeae03btkVx4EFF02', 'https://kol-fans.fp.ps.netease.com/file/5d7f51d66f04940b44145420PpImYTff02']",2019-09-16 09:11:51
遇·镜,,游戏截图,阿先,['https://kol-fans.fp.ps.netease.com/file/5d7e48646f04945b521ca73aUF7HH7Aq02'],2019-09-15 14:19:17
桌子:我也想像你们一样飞😏,,游戏截图,这里是二小七,"['https://kol-fans.fp.ps.netease.com/file/5d7d12265e6027fa29932d196SvXOcZG02', 'https://kol-fans.fp.ps.netease.com/file/5d7d12277f9d2ac695a5c4c4N1Mv1bJV02', 'https://kol-fans.fp.ps.netease.com/file/5d7d12288b7427f03b9bd4e0OEwL7dvA02']",2019-09-14 16:15:37
水下的旅人嘤嘤嘤,,游戏截图,这里是二小七,['https://kol-fans.fp.ps.netease.com/file/5d7d116d6f04946c0a620c77GBiQ0bi102'],2019-09-14 16:12:29
夕阳,,游戏截图,13151****72,"['https://kol-fans.fp.ps.netease.com/file/5d7bef11a7f252d231ea51b1qsmP4IiU02', 'https://kol-fans.fp.ps.netease.com/file/5d7bef122786fd21db03b739meO1AKFO02']",2019-09-13 19:33:38
光遇随随便便截的图都能做屏保啊啊啊😍awsl,,可以做屏保的,b****14171486,"['https://kol-fans.fp.ps.netease.com/file/5d7b4e526f04940e6b4c6b73tGuu1DFH02', 'https://kol-fans.fp.ps.netease.com/file/5d7b4e532786fd3865968108rxLzCi3602', 'https://kol-fans.fp.ps.netease.com/file/5d7b4e536f049406dbb32922mNtZbDOT02', 'https://kol-fans.fp.ps.netease.com/file/5d7b4e532786fd38659681094eG8T4Gp02']",2019-09-13 08:07:49
无所畏惧,,同人绘,奶凶小脆皮,['https://kol-fans.fp.ps.netease.com/file/5d79298e7f9d2a6e9a6138babQOiovYO02'],2019-09-11 17:06:23
玩游戏的时候听音乐有小惊喜哦,,同人绘,爱幻想的原蓝,['https://kol-fans.fp.ps.netease.com/file/5d78db2c7f9d2ab84ef8a526AZfp5eiW02'],2019-09-11 11:31:57
躺一会就一会,,同人绘,咸鱼一条,['https://kol-fans.fp.ps.netease.com/file/5d77d0b82786fde17084b317c3VoZUOp02'],2019-09-10 16:35:05
涅槃重生,,暴风眼,小红帽,['https://kol-fans.fp.ps.netease.com/file/5d759f28a7f252b836dc7672u1Ia9F7M02'],2019-09-09 00:39:05
令人难忘的时光,,游戏截图,13872****16,"['https://kol-fans.fp.ps.netease.com/file/5d7592148b742792e6f9351d2sKYGe4Q02', 'https://kol-fans.fp.ps.netease.com/file/5d7592146f0494100f03d5fcyckMio3x02', 'https://kol-fans.fp.ps.netease.com/file/5d7592145e6027f910e440e48bcpxePS02']",2019-09-08 23:43:17
等待,,游戏截图,一口惊恐嘟,['https://kol-fans.fp.ps.netease.com/file/5d74b8047f9d2a322f51e006Ca6xa5AB02'],2019-09-08 08:12:54
抉择    刚追完剧的我。  心疼男主。   你们知道怎么把图片弄成高清吗？,,同人绘,一口惊恐嘟,['https://kol-fans.fp.ps.netease.com/file/5d7458062786fd553720dfa0JVZtoQ6q02'],2019-09-08 01:23:19
想你了，等到冬天我们一起去雨林打着伞看先祖帅哥，嘿嘿（发出了痴汉的声音）,,游戏截图,烨叶是凛凛,"['https://kol-fans.fp.ps.netease.com/file/5d7391cc6f0494ba135c2c5ezFNrLdhB02', 'https://kol-fans.fp.ps.netease.com/file/5d7391cc7f9d2a727ea2fb3dy9rtLt1302', 'https://kol-fans.fp.ps.netease.com/file/5d7391cca7f252708ee8f9c0ogXaI3ka02', 'https://kol-fans.fp.ps.netease.com/file/5d7391cc5e6027bad12f3fc9R5sYfi7g02']",2019-09-07 11:17:33
小默契,,遇境,小红帽,['https://kol-fans.fp.ps.netease.com/file/5d7380d06f04945524c08f5aPN1MyIQ202'],2019-09-07 10:05:04
悬,,雨林,小红帽,"['https://kol-fans.fp.ps.netease.com/file/5d7380a17f9d2a77fea3e40727CFNhuC02', 'https://kol-fans.fp.ps.netease.com/file/5d7380a196dee41e56683046WCssoopR02']",2019-09-07 10:04:17
😊,,雨林,小红帽,"['https://kol-fans.fp.ps.netease.com/file/5d7380735e602731f05e947fIr5okfdH02', 'https://kol-fans.fp.ps.netease.com/file/5d7380732786fd5330802ca9wosqvVYG02', 'https://kol-fans.fp.ps.netease.com/file/5d73807396dee41e56682fffqDVBfYum02', 'https://kol-fans.fp.ps.netease.com/file/5d738073a7f25237d370d7e6TYMDbhQg02']",2019-09-07 10:03:31
三桌等人中,,云野,小红帽,['https://kol-fans.fp.ps.netease.com/file/5d737fec2786fd47e4c3e77cuqbV9RVC02'],2019-09-07 10:01:16
最默契的一次了,,云野,小红帽,['https://kol-fans.fp.ps.netease.com/file/5d737fc6143cfac93a0de2e7utZJRJ9202'],2019-09-07 10:00:38
创世神（原创）,,同人绘,a****hhhhha,['https://kol-fans.fp.ps.netease.com/file/5d72b6782786fd8708b01855DzT0ObSR02'],2019-09-06 19:41:45
心火,,同人绘,一口惊恐嘟,['https://kol-fans.fp.ps.netease.com/file/5d71f8e77f9d2a3db97f8930MsFsdD4K02'],2019-09-06 06:12:56
这是清晨呀,,游戏截图,狮子🦁️,['https://kol-fans.fp.ps.netease.com/file/5d7171735e6027157f5464b7Yp18NI8102'],2019-09-05 20:35:00
三色,,遇境,小红帽,['https://kol-fans.fp.ps.netease.com/file/5d6f8d592786fd06b97c0e93PzI79gkB02'],2019-09-04 10:09:30
失去光芒🔥,,雨林,小红帽,['https://kol-fans.fp.ps.netease.com/file/5d6f8d1f8b74275eb2101909Gry5I2QG02'],2019-09-04 10:08:31
🆒,,雨林,小红帽,['https://kol-fans.fp.ps.netease.com/file/5d6f8d022786fd12746e790cO8XDlfds02'],2019-09-04 10:08:02
两开花,,游戏截图,钺云,['https://kol-fans.fp.ps.netease.com/file/5d6e0bdca7f2520617d7f083eMATDHy802'],2019-09-03 06:44:44
两个人的星河 长长久久的友谊万岁,,游戏截图,萌萌哒NIKY酱,"['https://kol-fans.fp.ps.netease.com/file/5d6d3cefa7f2526fbab1b17eKVaMH1zf02', 'https://kol-fans.fp.ps.netease.com/file/5d6d3cf06f049494cce7c66fLDIJzdaS02', 'https://kol-fans.fp.ps.netease.com/file/5d6d3cf15e60277edf61e548KKLZXMea02', 'https://kol-fans.fp.ps.netease.com/file/5d6d3cf2143cfafbfc788e879d0TiX4m02']",2019-09-02 16:01:56
心灵宁静的感觉,,游戏截图,萌萌哒NIKY酱,"['https://kol-fans.fp.ps.netease.com/file/5d6d37802786fd4515f09cabCHF1R4ri02', 'https://kol-fans.fp.ps.netease.com/file/5d6d37816f049494cce7c1a69RjVWuEI02', 'https://kol-fans.fp.ps.netease.com/file/5d6d37815e6027843456cbc8bRSuhYcA02', 'https://kol-fans.fp.ps.netease.com/file/5d6d3782143cfad7eff31376mejaPsx802']",2019-09-02 15:38:43
jack我们永远在一起 you jump i jump,,游戏截图,萌萌哒NIKY酱,"['https://kol-fans.fp.ps.netease.com/file/5d6d37215e60274d44555f289wPWApIa02', 'https://kol-fans.fp.ps.netease.com/file/5d6d37225e60277edf61dd08IZUMpze502', 'https://kol-fans.fp.ps.netease.com/file/5d6d37228b742751078a92d6KSE5HOpW02']",2019-09-02 15:37:07
伊甸园,,同人绘,13570****36,['https://kol-fans.fp.ps.netease.com/file/5d6d0d295e602751fd300216hpSie1rS02'],2019-09-02 12:38:01
我们会一直在一起😝,,游戏截图,15252****87,"['https://kol-fans.fp.ps.netease.com/file/5d6cb3086f0494aa0f668bbauDzicQY702', 'https://kol-fans.fp.ps.netease.com/file/5d6cb3082786fd4774b7f88fRkkvy85V02', 'https://kol-fans.fp.ps.netease.com/file/5d6cb3088b74275272f072abjPdroHYZ02', 'https://kol-fans.fp.ps.netease.com/file/5d6cb3087f9d2ad8d997fd85Q0ilWot702']",2019-09-02 06:13:29
小浪漫,,遇境,小红帽,"['https://kol-fans.fp.ps.netease.com/file/5d6ca10f5e60278a6b0ec4c3Fb2KWgiY02', 'https://kol-fans.fp.ps.netease.com/file/5d6ca10f2786fd0230cb9560RKRaXudy02', 'https://kol-fans.fp.ps.netease.com/file/5d6ca10f6f04945e949ac1376p31cg1G02', 'https://kol-fans.fp.ps.netease.com/file/5d6ca10f96dee418a8be104cplDLeuNI02']",2019-09-02 04:56:48
拍照的默契📷,,遇境,小红帽,['https://kol-fans.fp.ps.netease.com/file/5d6ca0f27f9d2a54ae487db28xOmZtZk02'],2019-09-02 04:56:18
牵手,,暮土,小红帽,['https://kol-fans.fp.ps.netease.com/file/5d6ca0107f9d2a6299a3f318yUQP9T4E02'],2019-09-02 04:52:33
想不到啊,,雨林,小红帽,['https://kol-fans.fp.ps.netease.com/file/5d6c9ff6143cfaf4e2f47b14kgGeqcLe02'],2019-09-02 04:52:06
彩虹小分队～,,游戏截图,17515****05,"['https://kol-fans.fp.ps.netease.com/file/5d6c984a8b7427305b351fd5Z8c9mkfP02', 'https://kol-fans.fp.ps.netease.com/file/5d6c984a7f9d2a3a469d6198KPI2U4ej02', 'https://kol-fans.fp.ps.netease.com/file/5d6c984a5e60274a59b431edZmom9lRM02', 'https://kol-fans.fp.ps.netease.com/file/5d6c984a96dee413486292e326wrerUz02']",2019-09-02 04:19:23
壁纸系列😉,,游戏截图,15004****79,"['https://kol-fans.fp.ps.netease.com/file/5d6b29c22786fd9e409007eagkcGeUJ402', 'https://kol-fans.fp.ps.netease.com/file/5d6b29c38b7427052cb57070mrOUXr1q02', 'https://kol-fans.fp.ps.netease.com/file/5d6b29c36f049419b22c9498HftUBN7Y02', 'https://kol-fans.fp.ps.netease.com/file/5d6b29c396dee426acafdcd6ogZdivFB02']",2019-09-01 02:15:32
糟糕，是心动的感觉💗,,游戏截图,15004****79,"['https://kol-fans.fp.ps.netease.com/file/5d6b262c7f9d2a45d0eb42a4hsAtAwvH02', 'https://kol-fans.fp.ps.netease.com/file/5d6b262c143cfa4e468e64a0S896TXvD02', 'https://kol-fans.fp.ps.netease.com/file/5d6b262d143cfa4e468e64a1Azfhthub02', 'https://kol-fans.fp.ps.netease.com/file/5d6b262d8b7427feac42e58bCU3AUQmi02']",2019-09-01 02:00:14
暴风眼+10086,,暴风眼,小红帽,"['https://kol-fans.fp.ps.netease.com/file/5d6b2240143cfa4aba109a7cBltO2jsz02', 'https://kol-fans.fp.ps.netease.com/file/5d6b22402786fd7c68fee411o1tltRkJ02', 'https://kol-fans.fp.ps.netease.com/file/5d6b22405e6027784d347fcac2cDAreV02', 'https://kol-fans.fp.ps.netease.com/file/5d6b2240143cfa5b3bb88c17A8mbcsAo02']",2019-09-01 01:43:30
Faded 光遇剪辑,,视频,ʚ光之后裔ɞ,['https://kol-fans.fp.ps.netease.com/file/5d6a91f6143cfa1556d567f9CiJwTDqh02'],2019-08-31 15:27:58
画一只自己💫,,同人绘,13537****05,['https://kol-fans.fp.ps.netease.com/file/5d6a742296dee43acee25a02TQXFb45J02'],2019-08-31 13:20:34
时光它一去不回……,,游戏截图,泊鲤,"['https://kol-fans.fp.ps.netease.com/file/5d6a3ca8a7f252450c087377LLfYRycf02', 'https://kol-fans.fp.ps.netease.com/file/5d6a3ca92786fd261bb69f6erBARpBQO02', 'https://kol-fans.fp.ps.netease.com/file/5d6a3ca9143cfaeb18e91f74JoEHQ3W202', 'https://kol-fans.fp.ps.netease.com/file/5d6a3ca996dee4dfb8f3fd9eMl3g0xTO02']",2019-08-31 09:23:54
光遇版最炫民族风,,歌词,fifi,['https://kol-fans.fp.ps.netease.com/file/5d6a1c097f9d2a3d468d7536kieDZgmP02'],2019-08-31 07:04:42
镀金进行时,,暮土,小红帽,['https://kol-fans.fp.ps.netease.com/file/5d69e6a296dee4f296702e0etNWwRtds02'],2019-08-31 03:16:51
来自天堂的魔鬼,,游戏截图,奶凶小脆皮,['https://kol-fans.fp.ps.netease.com/file/5d69e0f696dee4d3c24ea7caruHabHP402'],2019-08-31 02:52:38
游戏截图,,游戏截图,15817****33,"['https://kol-fans.fp.ps.netease.com/file/5d69d2ee7f9d2aba83ba5d86C8WEJTPt02', 'https://kol-fans.fp.ps.netease.com/file/5d69d2ef6f04949e6317c136t5VG2oay02', 'https://kol-fans.fp.ps.netease.com/file/5d69d2ef2786fd2478ec62e7GCbwu1H102', 'https://kol-fans.fp.ps.netease.com/file/5d69d2f02786fd2478ec62e9iFdU9dM202']",2019-08-31 01:52:49
于遇境冥想，在世界游荡,,游戏截图,15937****70,"['https://kol-fans.fp.ps.netease.com/file/5d6948ce6f0494146c8dc968cDrUhDIo02', 'https://kol-fans.fp.ps.netease.com/file/5d6948cf7f9d2a18a804e997mG7pYfBZ02', 'https://kol-fans.fp.ps.netease.com/file/5d6948cfa7f25294f40080f8hvT4MbXM02', 'https://kol-fans.fp.ps.netease.com/file/5d6948cf5e60272051c35acbo6Nx4fqU02']",2019-08-30 16:03:28
与即将被我抽掉虾线的兄弟合影,,游戏截图,15937****70,"['https://kol-fans.fp.ps.netease.com/file/5d694748143cfaae84c4d5e7g8tycYo402', 'https://kol-fans.fp.ps.netease.com/file/5d6947486f0494146c8dc7dapdWhuTvM02', 'https://kol-fans.fp.ps.netease.com/file/5d694749143cfaaa305507adOj4ZmEoJ02']",2019-08-30 15:56:57
严肃的方桌会谈😠,,遇境,小红帽,['https://kol-fans.fp.ps.netease.com/file/5d69448ba7f25294f4007d857XiPJOmz02'],2019-08-30 15:45:15
相约暮土🌙,,暮土,小红帽,"['https://kol-fans.fp.ps.netease.com/file/5d6944635e60270a41c394c1CxbbAyYp02', 'https://kol-fans.fp.ps.netease.com/file/5d694463143cfa6ac7c295b0kwGq4L9702', 'https://kol-fans.fp.ps.netease.com/file/5d6944642786fd7b6d0c24cb6EjXsK9T02']",2019-08-30 15:44:36
光遇仙境外传之遇境嬉戏,"遇境嬉戏
    风暴已然平息，失落的灵魂都获得了救赎，都已经回归了天际，群星重聚，黑暗被点燃了，光之国又无限光明。
    清晨，遇境天气晴朗，太阳散发着柔和的光芒，漂浮在海天相接的地方。阳光洒到宸霖的脸上，她躺在水池边懒洋洋的伸了个懒腰，揉揉惺忪的睡眼，坐了起来，顶着一头乱糟糟的头发，叉着腰走到慕雨旁边，“懒鬼！怎么还不起来！”慕雨本来侧躺着的身体吃力地翻过来，“我还是困嘛。”宸霖把他拖着，丢在遇境中央的水池里面。“啊！你干嘛！”“清醒了吧。”宸霖淘气的看着慕雨，慕雨对她也是又喜欢又无奈。
    慕雨和宸霖在遇境打打闹闹，嬉笑声惊动了另外两位小伙伴。清伊和岑风爬起来，“你怎么跟宸霖一样，每次睡完觉头发就乱成一团。”睡觉嘛，人家又不知道……”岑风有点小委屈地说，清伊就坐着，帮她梳理头发。
    大家都起来了，宸霖和岑风开始洗她们的斗篷，“你那件粉色斗篷呢？”岑风问宸霖。“在衣橱里，前几天才穿的。”慕雨在遇境点亮了几个陌生人，他和清伊摆了两张桌子在海边上，和陌生人一起闲聊。
    “最近都没什么事做了。”
    “不如”，“我们打牌吧。”
    他竟然顺手就摸出两副牌，然后分两桌开始灌蛋。
    “王炸！”……“再来再来，继续打。”……“该打9了。”……
    就这样玩了一整天，宸霖跑过来，“慕雨！你个死鬼，你知道现在什么时候了嘛！”说完，遇境的钟声响了，响了8下。“不急，才早上8点。”他一桌的牌友也没注意天色，顺嘴说了一句“就是，还有三四个小时才吃午饭。”宸霖直接捏了一下慕雨，“哼！你再给我好好看看天色！”",同人文,ʚ光之后裔ɞ,[],2019-08-30 14:16:47
和太阳肩并肩,,游戏截图,18155****38,['https://kol-fans.fp.ps.netease.com/file/5d690ae18b7427672b599283ZPeSbTyG02'],2019-08-30 11:39:13
小兔几爱吃胡萝贝,,游戏截图,奶凶小脆皮,"['https://kol-fans.fp.ps.netease.com/file/5d68dad07f9d2a9d5b12a2a6qOZCNwRo02', 'https://kol-fans.fp.ps.netease.com/file/5d68dad0143cfaa8f2e61dbd5cCW6AJC02', 'https://kol-fans.fp.ps.netease.com/file/5d68dad0a7f2523fe2b4c5e91e5J4sNT02', 'https://kol-fans.fp.ps.netease.com/file/5d68dad07f9d2abb9749fcccLT6JaFUK02']",2019-08-30 08:14:09
﻿来呀，我带你去暴风眼送星星,,同人绘,奶凶小脆皮,['https://kol-fans.fp.ps.netease.com/file/5d68d2f08b742718dd998ef8NVAeUwcY02'],2019-08-30 07:40:32
在游戏里交朋友的感觉真的很棒！,,游戏截图,惜河,"['https://kol-fans.fp.ps.netease.com/file/5d68ba0a5e6027650faf32c1VrxKZHF002', 'https://kol-fans.fp.ps.netease.com/file/5d68ba0b96dee4fccc60db954grlSmzU02', 'https://kol-fans.fp.ps.netease.com/file/5d68ba0b6f0494188033c8d3MbsE85Bh02', 'https://kol-fans.fp.ps.netease.com/file/5d68ba0b8b7427bdce38119dHJJSz5vs02']",2019-08-30 05:54:20
首发之前画的,,同人绘,泊鲤,['https://kol-fans.fp.ps.netease.com/file/5d689958143cfafaabe19f41CyLIizcB02'],2019-08-30 03:34:48
记忆,,游戏截图,泊鲤,"['https://kol-fans.fp.ps.netease.com/file/5d6898c396dee41f489da071SWsRRGgm02', 'https://kol-fans.fp.ps.netease.com/file/5d6898c32786fddd2f4dfeeej2ZKKSrb02', 'https://kol-fans.fp.ps.netease.com/file/5d6898c42786fde50c0292catcXrYriw02', 'https://kol-fans.fp.ps.netease.com/file/5d6898c496dee436ba1ab431ikqf8OJU02']",2019-08-30 03:32:22
灿烂烟花下，你对我的私语告白，我听见了,,游戏截图,拾贰,['https://kol-fans.fp.ps.netease.com/file/5d687aa7a7f252f1e6b57e9cJEySS88i02'],2019-08-30 01:23:52
深绿色斗篷，值得拥有,,霞谷,小红帽,['https://kol-fans.fp.ps.netease.com/file/5d68706696dee47af2748426PyBuIYCZ02'],2019-08-30 00:40:06
群魔乱舞（不断扩大的队伍）,,遇境,小红帽,"['https://kol-fans.fp.ps.netease.com/file/5d68701d8b7427030e604f25lFipi8D402', 'https://kol-fans.fp.ps.netease.com/file/5d68701ea7f252e272013dbdUK3vir4m02', 'https://kol-fans.fp.ps.netease.com/file/5d68701f96dee46ccf3364d0eliHJ8Oy02', 'https://kol-fans.fp.ps.netease.com/file/5d6870207f9d2a94f42a9bf30KDM24O602']",2019-08-30 00:38:56
自闭的先祖,,遇境,小红帽,['https://kol-fans.fp.ps.netease.com/file/5d686fb3a7f252e272013d99icSviiWk02'],2019-08-30 00:37:07
深海,,同人绘,1****78497,['https://kol-fans.fp.ps.netease.com/file/5d67d8d5143cfafa0593b30dCCag7BxL02'],2019-08-29 13:53:25
馈赠,,游戏截图,钺云,['https://kol-fans.fp.ps.netease.com/file/5d675e02143cfae34bd8c2efPKdGANSZ02'],2019-08-29 05:09:23
云庭之野,,游戏截图,15676****56,['https://kol-fans.fp.ps.netease.com/file/5d673de65e602751199dbb00zpYMNh0Z02'],2019-08-29 02:52:23
旅人,,同人绘,18876****55,['https://kol-fans.fp.ps.netease.com/file/5d66b30396dee47d52699a4buGvcjm1d02'],2019-08-28 16:59:48
❤️,,游戏截图,小红帽,['https://kol-fans.fp.ps.netease.com/file/5d669fcfa7f25266f9c2586bfpNE5N4G02'],2019-08-28 15:37:51
星空下的蜡烛,,游戏截图,小红帽,['https://kol-fans.fp.ps.netease.com/file/5d669d938b74275b179b20e6o7wUOJIx02'],2019-08-28 15:28:19
你才是我最美的烟花,,游戏截图,小红帽,"['https://kol-fans.fp.ps.netease.com/file/5d669d2896dee4340b17c002676Hj7VA02', 'https://kol-fans.fp.ps.netease.com/file/5d669d2896dee44962a7530eqNJ2cMjN02', 'https://kol-fans.fp.ps.netease.com/file/5d669d297f9d2ac597725343akdZepdO02', 'https://kol-fans.fp.ps.netease.com/file/5d669d2996dee440111584690kiEhM2202']",2019-08-28 15:26:34
背景好好玩wmmmm和冥龙的日常吖,,同人绘,今天的沫闪吸冥龙了吗,"['https://kol-fans.fp.ps.netease.com/file/5d667ad28b7427826a9f1badFjEQfEx902', 'https://kol-fans.fp.ps.netease.com/file/5d667ad35e6027106ed086a61Pi6cM4L02', 'https://kol-fans.fp.ps.netease.com/file/5d667ad35e60273ca9ccd0ac59lOilkA02']",2019-08-28 13:00:03
萌萌的，,,同人绘,18604****01,['https://kol-fans.fp.ps.netease.com/file/5d66745e143cfaa75dccec24o9E7EoSh02'],2019-08-28 12:32:30
光遇和马来西亚小姐姐Rachel的日常,,视频,m****0987798,['https://kol-fans.fp.ps.netease.com/file/5d6654c196dee494aad94dc1HXg7GvDX02'],2019-08-28 10:17:45
【光遇】-申和小翼,,视频,13366****78,['https://kol-fans.fp.ps.netease.com/file/5d65f1688b7427a573f25c1cc9mGujsI02'],2019-08-28 03:13:51
与你相遇，我好幸运,,我的故事,白茶ERIKA,['https://kol-fans.fp.ps.netease.com/file/5d65eb612786fd69e85701eeIgtqLgHt02'],2019-08-28 02:48:02
徘徊,,游戏截图,13608****95,"['https://kol-fans.fp.ps.netease.com/file/5d65caa8143cfa2dd21b3a9d5JTWXPog02', 'https://kol-fans.fp.ps.netease.com/file/5d65caa9143cfaaeed3a5809ZCAV1qcG02', 'https://kol-fans.fp.ps.netease.com/file/5d65caa95e6027d69327c99fiYyXX3it02', 'https://kol-fans.fp.ps.netease.com/file/5d65caaa5e6027c016ec8c808OYUotsI02']",2019-08-28 00:28:26
如果可以和你在一起,,游戏截图,宝贝糯米/,"['https://kol-fans.fp.ps.netease.com/file/5d65921c8b7427a66943df9aLMuyc0lM02', 'https://kol-fans.fp.ps.netease.com/file/5d65921c2786fdb7e4d5ca76g5Qz0qvG02', 'https://kol-fans.fp.ps.netease.com/file/5d65921c2786fdde86bdd0d9oKHWj94s02', 'https://kol-fans.fp.ps.netease.com/file/5d65921c8b7427a66943df9bKByj48iz02']",2019-08-27 20:27:09
曙光,,游戏截图,钺云,['https://kol-fans.fp.ps.netease.com/file/5d65480796dee4a45ae206afSfygWLQA02'],2019-08-27 15:11:04
星河,,游戏截图,13392****55,['https://kol-fans.fp.ps.netease.com/file/5d65374f143cfa8a0c28b53f20yPhEJs02'],2019-08-27 13:59:44
好想住进那个云中城堡,,游戏截图,13392****55,['https://kol-fans.fp.ps.netease.com/file/5d6536e55e6027c52ecd052fBto58BDY02'],2019-08-27 13:57:58
英年早逝的椅子,,游戏截图,a****05,['https://kol-fans.fp.ps.netease.com/file/5d6507a596dee4fa3f33b72dHmDA0yjH02'],2019-08-27 10:36:21
挥着翅膀的女孩 光遇剪辑,,视频,ʚ光之后裔ɞ,['https://kol-fans.fp.ps.netease.com/file/5d64fc415e6027320d3b8e35eWAYbdZa02'],2019-08-27 09:47:50
【sky光遇/沙雕混剪】偷窥你的光遇日常，是你吗( •᷄ὤ•᷅)？,,视频,侑子,['https://kol-fans.fp.ps.netease.com/file/5d64f6435e6027089dbb86ebgPHxW1Kx02'],2019-08-27 09:22:53
雨林初探,,游戏截图,a****05,['https://kol-fans.fp.ps.netease.com/file/5d64d233143cfae4a7a37aadutRYMX4O02'],2019-08-27 06:48:21
：）,,游戏截图,AndrewQY,['https://kol-fans.fp.ps.netease.com/file/5d64b210143cfa2b822285bc5qgsiXtk02'],2019-08-27 04:31:12
弱小可怜无助,,游戏截图,a****05,['https://kol-fans.fp.ps.netease.com/file/5d64a2dc2786fdfe67c7167eGp2lueCc02'],2019-08-27 03:26:21
飞呀飞,,游戏截图,15233****03,"['https://kol-fans.fp.ps.netease.com/file/5d649e842786fdc0a1abbbd0Oee7zgjF02', 'https://kol-fans.fp.ps.netease.com/file/5d649e885e6027e987d52e39Jrl7m96z02', 'https://kol-fans.fp.ps.netease.com/file/5d649e892786fdb9290416c113P1hGSM02', 'https://kol-fans.fp.ps.netease.com/file/5d649e8e6f049453aebd8148Zqgd0Rb702']",2019-08-27 03:08:07
遇见,,游戏截图,13608****95,"['https://kol-fans.fp.ps.netease.com/file/5d648c8f8b74274a924572e6YgDS2FpG02', 'https://kol-fans.fp.ps.netease.com/file/5d648c908b74274de7686d7eugLvVsNE02', 'https://kol-fans.fp.ps.netease.com/file/5d648c925e6027820c9b05eepYMq1YBq02', 'https://kol-fans.fp.ps.netease.com/file/5d648c9496dee402302ae61dJcLwpB9N02']",2019-08-27 01:51:23
眺望遇境,,游戏截图,a****05,['https://kol-fans.fp.ps.netease.com/file/5d6486ac8b74277733bc4b37DLWwNNO202'],2019-08-27 01:26:04
回忆·感恩季,,游戏截图,a****05,['https://kol-fans.fp.ps.netease.com/file/5d6485bc143cfa1a208727deDr2M948L02'],2019-08-27 01:22:05
总算九翼了！,,游戏截图,a****05,['https://kol-fans.fp.ps.netease.com/file/5d63f0987f9d2a26a1ed1493L1lMt3pN02'],2019-08-26 14:45:45
光·遇,,游戏截图,a****05,['https://kol-fans.fp.ps.netease.com/file/5d63f02396dee4d666e754632cEgqDYL02'],2019-08-26 14:43:47
雨林·彩虹🌈,,游戏截图,a****05,['https://kol-fans.fp.ps.netease.com/file/5d63efcd8b74279e75adf925FTjwBwIu02'],2019-08-26 14:42:22
自己,,游戏截图,小红帽,['https://kol-fans.fp.ps.netease.com/file/5d63e6a8a7f252a95b8bd9fek6E9Xju402'],2019-08-26 14:03:20
洞口,,游戏截图,小红帽,['https://kol-fans.fp.ps.netease.com/file/5d63e5c85e6027e719c25b1cjiiMFJu102'],2019-08-26 13:59:36
下落,,顾咕咕,13603****11,"['https://kol-fans.fp.ps.netease.com/file/5d63bfa596dee4979b434c11kv71iz0z02', 'https://kol-fans.fp.ps.netease.com/file/5d63bfa696dee450e54f5a189QARGFl202', 'https://kol-fans.fp.ps.netease.com/file/5d63bfa6143cfa7af4e761f5imuAHkTr02', 'https://kol-fans.fp.ps.netease.com/file/5d63bfa62786fd68c5d51cd4ZSLHxu5V02']",2019-08-26 11:16:55
来跟我一起玩耍吧,,顾咕咕,13603****11,"['https://kol-fans.fp.ps.netease.com/file/5d63bf19a7f252cc3edb9b4c7o4eiM5S02', 'https://kol-fans.fp.ps.netease.com/file/5d63bf1a5e602772ad45e852qHTXTklK02', 'https://kol-fans.fp.ps.netease.com/file/5d63bf1a5e6027be1a0b9fbaLIoulgeL02', 'https://kol-fans.fp.ps.netease.com/file/5d63bf1a96dee49d1aa17f45SbNzu9wZ02']",2019-08-26 11:14:34
与你同行,,游戏截图,钺云,"['https://kol-fans.fp.ps.netease.com/file/5d63bce0a7f2528c9daaad17O7GiYgP902', 'https://kol-fans.fp.ps.netease.com/file/5d63bce0143cfa795edcef3c4Q89YVFA02', 'https://kol-fans.fp.ps.netease.com/file/5d63bce05e6027b884c290b7AWJcy1bg02']",2019-08-26 11:05:05
【已授权】和我披上小斗篷，去到世界最尽【作者】effymia,,视频,云野小鸟,['https://kol-fans.fp.ps.netease.com/file/5d63ad56a7f25213b7f691f3H5xLYjtK02'],2019-08-26 09:58:51
🥰,,游戏截图,18604****01,['https://kol-fans.fp.ps.netease.com/file/5d63a2925e6027154010869dbz0lHyx302'],2019-08-26 09:12:50
遇见,,游戏截图,小葡萄,"['https://kol-fans.fp.ps.netease.com/file/5d6397db8b7427ca2810446aWjM4W7QI02', 'https://kol-fans.fp.ps.netease.com/file/5d6397db5e6027bf2b7de5f5DpxLHYTS02', 'https://kol-fans.fp.ps.netease.com/file/5d6397dc143cfa8f3f5a6884TIAwE37R02', 'https://kol-fans.fp.ps.netease.com/file/5d6397dc5e6027bf2b7de5f8is6oNuUf02']",2019-08-26 08:27:11
【已授权】【作者】Sky·光之后裔,,视频,云野小鸟,['https://kol-fans.fp.ps.netease.com/file/5d63853a96dee427147c4448rtZ1hYIT02'],2019-08-26 07:07:40
【已授权】【作者】隐禺,,游戏截图,云野小鸟,['https://kol-fans.fp.ps.netease.com/file/5d63818d96dee416dca63328q9wNx6zt02'],2019-08-26 06:51:57
【已授权】【作者】sink_嘂,,游戏截图,云野小鸟,"['https://kol-fans.fp.ps.netease.com/file/5d63816e7f9d2a8094b120dcVj5juLIh02', 'https://kol-fans.fp.ps.netease.com/file/5d63816e6f0494b7f8a1f0b1BZzYdj1U02', 'https://kol-fans.fp.ps.netease.com/file/5d63817196dee4297e40ffefk44LyXRV02', 'https://kol-fans.fp.ps.netease.com/file/5d638172a7f2521c184fe1fbmg8Pbrzw02']",2019-08-26 06:51:30
【已授权】【作者】sink_嘂,,游戏截图,云野小鸟,"['https://kol-fans.fp.ps.netease.com/file/5d63815a143cfaebfd66090fU7jTedE702', 'https://kol-fans.fp.ps.netease.com/file/5d63815b143cfa50f123a1fd9NvqdaoT02', 'https://kol-fans.fp.ps.netease.com/file/5d63815f6f0494ac9348f0361j622VvI02', 'https://kol-fans.fp.ps.netease.com/file/5d6381625e602738468b3acbbBZBeLww02']",2019-08-26 06:51:21
【已授权】螃蟹也是爱你的形状【作者】张鹏,,游戏截图,云野小鸟,"['https://kol-fans.fp.ps.netease.com/file/5d63815296dee4297e40ffaewixLXiN902', 'https://kol-fans.fp.ps.netease.com/file/5d6381548b74270188da793buCwY4gNG02', 'https://kol-fans.fp.ps.netease.com/file/5d6381552786fd1a61dd2168mBUfKN5H02', 'https://kol-fans.fp.ps.netease.com/file/5d6381577f9d2ad66b23eb18gKGPRsSj02']",2019-08-26 06:51:05
【已授权】【作者】小鱼,,游戏截图,云野小鸟,['https://kol-fans.fp.ps.netease.com/file/5d6381142786fd1b18e5f61cdmSGY9RL02'],2019-08-26 06:49:56
【已授权】【作者】小鱼,,游戏截图,云野小鸟,['https://kol-fans.fp.ps.netease.com/file/5d6380f95e6027ff32a55b57pbUXtNov02'],2019-08-26 06:49:30
【已授权】如果等不到 那就再等十几万万次【作者】小鱼,,游戏截图,云野小鸟,['https://kol-fans.fp.ps.netease.com/file/5d6380d86f0494b90b830793Pu1oqjM002'],2019-08-26 06:48:57
我愿与你一起坠入黑暗,,同人绘,今天的沫闪吸冥龙了吗,['https://kol-fans.fp.ps.netease.com/file/5d636f0096dee4b3f25298308yAVt9H402'],2019-08-26 05:32:49
玩个游戏，都是爱你的形状,,游戏截图,18858****53,"['https://kol-fans.fp.ps.netease.com/file/5d62a92496dee4545da2013b8rbEv7bH02', 'https://kol-fans.fp.ps.netease.com/file/5d62a9245e60275d26899e36ybQb61GX02', 'https://kol-fans.fp.ps.netease.com/file/5d62a9256f04946d3c5a9f3d4mG4fILx02', 'https://kol-fans.fp.ps.netease.com/file/5d62a926a7f2523d9f5760e0zN7ViQHq02']",2019-08-25 15:28:39
光遇，有你有我,,游戏截图,18858****53,"['https://kol-fans.fp.ps.netease.com/file/5d62a8be2786fd0f040402f4SmQDiBZG02', 'https://kol-fans.fp.ps.netease.com/file/5d62a8bf96dee4545da200b8hvCgbk4x02', 'https://kol-fans.fp.ps.netease.com/file/5d62a8bf5e60275d26899d8fONmcpOjN02', 'https://kol-fans.fp.ps.netease.com/file/5d62a8bf96dee45d1db1fedbP1RH4sK002']",2019-08-25 15:26:57
美丽的光，美丽的遇见,,游戏截图,18858****53,['https://kol-fans.fp.ps.netease.com/file/5d62a88a5e60272c514ae68e2ZcPLU2702'],2019-08-25 15:26:02
给某人的表白🍬,,暮土,小红帽,['https://kol-fans.fp.ps.netease.com/file/5d62a2176f04946d3c5a97e8TWi1Q9K202'],2019-08-25 14:58:31
绿到发慌,,游戏截图,u****o,['https://kol-fans.fp.ps.netease.com/file/5d629b3d5e602701626e0aafaHdvh7x902'],2019-08-25 14:29:17
﻿你们见过巨人吗？,,游戏截图,落叶雨飘零,"['https://kol-fans.fp.ps.netease.com/file/5d6263c196dee492e8f3b978XFaDltue02', 'https://kol-fans.fp.ps.netease.com/file/5d6263c4143cfa104692b3a1N8E9pUCS02', 'https://kol-fans.fp.ps.netease.com/file/5d6263c5a7f25259d7aadf79WWOQVJc102', 'https://kol-fans.fp.ps.netease.com/file/5d6263c596dee4890c92ece8iBR56Rei02']",2019-08-25 10:32:40
夏日黄昏的音乐会,,游戏截图,13314****63,"['https://kol-fans.fp.ps.netease.com/file/5d6250686f04946eea7b06192ksIwPYk02', 'https://kol-fans.fp.ps.netease.com/file/5d6250697f9d2aaac21d9fafRQi1rwDA02']",2019-08-25 09:10:02
我们仍未知道那些光翼的真实样子,,游戏截图,u****o,"['https://kol-fans.fp.ps.netease.com/file/5d624dc07f9d2aaac21d9ce2yYr2AOLL02', 'https://kol-fans.fp.ps.netease.com/file/5d624dc06f04946eea7b0300Z27BEJNZ02', 'https://kol-fans.fp.ps.netease.com/file/5d624dc096dee4ed4196060f8N1kCNw202', 'https://kol-fans.fp.ps.netease.com/file/5d624dc0143cfa8fb25e6783b239PiVI02']",2019-08-25 08:58:41
我的小太阳，,,游戏截图,18604****01,['https://kol-fans.fp.ps.netease.com/file/5d6245118b7427f5857ad3ddSRx5JXMW02'],2019-08-25 08:21:37
望月寄思,,游戏截图,15676****56,['https://kol-fans.fp.ps.netease.com/file/5d62280f96dee42661a30fdebc8xcJsj02'],2019-08-25 06:17:52
奔跑,,游戏截图,15676****56,['https://kol-fans.fp.ps.netease.com/file/5d6227c45e6027c2a265b6cccH6ZaGj602'],2019-08-25 06:16:36
彼岸,,游戏截图,钺云,['https://kol-fans.fp.ps.netease.com/file/5d61edf05e602717da41be30frXptxyQ02'],2019-08-25 02:09:52
远处的风景在等着你,,游戏截图,u****o,"['https://kol-fans.fp.ps.netease.com/file/5d614bf12786fdddae234e60UuiVSkj202', 'https://kol-fans.fp.ps.netease.com/file/5d614bf17f9d2a62a14ca608VM1hjmwD02', 'https://kol-fans.fp.ps.netease.com/file/5d614bf18b7427df9fdcf056AFuDZ4pz02', 'https://kol-fans.fp.ps.netease.com/file/5d614bf1143cfa937e71315b7ohzJvW302']",2019-08-24 14:38:41
小龙龙dejia～（表情包，手动滑稽）,,同人绘,琉璃,['https://kol-fans.fp.ps.netease.com/file/5d61321f143cfa52a8f9bb9a7ibTC4wB02'],2019-08-24 12:48:32
 勇闯天下三人组合挑战皮皮虾,,快乐小画,18965****17,['https://kol-fans.fp.ps.netease.com/file/5d6112c76f04940fabd2f702Jig4UYkW02'],2019-08-24 10:34:48
自画像,,同人绘,园長sandra,['https://kol-fans.fp.ps.netease.com/file/5d60fdf85e6027ad2611cc2ef8LZSICb02'],2019-08-24 09:06:01
🌲和朋友站一起🌲纪念小绿绿斗篷,,同人绘,园長sandra,['https://kol-fans.fp.ps.netease.com/file/5d60fdc096dee426fabf3975ivhUqHgP02'],2019-08-24 09:05:05
遇境全景,,游戏截图,朱雀,['https://kol-fans.fp.ps.netease.com/file/5d60f8fe8b742717cffe1b84VM7ftZuf02'],2019-08-24 08:44:46
一起骑狗,,游戏截图,朱雀,"['https://kol-fans.fp.ps.netease.com/file/5d60f88d143cfa613a8570c13v18N2VS02', 'https://kol-fans.fp.ps.netease.com/file/5d60f88d8b7427d86abbf0a2Jk7AaEBC02', 'https://kol-fans.fp.ps.netease.com/file/5d60f88ea7f2520d807088667yMrWTTo02', 'https://kol-fans.fp.ps.netease.com/file/5d60f88e8b7427d86abbf0a3lukiN5yj02']",2019-08-24 08:42:55
暮土的光,,游戏截图,15919****60,['https://kol-fans.fp.ps.netease.com/file/5d60e697143cfaebad6e05c10h9WHMwW02'],2019-08-24 07:26:16
星河迢迢,,游戏截图,钺云,['https://kol-fans.fp.ps.netease.com/file/5d609dd85e60273c840c1351e3kiRNTl02'],2019-08-24 02:15:52
避雨,,游戏截图,钺云,['https://kol-fans.fp.ps.netease.com/file/5d609c9f143cfa16c7b8cecdogGbO9MG02'],2019-08-24 02:10:40
微光,,游戏截图,钺云,"['https://kol-fans.fp.ps.netease.com/file/5d609c4a6f04945f574c8e82LguELrTv02', 'https://kol-fans.fp.ps.netease.com/file/5d609c4a2786fdea4b2c99cbIoyxaKyL02', 'https://kol-fans.fp.ps.netease.com/file/5d609c4a5e6027edd3caa785KXNIU5Va02']",2019-08-24 02:09:14
重生之门,,游戏截图,17585****39,"['https://kol-fans.fp.ps.netease.com/file/5d60883f6f0494ebc9d58fcbIXZZtvvh02', 'https://kol-fans.fp.ps.netease.com/file/5d6088408b74276e1d740c6fYoF7uN1K02']",2019-08-24 00:43:45
光,,游戏截图,effymiao,"['https://kol-fans.fp.ps.netease.com/file/5d607e327f9d2ada6342d240ADwwsLer02', 'https://kol-fans.fp.ps.netease.com/file/5d607e3296dee4ccdec26f96MiOwAqls02', 'https://kol-fans.fp.ps.netease.com/file/5d607e3396dee4ccdec26f97o5G3IYfL02']",2019-08-24 00:00:51
相遇，相知，,,游戏截图,18604****01,['https://kol-fans.fp.ps.netease.com/file/5d5fec0c2786fd99b829454950yAOJ3B02'],2019-08-23 13:37:17
根据云野场景改的指绘~第一次画，有些粗糙。人物有点难，正在画嘿嘿,,同人绘,三月风,['https://kol-fans.fp.ps.netease.com/file/5d5fda6596dee44c0e5a0b35KWF6QrIu02'],2019-08-23 12:21:58
黄昏——它以最美的景致结束了一天,,游戏截图,night孤影,['https://kol-fans.fp.ps.netease.com/file/5d5fa2dd96dee4f258c0d05aFQbR6SAA02'],2019-08-23 08:25:01
与爱的人一起遨游,,游戏截图,night孤影,['https://kol-fans.fp.ps.netease.com/file/5d5fa034143cfadf3b370ca3BtxWYT0I02'],2019-08-23 08:13:41
光明与陪伴,,同人绘,13075****48,['https://kol-fans.fp.ps.netease.com/file/5d5f62ed7f9d2a4f9e042a1eLeDTpliC02'],2019-08-23 03:52:13
是迷失的千鸟图啊,,游戏截图,18279****12,"['https://kol-fans.fp.ps.netease.com/file/5d5f5b5f8b742783e50a91fctN2uOFb102', 'https://kol-fans.fp.ps.netease.com/file/5d5f5b606f0494e4bed8efbdPyFUv0X702']",2019-08-23 03:20:00
《感谢遇见》,,同人绘,穿云,['https://kol-fans.fp.ps.netease.com/file/5d5f29007f9d2a8b88bdb0derFQ200S302'],2019-08-22 23:45:06
黄昏,,游戏截图,harry,['https://kol-fans.fp.ps.netease.com/file/5d5ecd40143cfa030ffe3655BATjfCZk02'],2019-08-22 17:13:37
凉风,,游戏截图,harry,['https://kol-fans.fp.ps.netease.com/file/5d5eccf17f9d2a555611f444Jx0IiDSK02'],2019-08-22 17:12:18
富士山之恋,,游戏截图,17526****49,['https://kol-fans.fp.ps.netease.com/file/5d5e9e75a7f252cf760fc581tXZcFFs102'],2019-08-22 13:53:57
祖先—后裔,,游戏截图,琉璃,"['https://kol-fans.fp.ps.netease.com/file/5d5e8ea68b74277f905ea16fxrGG1t6D02', 'https://kol-fans.fp.ps.netease.com/file/5d5e8ea7a7f252a26406ae5cT6buBSbR02', 'https://kol-fans.fp.ps.netease.com/file/5d5e8ea75e60273df7c04727WoPoC3q102']",2019-08-22 12:46:31
冥龙虐我千百遍，我待冥龙如初恋,,同人绘,河狸,"['https://kol-fans.fp.ps.netease.com/file/5d5e6dee143cfab4138b76feW4bcac7502', 'https://kol-fans.fp.ps.netease.com/file/5d5e6dee143cfab4138b76ffNze9L8e902', 'https://kol-fans.fp.ps.netease.com/file/5d5e6dee6f04942a1cdec976g9ASYQRd02']",2019-08-22 10:26:54
光遇三光～星光、霞光和晨光,,游戏截图,三月风,"['https://kol-fans.fp.ps.netease.com/file/5d5e1fe28b7427015e674a024dCayCBf02', 'https://kol-fans.fp.ps.netease.com/file/5d5e1fe38b7427244b4792e1ciEK4L5402', 'https://kol-fans.fp.ps.netease.com/file/5d5e1fe35e6027a87cf9a8d1oHMHHTri02', 'https://kol-fans.fp.ps.netease.com/file/5d5e1fe37f9d2abb44cf2ef8a7oV79aV02']",2019-08-22 04:53:56
和朋友一起打卡,,游戏截图,茶茶,"['https://kol-fans.fp.ps.netease.com/file/5d5df9ef5e60274cbe5c6a1cWtubE0U202', 'https://kol-fans.fp.ps.netease.com/file/5d5df9ef96dee4d86e996e54LaVuhITg02', 'https://kol-fans.fp.ps.netease.com/file/5d5df9ef7f9d2af286ef15feuPiKTvPR02', 'https://kol-fans.fp.ps.netease.com/file/5d5df9f05e6027a8273751adLxvQUwCw02']",2019-08-22 02:12:02
停留在指尖的蝴蝶,,同人绘,茶茶,['https://kol-fans.fp.ps.netease.com/file/5d5df8185e60279560970f70ijXa54uT02'],2019-08-22 02:04:08
就想永远这样看着你,,游戏截图,18777****32,"['https://kol-fans.fp.ps.netease.com/file/5d5de285143cfaf1b0c961efteEAa5MJ02', 'https://kol-fans.fp.ps.netease.com/file/5d5de286a7f252eafdb31a30FoXzYg3d02', 'https://kol-fans.fp.ps.netease.com/file/5d5de2867f9d2a694f019476I2N0eFo902', 'https://kol-fans.fp.ps.netease.com/file/5d5de28796dee45537906d45RVf7Ki6l02']",2019-08-22 00:32:09
欺负小朋友,,游戏截图,18777****32,['https://kol-fans.fp.ps.netease.com/file/5d5d308b7f9d2ad25c7164fdfJfkRHss02'],2019-08-21 11:52:44
有你陪伴,,同人绘,猫茶,['https://kol-fans.fp.ps.netease.com/file/5d5cf9536f049462ba16dd09fVLuqESs02'],2019-08-21 07:57:08
霞谷霞光城的指绘～～,,同人绘,Eva,['https://kol-fans.fp.ps.netease.com/file/5d5ce5935e602785ccf8f38c9FG5Jki002'],2019-08-21 06:32:52
八人骑狗狗哈哈,,游戏截图,北月,['https://kol-fans.fp.ps.netease.com/file/5d5ce34ba7f252425383f20dGk98A5dL02'],2019-08-21 06:23:08
和最爱的人在光遇看最美的风景,,游戏截图,素良,"['https://kol-fans.fp.ps.netease.com/file/5d5cda908b7427f50c08a7b79rfOAaKG02', 'https://kol-fans.fp.ps.netease.com/file/5d5cda9096dee4cb14546da1mG00fWui02', 'https://kol-fans.fp.ps.netease.com/file/5d5cda90143cfa639dc4bde7rq1sKXv502', 'https://kol-fans.fp.ps.netease.com/file/5d5cda906f0494b3b996012ctxkwCiUP02']",2019-08-21 05:45:54
《see me fly》（挥着翅膀的女孩）MV，励志少女燃情蜕变～,,视频,17543****41,['https://kol-fans.fp.ps.netease.com/file/5d5cd9116f0494b3b995ff45sTFtzCDq02'],2019-08-21 05:39:34
雨后彩虹,,游戏截图,14718****10,"['https://kol-fans.fp.ps.netease.com/file/5d5c11786f0494ea9bd66806mfUauiQF02', 'https://kol-fans.fp.ps.netease.com/file/5d5c117996dee401e24d5d7ft5G5iSuM02', 'https://kol-fans.fp.ps.netease.com/file/5d5c11795e602703a1a72da3TDWzGGEF02', 'https://kol-fans.fp.ps.netease.com/file/5d5c117a143cfaa2ed8f9737VOypBxWM02']",2019-08-20 15:27:55
最浪漫的事，不过于与你携手，畅游在天地之间，探索世间的奥秘。,,I and U,w****wanchen,['https://kol-fans.fp.ps.netease.com/file/5d5bf51e96dee46d681e8c8ekybViCvE02'],2019-08-20 13:26:54
霞谷的美好回忆,,游戏截图,三月风,"['https://kol-fans.fp.ps.netease.com/file/5d5b5e5f5e602765b6dba748vcLPv9Pp02', 'https://kol-fans.fp.ps.netease.com/file/5d5b5e5f5e60275aa19a8a8cirLquTWi02', 'https://kol-fans.fp.ps.netease.com/file/5d5b5e5f8b74279937d2db92EZtk0FHt02', 'https://kol-fans.fp.ps.netease.com/file/5d5b5e606f0494a7cb05cf05sdEiL56902']",2019-08-20 02:43:45
这条街最亮的仔～噗哈哈,,游戏截图,三月风,['https://kol-fans.fp.ps.netease.com/file/5d5b5d60143cfa771f779929xqBtvFrd02'],2019-08-20 02:39:29
送给朋友的礼物--八爪&田心（小跟班+奥利奥也来啦）（昨天发错图了重发一遍）,,同人绘,爪哇国国师小八爪,"['https://kol-fans.fp.ps.netease.com/file/5d5b5b2f5e6027217d73a020li38oi7d02', 'https://kol-fans.fp.ps.netease.com/file/5d5b5b2f8b7427522875babbsxp5khel02']",2019-08-20 02:30:07
彩虹小队,,游戏截图,春卷儿,['https://kol-fans.fp.ps.netease.com/file/5d5ab4567f9d2a5740ceeb469pALtX5A02'],2019-08-19 14:38:14
光遇映像,,同人绘,peachplatna,['https://kol-fans.fp.ps.netease.com/file/5d5aa979a7f2529f4290da3aNBcp8TVy02'],2019-08-19 13:51:54
城堡,,同人绘,18695****67,['https://kol-fans.fp.ps.netease.com/file/5d5aa31c8b74276dd8343fbahGSJBJfl02'],2019-08-19 13:24:45
坚持与守护,,生活,13734****82,"['https://kol-fans.fp.ps.netease.com/file/5d5a9677143cfa6f0d1b47d6rMsUgkBK02', 'https://kol-fans.fp.ps.netease.com/file/5d5a9677143cfa5b48b76d97Ujixle4L02']",2019-08-19 12:30:48
和朋友一起来到这个地方,,游戏截图,猫茶,['https://kol-fans.fp.ps.netease.com/file/5d5a80a85e60275e71c7cd06M6y6mwxa02'],2019-08-19 10:57:45
好基友一辈子,,游戏截图,15079****49,"['https://kol-fans.fp.ps.netease.com/file/5d5a69c97f9d2aa937325cf3SHL1I1el02', 'https://kol-fans.fp.ps.netease.com/file/5d5a69c97f9d2a9b58c1462dZ2dB1TSU02', 'https://kol-fans.fp.ps.netease.com/file/5d5a69ca143cfa1c7a159fe2AUB36U0Z02']",2019-08-19 09:20:10
哪种鲲哥哥好看呢☁️,,游戏截图,三月风,"['https://kol-fans.fp.ps.netease.com/file/5d5a6545a7f252d0a9450f223Kj4Xh7t02', 'https://kol-fans.fp.ps.netease.com/file/5d5a654596dee4c9ad4dda09O1ym4vMt02']",2019-08-19 09:00:54
和朋友卡到了禁阁外层~,,游戏截图,三月风,"['https://kol-fans.fp.ps.netease.com/file/5d5a64f496dee4c9ad4dd991JvQ5CZFd02', 'https://kol-fans.fp.ps.netease.com/file/5d5a64f45e60278fe566a234BS4prVop02', 'https://kol-fans.fp.ps.netease.com/file/5d5a64f4143cfae475e959e2E1gJgTmB02']",2019-08-19 08:59:33
对影成双人,,游戏截图,mhryeon,['https://kol-fans.fp.ps.netease.com/file/5d5a0c2a96dee4144c2453ccvZAmWkrd02'],2019-08-19 02:40:42
正义的使者皮皮侠,,游戏截图,mhryeon,"['https://kol-fans.fp.ps.netease.com/file/5d5a0b6fa7f252a1562eecb4CMhlSR1k02', 'https://kol-fans.fp.ps.netease.com/file/5d5a0b70143cfa44d6554f2aLgGisV5F02', 'https://kol-fans.fp.ps.netease.com/file/5d5a0b705e6027d1350cdde6qP8BoPza02', 'https://kol-fans.fp.ps.netease.com/file/5d5a0b70a7f252c86857143f8PjCZueb02']",2019-08-19 02:37:36
向光而遇,,游戏截图,13088****75,"['https://kol-fans.fp.ps.netease.com/file/5d595191a7f25292c6277c20w2jRjy4f02', 'https://kol-fans.fp.ps.netease.com/file/5d5951915e6027ed386257304m5DUHrH02', 'https://kol-fans.fp.ps.netease.com/file/5d59519196dee4a93e13698ckNip1FVv02', 'https://kol-fans.fp.ps.netease.com/file/5d595192143cfa62dd1743e8tNGe5iA102']",2019-08-18 13:24:35
看废墟的夕阳,,游戏截图,ʚ光之后裔ɞ,"['https://kol-fans.fp.ps.netease.com/file/5d59259c96dee4e48206b07cSR6UeU5502', 'https://kol-fans.fp.ps.netease.com/file/5d59259d8b74279c36f28a2eNCvjzTmN02', 'https://kol-fans.fp.ps.netease.com/file/5d59259d7f9d2a1907d8a844FIbq1CyB02', 'https://kol-fans.fp.ps.netease.com/file/5d59259da7f2526d5ed1a56fyvGOV8QO02']",2019-08-18 10:17:01
那些在光遇走过的路,,游戏截图,15177****11,"['https://kol-fans.fp.ps.netease.com/file/5d58eac0143cfa353a5645dcwzdZbZo202', 'https://kol-fans.fp.ps.netease.com/file/5d58eac22786fd2ac71e277c5VusQ9rz02', 'https://kol-fans.fp.ps.netease.com/file/5d58eac3143cfa353a5645df7he8AfvV02', 'https://kol-fans.fp.ps.netease.com/file/5d58eac32786fd61e9ee748djIrDzrTr02']",2019-08-18 06:05:57
﻿门后就是来生了,,游戏截图,18237****59,"['https://kol-fans.fp.ps.netease.com/file/5d57f93f6f0494f8ab233ce4qkK3WVXp02', 'https://kol-fans.fp.ps.netease.com/file/5d57f93f6f04941df23ad1d08VcySlRE02', 'https://kol-fans.fp.ps.netease.com/file/5d57f93f2786fdce09e3f9fat2j8j9PZ02', 'https://kol-fans.fp.ps.netease.com/file/5d57f93f2786fd79e543b0ddI17DzYKp02']",2019-08-17 12:55:28
寻求光明,,同人绘,呦橙,['https://kol-fans.fp.ps.netease.com/file/5d57c913143cfa087c790daacAL3Ysrf02'],2019-08-17 09:29:56
前行,,游戏截图,18267****84,['https://kol-fans.fp.ps.netease.com/file/5d578e552786fd5254e2103a8wQzCpDI02'],2019-08-17 05:19:18
背对着希望成为大英雄,,游戏截图,x****223359,['https://kol-fans.fp.ps.netease.com/file/5d56c748a7f252568269324a6Ho23lSH02'],2019-08-16 15:10:00
众星⭐ 归位,,游戏截图,许淮南,['https://kol-fans.fp.ps.netease.com/file/5d56a5f77f9d2af96442ffb9aqMJgaKS02'],2019-08-16 12:47:51
柠檬精柯基和狗瓜的日常,,同人绘,18368****76,"['https://kol-fans.fp.ps.netease.com/file/5d566247a7f252a0e47a1700CUfmXTg302', 'https://kol-fans.fp.ps.netease.com/file/5d566248a7f252b384c20d33TmodiUe102', 'https://kol-fans.fp.ps.netease.com/file/5d5662486f04943c45dc99a8fZUwhI4f02', 'https://kol-fans.fp.ps.netease.com/file/5d5662498b7427d26645d8c8QuGu0wII02']",2019-08-16 07:59:05
我就是那个跳舞的仔,,游戏截图,13982****57,['https://kol-fans.fp.ps.netease.com/file/5d5658085e6027c99a4c8215th7Ic8zQ02'],2019-08-16 07:15:21
迷失在大蜡烛堆的虚荣中,,游戏截图,三只哥布林,['https://kol-fans.fp.ps.netease.com/file/5d5627596f0494a6d6bb5e0bmQM7vB3a02'],2019-08-16 03:47:38
是我赵某无能，没能解救各位先祖，待他日，赵某功成之时，定来解救各位先祖,,游戏截图,三只哥布林,['https://kol-fans.fp.ps.netease.com/file/5d56271296dee429484bfe5a75wNjZKQ02'],2019-08-16 03:46:27
忽闻崖上有琴声 翻身上崖  仰卧静听   高山流水 伯牙子期 赠光为友 勾手结缘 于是两位路人同学热情买来道具  螺旋上天画小爱心  还放了无数烟花,,游戏截图,a****28972,"['https://kol-fans.fp.ps.netease.com/file/5d55a7c42786fd404ccaa5ab2F9hlbs602', 'https://kol-fans.fp.ps.netease.com/file/5d55a7c56f04949c76bc5993NhIP9BZ302']",2019-08-15 18:43:17
想给他拍照的时候居然挡住了脸,,游戏截图,亮晶晶,"['https://kol-fans.fp.ps.netease.com/file/5d55768d143cfa19042cf30aA0NX3gdR02', 'https://kol-fans.fp.ps.netease.com/file/5d55768d143cfa7080603ba6Og2sSADr02', 'https://kol-fans.fp.ps.netease.com/file/5d55768d8b74272489aa28b5NgQeFhI302', 'https://kol-fans.fp.ps.netease.com/file/5d55768d143cfa6f3fad1dcbFxHbirGA02']",2019-08-15 15:13:18
蜡烛小路后面会是什么可能是没有限制的小路,,快乐小画,18965****17,['https://kol-fans.fp.ps.netease.com/file/5d554e7f2786fd0fac38dcae2HeachWp02'],2019-08-15 12:22:24
碰到彩虹，吃定彩虹🌈,,大大求翻牌,雨z,['https://kol-fans.fp.ps.netease.com/file/5d54f5a096dee42f75df4c3aqev8fJid02'],2019-08-15 06:03:13
二🐷戏水,,大大求翻牌,雨z,['https://kol-fans.fp.ps.netease.com/file/5d54f56096dee484fe5acf8diXb3HJSa02'],2019-08-15 06:02:08
夏天这么长，一定要找一个会挑西瓜的人在一起🌼,,我们,雨z,"['https://kol-fans.fp.ps.netease.com/file/5d54f4fb5e6027b1ecbb2a7bdRB2dzLL02', 'https://kol-fans.fp.ps.netease.com/file/5d54f4fc6f0494795b3bd94fCquWKSNb02', 'https://kol-fans.fp.ps.netease.com/file/5d54f4fda7f252af5739ae21MIxR1PEa02', 'https://kol-fans.fp.ps.netease.com/file/5d54f4fe96dee43cf4041166oxrEk5QZ02']",2019-08-15 06:00:31
碰拳的小手手真是太可爱了！！,,游戏截图,三只哥布林,"['https://kol-fans.fp.ps.netease.com/file/5d54d22096dee452f7a960a72kuViyDU02', 'https://kol-fans.fp.ps.netease.com/file/5d54d2216f04944947c1932cxCuV7AMC02', 'https://kol-fans.fp.ps.netease.com/file/5d54d2212786fd891775f2f6OFSRI2jI02']",2019-08-15 03:31:45
壁纸，啦啦啦,,游戏截图,三只哥布林,"['https://kol-fans.fp.ps.netease.com/file/5d54d1bf8b74278956157383iyiltzfD02', 'https://kol-fans.fp.ps.netease.com/file/5d54d1bf2786fdae665ad7d0r4hbEwxj02', 'https://kol-fans.fp.ps.netease.com/file/5d54d1c0a7f2526624e04e07DuhNssND02', 'https://kol-fans.fp.ps.netease.com/file/5d54d1c08b74278956157385jmBaQmgl02']",2019-08-15 03:30:09
全光遇最坏！,,视频,蓝朋友,['https://kol-fans.fp.ps.netease.com/file/5d5443cea7f25299227388e7wpPkwsEv02'],2019-08-14 17:24:38
真实and虚伪,,游戏截图,18620****04,"['https://kol-fans.fp.ps.netease.com/file/5d5404702786fd79b498f137ryfFUBW802', 'https://kol-fans.fp.ps.netease.com/file/5d5404716f0494c1ce4f187bsDHVEG4S02']",2019-08-14 12:54:09
仰望曾有你的苍穹,,游戏截图,18620****04,['https://kol-fans.fp.ps.netease.com/file/5d5404428b7427ce16560b86pJyoZQ5702'],2019-08-14 12:53:23
同人指绘～,,同人绘,x****inxuruxin,['https://kol-fans.fp.ps.netease.com/file/5d53e3542786fddfaf073850JztOXGqF02'],2019-08-14 10:32:56
蓝蓝的天空，绿绿的草地，快乐的时光,, 快乐小画,18965****17,['https://kol-fans.fp.ps.netease.com/file/5d5392352786fd3c7c93929f5VZsiWLW02'],2019-08-14 04:46:46
水晶晨島意外好看(是顯示bug啦,,游戏截图,Ponta与Genta,"['https://kol-fans.fp.ps.netease.com/file/5d53781a2786fd8d44fffe9dqlaaIoKj02', 'https://kol-fans.fp.ps.netease.com/file/5d53781b96dee42b7056b592u7a6gHNP02', 'https://kol-fans.fp.ps.netease.com/file/5d53781b96dee41628a20c024vrB1HOW02']",2019-08-14 02:55:23
偶然的截圖，好像沒有違和感,,游戏截图,Ponta与Genta,['https://kol-fans.fp.ps.netease.com/file/5d5377082786fda3f01ec6caSHJC0Ut402'],2019-08-14 02:50:49
死亡，重生与新的开始,,游戏截图,s****0663,"['https://kol-fans.fp.ps.netease.com/file/5d52c40c7f9d2a4ecdff77c3tZ25IyMV02', 'https://kol-fans.fp.ps.netease.com/file/5d52c40e6f049481b21847f6vXMkhOyU02', 'https://kol-fans.fp.ps.netease.com/file/5d52c4106f04947def647787mU9eMi7H02', 'https://kol-fans.fp.ps.netease.com/file/5d52c4125e60273231265066VSBssXiU02']",2019-08-13 14:07:23
遇境夕阳,,游戏截图,s****0663,['https://kol-fans.fp.ps.netease.com/file/5d52c3158b7427b09201cb1fdx2JEpiD02'],2019-08-13 14:03:02
🍃,,截图,小红帽,['https://kol-fans.fp.ps.netease.com/file/5d52bd6e6f04943d2f1604851wHtoCDg02'],2019-08-13 13:38:55
你是一缕光，是我最好的相遇。,,游戏截图,柯侑竹,['https://kol-fans.fp.ps.netease.com/file/5d52aaef8b74274821d74a28j0XBr24h02'],2019-08-13 12:19:59
温暖的灵魂终将相遇,,同人绘,夏雨,['https://kol-fans.fp.ps.netease.com/file/5d529c585e602721f5bf0657LZKPcTGv02'],2019-08-13 11:17:45
感谢我遇到了你,,同人绘,夏雨,['https://kol-fans.fp.ps.netease.com/file/5d529ba1143cfabd9a5666e149iZMGBt02'],2019-08-13 11:14:42
《欢迎来到光遇》用超清粘土做的小人，第一次做，做得有些粗糙(#^.^#),,手作,15088****85,"['https://kol-fans.fp.ps.netease.com/file/5d52013b7f9d2a52d9ae8458GriOuRm602', 'https://kol-fans.fp.ps.netease.com/file/5d52013b2786fd1ec1fc393faKccsOvx02']",2019-08-13 00:15:56
是陪伴呀,,同人绘,13823****73,['https://kol-fans.fp.ps.netease.com/file/5d516c4b96dee4362c87bcb1HzBqagTT02'],2019-08-12 13:40:28
画了两只小可爱~参加官方壁纸大赛啦~💕,,同人绘,软兔子o,"['https://kol-fans.fp.ps.netease.com/file/5d5135bb6f0494014388a8e5qa0a8x9c02', 'https://kol-fans.fp.ps.netease.com/file/5d5135bb8b7427bd7ca81b45i0c3eQtG02']",2019-08-12 09:47:40
来生还要在一起,,游戏截图,18330****56,"['https://kol-fans.fp.ps.netease.com/file/5d50f624a7f252084318e3b9cDj1UwFE02', 'https://kol-fans.fp.ps.netease.com/file/5d50f6247f9d2ad83a8a003bwlvU7cuG02', 'https://kol-fans.fp.ps.netease.com/file/5d50f625a7f2524f252702b1gqUi1VVU02', 'https://kol-fans.fp.ps.netease.com/file/5d50f6257f9d2ae72e623872mUiiwMCE02']",2019-08-12 05:16:22
you will always be my love,,游戏截图,我的手可以不要了,"['https://kol-fans.fp.ps.netease.com/file/5d50dacc143cfad00676559bjtecRabV02', 'https://kol-fans.fp.ps.netease.com/file/5d50dacd5e60271e2708cc57HkikdRii02']",2019-08-12 03:19:42
遇见最美的风景,,游戏截图,蓝若生,['https://kol-fans.fp.ps.netease.com/file/5d50b63c2786fd2c43335348ty0AdtJs02'],2019-08-12 00:43:41
旅途,,游戏截图,15526****25,"['https://kol-fans.fp.ps.netease.com/file/5d5040ed96dee44acd28935eYIVRK5x702', 'https://kol-fans.fp.ps.netease.com/file/5d5040eea7f25294134e2dc6w0IKWUY002']",2019-08-11 16:23:10
追光者MV 光遇剪辑,,视频,ʚ光之后裔ɞ,['https://kol-fans.fp.ps.netease.com/file/5d5018e196dee422a5506cafsTcfyCPw02'],2019-08-11 13:32:25
光和你和我,,游戏截图,13689****38,"['https://kol-fans.fp.ps.netease.com/file/5d4ffd46a7f252137256ab47Br6ZQYyh02', 'https://kol-fans.fp.ps.netease.com/file/5d4ffd485e6027c03be791c3Viu3Z0Ak02', 'https://kol-fans.fp.ps.netease.com/file/5d4ffd4a6f0494c72d32d989B8oM0QYQ02']",2019-08-11 11:34:35
指绘丫,,同人绘,18268****05,['https://kol-fans.fp.ps.netease.com/file/5d4ff3c88b7427de18620195lyzk794W02'],2019-08-11 10:54:00
穿过这扇门，再见便是下一世,,游戏截图,三月风,"['https://kol-fans.fp.ps.netease.com/file/5d4f95185e6027116d58a77biW2t5elQ02', 'https://kol-fans.fp.ps.netease.com/file/5d4f95186f04948f676f0165V2CNSJz702', 'https://kol-fans.fp.ps.netease.com/file/5d4f95186f04948f676f01662IPJOXJH02', 'https://kol-fans.fp.ps.netease.com/file/5d4f951996dee4eda83d0d23J4Dc9hpV02']",2019-08-11 04:10:02
云野一日游,,游戏截图,三月风,"['https://kol-fans.fp.ps.netease.com/file/5d4f7325a7f2524be422b38cMg6c2d7b02', 'https://kol-fans.fp.ps.netease.com/file/5d4f73258b74275fb41da0d5rUgNZfic02', 'https://kol-fans.fp.ps.netease.com/file/5d4f73255e60273e3547d975lRZiFr6L02', 'https://kol-fans.fp.ps.netease.com/file/5d4f73257f9d2a7aa123dc70CeJiH8ww02']",2019-08-11 01:45:10
乌鸦坐飞机,,游戏截图,山,['https://kol-fans.fp.ps.netease.com/file/5d4f610f6f049436b2d3603aR6fkPli602'],2019-08-11 00:28:00
往后余生,,游戏截图,c****1982105,['https://kol-fans.fp.ps.netease.com/file/5d4ecbc47f9d2a9f3f4bc3380eJ7j7a402'],2019-08-10 13:51:01
欢迎光临我的开心,,游戏截图,2****208,['https://kol-fans.fp.ps.netease.com/file/5d4ec7a9a7f252d4cabb0bc3sAu7scPe02'],2019-08-10 13:33:30
温暖的灵魂终将相遇,,游戏截图,2****208,"['https://kol-fans.fp.ps.netease.com/file/5d4ec1422786fd3dcbf0b6aeOXicKfo802', 'https://kol-fans.fp.ps.netease.com/file/5d4ec1425e602755839fa137krqdEqzR02']",2019-08-10 13:06:11
星星和月亮会不会互道晚安,,游戏截图,2****208,"['https://kol-fans.fp.ps.netease.com/file/5d4ebcfea7f2529c8d0c6d7az9yJEj9e02', 'https://kol-fans.fp.ps.netease.com/file/5d4ebcfe8b7427c362b8a4c9IuTfgqzQ02', 'https://kol-fans.fp.ps.netease.com/file/5d4ebcfe143cfad60f002e1ePbBtPJbS02']",2019-08-10 12:47:59
【爱人蜜语】若时光是醉世烟花，你能否与我共看璀璨风华。,,游戏截图,兰子,['https://kol-fans.fp.ps.netease.com/file/5d4e263596dee468e00f02e1jikR0OD402'],2019-08-10 02:04:37
光是遇见你就很幸运…一起牵手觅光之行！,,游戏截图,麋鹿ikwen,"['https://kol-fans.fp.ps.netease.com/file/5d4d1c256f049487dab853d6INRoorou02', 'https://kol-fans.fp.ps.netease.com/file/5d4d1c257f9d2a84f9d762b21Vmue4C902', 'https://kol-fans.fp.ps.netease.com/file/5d4d1c258b7427e7e6d0fdc22hi270Wc02', 'https://kol-fans.fp.ps.netease.com/file/5d4d1c256f049486bfd9358c5iPaZ62902']",2019-08-09 07:09:26
【丙烯 手绘】可爱小矮人『完整版』,,同人绘,小黄鸭,"['https://kol-fans.fp.ps.netease.com/file/5d4d13395e60278e03f9af6c4qzQWA4902', 'https://kol-fans.fp.ps.netease.com/file/5d4d133a8b7427e7e6d0f399TNuoqqNw02']",2019-08-09 06:31:22
【爱人蜜语】七夕作品投稿,,游戏截图,ʚ光之后裔ɞ,['https://kol-fans.fp.ps.netease.com/file/5d4cf3137f9d2a66760dfae4TFUj7p5W02'],2019-08-09 04:14:12
"带着勇者的记忆开始新生——勇敢的心,永远的在",,同人文,ʚ光之后裔ɞ,['https://kol-fans.fp.ps.netease.com/file/5d4cf02ba7f252f1a69cd0efyiQikTlB02'],2019-08-09 04:02:06
谁说无脸丑的？世俗的眼光,,游戏截图,18330****56,['https://kol-fans.fp.ps.netease.com/file/5d4c55076f049477ed23e3605wNjMsyE02'],2019-08-08 16:59:52
累了坐会8,,游戏截图,融化的无情黄油,"['https://kol-fans.fp.ps.netease.com/file/5d4c3496a7f2524748f67c13IyjKciUB02', 'https://kol-fans.fp.ps.netease.com/file/5d4c3497a7f25261fc32a126j5BDYSr402']",2019-08-08 14:41:27
月亮和星星会不会互道心事？,,超美,2****208,"['https://kol-fans.fp.ps.netease.com/file/5d4c01c6143cfad9137c0f97SfEAIeIE02', 'https://kol-fans.fp.ps.netease.com/file/5d4c01c6a7f2520494d2b255lRkL4vra02', 'https://kol-fans.fp.ps.netease.com/file/5d4c01c75e6027da6c1e084e6iDVZtaU02']",2019-08-08 11:04:39
在绝境中遇见光,,游戏截图,15837****13,['https://kol-fans.fp.ps.netease.com/file/5d4beae26f0494177894e9a2JbxC64Eh02'],2019-08-08 09:26:59
[光的孩子、在另一头。],,游戏截图,18030****15,['https://kol-fans.fp.ps.netease.com/file/5d4be45396dee4ba7b305b90kcP7dSJI02'],2019-08-08 08:58:59
[陌生人，你也喜欢看海吗？],,游戏截图,18030****15,['https://kol-fans.fp.ps.netease.com/file/5d4be3c25e602701d2afe6dfrmTHcN0R02'],2019-08-08 08:56:35
[以眼泪、以沉默。],,游戏截图,18030****15,['https://kol-fans.fp.ps.netease.com/file/5d4be3377f9d2aecfad307e6LoDeQtiL02'],2019-08-08 08:54:15
[我再一次地伸出手。],,游戏截图,18030****15,['https://kol-fans.fp.ps.netease.com/file/5d4be2dca7f2526e548ed1c8zahwlseZ02'],2019-08-08 08:52:45
﻿我在，等一个人《爱人密语》,,游戏截图,谷安知空,['https://kol-fans.fp.ps.netease.com/file/5d4b7c38143cfae7e9739d5dhIcHV5lA02'],2019-08-08 01:34:49
七夕节我想甜一甜你们。🙈,,同人绘,软兔子o,"['https://kol-fans.fp.ps.netease.com/file/5d4b537e143cfa3b74db9bd7WaeJlUYm02', 'https://kol-fans.fp.ps.netease.com/file/5d4b537f2786fd11224711dd8PWQ0jvE02']",2019-08-07 22:41:03
我能怎么办我也很无奈啊？！,,表情包,13475****09,['https://kol-fans.fp.ps.netease.com/file/5d4adfe07f9d2ad9461f9311iuP0wH3C02'],2019-08-07 14:27:45
遇到皮皮虾从头上路过,,表情包,奈奈,['https://kol-fans.fp.ps.netease.com/file/5d4ac69ba7f252c067c26eb31P8Mk9Tw02'],2019-08-07 12:39:55
七夕节，纪念我和小骚猪的相遇💝,,同人绘,雨里的喵,['https://kol-fans.fp.ps.netease.com/file/5d4abf932786fd1b8992555aMxUcmFmL02'],2019-08-07 12:09:55
风景再美，一个人终究孤独，直至相遇，便是遇见了温暖❤️,,游戏截图,15064****86,"['https://kol-fans.fp.ps.netease.com/file/5d4aaf685e6027b6408cd0d8F4T9QzIk02', 'https://kol-fans.fp.ps.netease.com/file/5d4aaf6a5e6027b266c3d031cE5pNNiI02', 'https://kol-fans.fp.ps.netease.com/file/5d4aaf6b6f0494aa3563a0ebr8oLIcd002', 'https://kol-fans.fp.ps.netease.com/file/5d4aaf6d143cfab7b1173855CVkjt9cC02']",2019-08-07 11:01:08
可爱小矮人,,同人绘,小黄鸭,['https://kol-fans.fp.ps.netease.com/file/5d4aaba77f9d2abc1bfd0b35ifF8oi9702'],2019-08-07 10:44:56
【厚涂】我自己,,同人绘,Eva,['https://kol-fans.fp.ps.netease.com/file/5d4a9c6aa7f252a21cdb6e2aaMi8GO6902'],2019-08-07 09:39:54
有种神圣的感觉,,游戏截图,小黄鸭,"['https://kol-fans.fp.ps.netease.com/file/5d4a994f6f04941402b2d2d0zYYsdkdp02', 'https://kol-fans.fp.ps.netease.com/file/5d4a99505e6027273d7193c7dif4ehVt02']",2019-08-07 09:26:40
【已授权】【作者】小泽野央、烛子,,视频,云野小鸟,['https://kol-fans.fp.ps.netease.com/file/5d4a50397f9d2ab1053521702JHseMyl02'],2019-08-07 04:14:55
【已授权】【作者】搅拌银河,,同人绘,云野小鸟,['https://kol-fans.fp.ps.netease.com/file/5d4a4f83143cfa31f501e158SABwk0gf02'],2019-08-07 04:11:47
【已授权】【作者】搅拌银河,,同人绘,云野小鸟,['https://kol-fans.fp.ps.netease.com/file/5d4a4f737f9d2ab10535208cTfxHgrNw02'],2019-08-07 04:11:31
【已授权】【作者】搅拌银河,,同人绘,云野小鸟,['https://kol-fans.fp.ps.netease.com/file/5d4a4f65143cfa34ced06ee1Bysc7SN602'],2019-08-07 04:11:17
【已授权】【作者】搅拌银河,,同人绘,云野小鸟,['https://kol-fans.fp.ps.netease.com/file/5d4a4f55a7f2520e8602a2da9vLhPehw02'],2019-08-07 04:11:01
【已授权】【作者】搅拌银河,,同人绘,云野小鸟,['https://kol-fans.fp.ps.netease.com/file/5d4a4f462786fd79fc9e7134I3uJXL4d02'],2019-08-07 04:10:46
【已授权】【作者】搅拌银河,,同人绘,云野小鸟,['https://kol-fans.fp.ps.netease.com/file/5d4a4f352786fd711ee2d3f8P0DMTUlf02'],2019-08-07 04:10:30
请问你是来搞笑的吗？冥龙,,游戏截图,小天Sky,"['https://kol-fans.fp.ps.netease.com/file/5d4989e15e6027e43226dca9SR1dtzyY02', 'https://kol-fans.fp.ps.netease.com/file/5d4989e1143cfae4d008fe26diw3QiqX02']",2019-08-06 14:08:33
如果等不到 那就再等十几万万次 ,,游戏截图,13188****45,"['https://kol-fans.fp.ps.netease.com/file/5d494074143cfaefa9ae7991rEBRJ1qJ02', 'https://kol-fans.fp.ps.netease.com/file/5d4940765e6027dc0e677feaiiwmJj1D02', 'https://kol-fans.fp.ps.netease.com/file/5d4940785e6027eaec344ed4APK8dcY702', 'https://kol-fans.fp.ps.netease.com/file/5d49407ba7f252f0c80d471dYEqRINwF02']",2019-08-06 08:55:29
光遇服饰摸鱼 同人 ,,同人绘,15120****41,['https://kol-fans.fp.ps.netease.com/file/5d48dc432786fd236a15be91Yl61RNA202'],2019-08-06 01:47:48
属于我一个人的旅途,,游戏截图,融化的无情黄油,"['https://kol-fans.fp.ps.netease.com/file/5d48322f96dee44899033e7bpFLWsFLZ02', 'https://kol-fans.fp.ps.netease.com/file/5d48322f6f04944efbc3552f6aRRN54h02', 'https://kol-fans.fp.ps.netease.com/file/5d48322f96dee44d02cf8959j4qPqcp402', 'https://kol-fans.fp.ps.netease.com/file/5d48322f5e602718bd084c6dkmwRmBOk02']",2019-08-05 13:42:09
4人一起，冲破风暴,,游戏截图,小天Sky,"['https://kol-fans.fp.ps.netease.com/file/5d482def5e6027f9bf5fda50Yq9RfV5G02', 'https://kol-fans.fp.ps.netease.com/file/5d482df06f04941308bcf59fE7li0FLf02', 'https://kol-fans.fp.ps.netease.com/file/5d482df02786fd2118f666e5Vr85kmNX02', 'https://kol-fans.fp.ps.netease.com/file/5d482df08b7427b0e55b07a1vfsgCg5T02']",2019-08-05 13:24:01
叠罗汉,,游戏截图,小天Sky,"['https://kol-fans.fp.ps.netease.com/file/5d482d7f96dee41d3babd836LDKtXh7m02', 'https://kol-fans.fp.ps.netease.com/file/5d482d7f143cfa2e5bcf6425XAkGJxJY02']",2019-08-05 13:22:08
聚是一团火，散是满天星,,游戏截图,13182****52,['https://kol-fans.fp.ps.netease.com/file/5d482d656f04940cb6ec013cdFhBcsLE02'],2019-08-05 13:21:43
遇到师傅了，哈哈,,游戏截图,小天Sky,['https://kol-fans.fp.ps.netease.com/file/5d482d426f04941308bcf508Oe3VM78C02'],2019-08-05 13:21:06
雙子太帥了吧,,游戏截图,Ponta与Genta,"['https://kol-fans.fp.ps.netease.com/file/5d47ec195e602732ba54f638rBViwA9Y02', 'https://kol-fans.fp.ps.netease.com/file/5d47ec1a7f9d2ab4d4ee0688vqixUcf702']",2019-08-05 08:43:06
背影们,,游戏截图,18013****98,"['https://kol-fans.fp.ps.netease.com/file/5d47e958143cfa59d0bf354d7ikoUuKs02', 'https://kol-fans.fp.ps.netease.com/file/5d47e9587f9d2ad7cfd606fekOA7XWmK02', 'https://kol-fans.fp.ps.netease.com/file/5d47e958143cfa63606fe9a6oNrHDOBM02', 'https://kol-fans.fp.ps.netease.com/file/5d47e9592786fd8c85f1f608PwioRcWb02']",2019-08-05 08:31:21
一日变化,,游戏截图,nana,"['https://kol-fans.fp.ps.netease.com/file/5d47dcaf7f9d2a668d54c4b7iNK7WQcl02', 'https://kol-fans.fp.ps.netease.com/file/5d47dcaf6f0494819182ad6eqwUFHQ1O02', 'https://kol-fans.fp.ps.netease.com/file/5d47dcb05e6027de0cee725dlMG1BMWB02']",2019-08-05 07:37:20
云野一日游（内附各种小发现）,,游戏截图,nana,"['https://kol-fans.fp.ps.netease.com/file/5d47dba796dee4031184aafecv7DEXS502', 'https://kol-fans.fp.ps.netease.com/file/5d47dba7a7f2520c427c00dcbA3IpHuF02', 'https://kol-fans.fp.ps.netease.com/file/5d47dba87f9d2a7ddee0a3a5RBK00Qoi02', 'https://kol-fans.fp.ps.netease.com/file/5d47dba896dee41125d65741QWdFkqx202']",2019-08-05 07:32:57
Pixel child of light,,同人绘,bickman,['https://kol-fans.fp.ps.netease.com/file/5d47a833143cfae8b6e6ca96vI4MURA102'],2019-08-05 03:53:23
从一家亲子郊游到与先祖的挑战（本故事纯属虚构）,,游戏截图,TOYO,"['https://kol-fans.fp.ps.netease.com/file/5d471d22143cfa18818c7c53MztF4lB202', 'https://kol-fans.fp.ps.netease.com/file/5d471d2296dee434b4c8971aOe5ZF0lH02', 'https://kol-fans.fp.ps.netease.com/file/5d471d237f9d2a3a373638a220wJT5iE02', 'https://kol-fans.fp.ps.netease.com/file/5d471d248b7427bf648122b75A6H2mAC02']",2019-08-04 18:00:04
《sky-光·遇》温暖的灵魂终将相遇。💕,,游戏截图,软兔子o,"['https://kol-fans.fp.ps.netease.com/file/5d46a3735e6027d47387fff89G5UkMiW02', 'https://kol-fans.fp.ps.netease.com/file/5d46a37496dee46855b8cddcR0DKmXax02', 'https://kol-fans.fp.ps.netease.com/file/5d46a375143cfa4649dd2bdd9gRkwjGV02']",2019-08-04 09:20:53
愿撷天上星，赠与心上人。❤️,,星,星海海星,['https://kol-fans.fp.ps.netease.com/file/5d4684c95e60278a912d47dbKwcR1Y7z02'],2019-08-04 07:10:01
行动小队出发！,,游戏截图,三月风,"['https://kol-fans.fp.ps.netease.com/file/5d466d73a7f25212ee17c77fzqJxouH402', 'https://kol-fans.fp.ps.netease.com/file/5d466d735e6027faa49772caww8IP4XK02', 'https://kol-fans.fp.ps.netease.com/file/5d466d735e6027f577d958ceAsvxoPOC02', 'https://kol-fans.fp.ps.netease.com/file/5d466d73143cfa13a9c8ef88ea519vAx02']",2019-08-04 05:30:29
星汉灿烂，藏于禁阁。✨（内含竖图哦）,,禁阁,星海海星,"['https://kol-fans.fp.ps.netease.com/file/5d45b19f5e60271ff48b2d45VfG35Trk02', 'https://kol-fans.fp.ps.netease.com/file/5d45b1a46f04940877489d89T14PFrZL02', 'https://kol-fans.fp.ps.netease.com/file/5d45b1a75e6027126a3f9a83lJVVPUTR02', 'https://kol-fans.fp.ps.netease.com/file/5d45b1a7143cfa4d6a3e5ec2FdxbTjN302']",2019-08-03 16:09:13
风景真的是好看啊,,游戏截图,星海海星,"['https://kol-fans.fp.ps.netease.com/file/5d4596c67f9d2a09f2028f74or1PfOMm02', 'https://kol-fans.fp.ps.netease.com/file/5d4596c62786fdadab8677e1ezjVzxJu02', 'https://kol-fans.fp.ps.netease.com/file/5d4596c88b7427674a205d80pNliA0yF02', 'https://kol-fans.fp.ps.netease.com/file/5d4596c87f9d2aca3a59c3b6l2TxsUlJ02']",2019-08-03 14:14:35
我们一起看夕阳,,游戏截图,三月风,"['https://kol-fans.fp.ps.netease.com/file/5d458eb97f9d2ad9d934fdc4Tmi6PBI702', 'https://kol-fans.fp.ps.netease.com/file/5d458eb95e6027330eede3acRtraLpWI02', 'https://kol-fans.fp.ps.netease.com/file/5d458eb996dee4d566708ba22MzhRjCi02']",2019-08-03 13:40:10
是烟火还是星空,,游戏截图,芈斯,['https://kol-fans.fp.ps.netease.com/file/5d456b1e5e60275fe617ed18UApyWUVs02'],2019-08-03 11:08:15
霞谷角斗场,,游戏截图,18610****15,"['https://kol-fans.fp.ps.netease.com/file/5d4563c7143cfa7f9423120aFjuZ3lNE02', 'https://kol-fans.fp.ps.netease.com/file/5d4563cc96dee49d4d991b6cqygSgNDc02', 'https://kol-fans.fp.ps.netease.com/file/5d4563d82786fd90bdb41a9cI7i9t5N302', 'https://kol-fans.fp.ps.netease.com/file/5d4563df7f9d2ad8e6c97854ZvzlMi2p02']",2019-08-03 10:37:21
我和我的小伙伴（求偶遇,,游戏截图,w****789102,"['https://kol-fans.fp.ps.netease.com/file/5d44f05a6f049473b52f575cwaP0eAJW02', 'https://kol-fans.fp.ps.netease.com/file/5d44f05a143cfae7a974091dqDxRJiIk02', 'https://kol-fans.fp.ps.netease.com/file/5d44f05a5e6027a07c0fcdc1l6i4cLgJ02', 'https://kol-fans.fp.ps.netease.com/file/5d44f05aa7f25201bd4921456X70qyQ602']",2019-08-03 02:24:28
海风,,游戏截图,奈白,['https://kol-fans.fp.ps.netease.com/file/5d44daba96dee498ead888bakuPrx7SR02'],2019-08-03 00:52:11
一起去看彩虹桥,,游戏截图,13148****91,"['https://kol-fans.fp.ps.netease.com/file/5d44c7f46f04946f2f541690MqXBdWX402', 'https://kol-fans.fp.ps.netease.com/file/5d44c7f596dee477cdcf92f4XWeli4Y802', 'https://kol-fans.fp.ps.netease.com/file/5d44c7f5143cfafc1923a2ect8UxYucx02', 'https://kol-fans.fp.ps.netease.com/file/5d44c7f56f049477ef37a113AZ30NgkZ02']",2019-08-02 23:32:06
光遇最棒,,游戏截图,13148****91,"['https://kol-fans.fp.ps.netease.com/file/5d44c77a8b742768878b2cdaFgMFGquo02', 'https://kol-fans.fp.ps.netease.com/file/5d44c77a7f9d2aabcfddb0faZCZK1APa02', 'https://kol-fans.fp.ps.netease.com/file/5d44c77a7f9d2ab8184a6c65GabRHdhJ02']",2019-08-02 23:30:03
夕阳,,游戏截图,13798****89,['https://kol-fans.fp.ps.netease.com/file/5d4458da2786fda043f5bf967mAcoopc02'],2019-08-02 15:38:03
一去不回,,游戏截图,亮晶晶,['https://kol-fans.fp.ps.netease.com/file/5d4453485e60276d25c0a94dup6vjkPz02'],2019-08-02 15:14:16
仲夏夜之梦,,游戏截图,m****0947149,['https://kol-fans.fp.ps.netease.com/file/5d444f6e5e60276f1c0b73a1zRj5piRx02'],2019-08-02 14:57:51
这几个人欺负我不会弹！！,,游戏截图,鲈鱼,"['https://kol-fans.fp.ps.netease.com/file/5d444b3e143cfa7046d2e6a2uUXz97sP02', 'https://kol-fans.fp.ps.netease.com/file/5d444b428b742754d8f96655pFImaZ4l02', 'https://kol-fans.fp.ps.netease.com/file/5d444b458b742729e36d6d8fdUVNq67902']",2019-08-02 14:40:06
冲冲冲！,,游戏截图,鲈鱼,['https://kol-fans.fp.ps.netease.com/file/5d444a232786fd635cebf313EIXmMiV702'],2019-08-02 14:35:16
《梦开始的地方》：没有光末路凭目光照明，火花擦碎后更加丰盛。风清了，云淡了；梦醒了，看透了。捧一把阳光洒在脸上，怀着透心的暖，继续勾勒人生的轨迹。,,同人绘,18277****70,['https://kol-fans.fp.ps.netease.com/file/5d4449e2143cfa653c0f8101BriGHiiH02'],2019-08-02 14:34:11
一起看云海,,游戏截图,m****0947149,['https://kol-fans.fp.ps.netease.com/file/5d4444fc143cfad718e745143WzDttSo02'],2019-08-02 14:13:16
光遇之美,,游戏截图,三月风,"['https://kol-fans.fp.ps.netease.com/file/5d44352f2786fdfdae307b9cjFSPatdp02', 'https://kol-fans.fp.ps.netease.com/file/5d44352f6f04940aa6f70afeHwUY9tFB02', 'https://kol-fans.fp.ps.netease.com/file/5d44352f96dee47e351e1386MiuEYwiI02', 'https://kol-fans.fp.ps.netease.com/file/5d44352f6f0494cadd03bd6bMptuFbEY02']",2019-08-02 13:05:52
夕阳无限好，只是近黄昏,,游戏截图,18962****70,"['https://kol-fans.fp.ps.netease.com/file/5d4434c35e6027bfdf7ac4f9TFareTXE02', 'https://kol-fans.fp.ps.netease.com/file/5d4434c37f9d2a0c8429b4b6V7LctbHY02']",2019-08-02 13:04:04
感谢这个月陪伴我的你们，谢谢你们陪我看晨岛的钟声，云野的金塔，雨林的白鸟，霞谷的彩霞，墓土的虾蟹，禁阁的辰星❤ ,,游戏截图,13548****29,"['https://kol-fans.fp.ps.netease.com/file/5d441e2ca7f2522ee4e7423bbtRRGTOu02', 'https://kol-fans.fp.ps.netease.com/file/5d441e2e96dee4c5a4509491NdZQyskD02', 'https://kol-fans.fp.ps.netease.com/file/5d441e2f8b74275a2d8fe829xwfE1Me202', 'https://kol-fans.fp.ps.netease.com/file/5d441e326f0494a63da73164MskZzQUQ02']",2019-08-02 11:27:50
一起飞～,,同人绘,a****139166,['https://kol-fans.fp.ps.netease.com/file/5d439f322786fdbb37b68890QqJXkQeB02'],2019-08-02 02:25:55
邂逅～,,同人绘,a****139166,['https://kol-fans.fp.ps.netease.com/file/5d439f115e60274cea6fc636wmxYt5RL02'],2019-08-02 02:25:21
舞动光遇,,视频,蓝朋友,['https://kol-fans.fp.ps.netease.com/file/5d4303a596dee42e6aacb6dc0KvKpF9z02'],2019-08-01 15:22:19
光遇细胞,,视频,蓝朋友,['https://kol-fans.fp.ps.netease.com/file/5d4303135e60271c774b16d1NlcifcrS02'],2019-08-01 15:19:49
今日份的开心 六仙女小队,,Xiu～,18682****08,"['https://kol-fans.fp.ps.netease.com/file/5d42e18a7f9d2a0f7fdb1e95gMHMomJL02', 'https://kol-fans.fp.ps.netease.com/file/5d42e18a8b74278410a2a005vSF5Ue6y02', 'https://kol-fans.fp.ps.netease.com/file/5d42e18a5e602777694d9246O7CpDWvY02', 'https://kol-fans.fp.ps.netease.com/file/5d42e18a96dee456df8981fbMQdtGGzH02']",2019-08-01 12:56:43
遇见你,,游戏截图,d****iaokui,['https://kol-fans.fp.ps.netease.com/file/5d42dca216b6d465ddb9c496S4e31MkF02'],2019-08-01 12:35:46
biu～,,烟花,18682****08,['https://kol-fans.fp.ps.netease.com/file/5d42ca3e143cfa24f6c18b20zmP7Mk3c02'],2019-08-01 11:17:18
真香,,吃螃蟹咯,18682****08,"['https://kol-fans.fp.ps.netease.com/file/5d42c9785e6027dcb22af629KUrDLiaF02', 'https://kol-fans.fp.ps.netease.com/file/5d42c97916b6d402d14be1bdyKqSfmNX02']",2019-08-01 11:14:01
﻿每一张真实截图都可以是封面,,游戏截图,山,['https://kol-fans.fp.ps.netease.com/file/5d42b1615e602739b5960513X4S93JeN02'],2019-08-01 09:31:13
我的光遇,,同人绘,可爱的小yan,['https://kol-fans.fp.ps.netease.com/file/5d422a876f0494a8994b1294O41hb5vV02'],2019-07-31 23:55:52
我的光遇,,同人绘,可爱的小yan,['https://kol-fans.fp.ps.netease.com/file/5d4225a85e6027c60b7f2ee4HJP6diyt02'],2019-07-31 23:35:04
我的光遇,,同人绘,可爱的小yan,['https://kol-fans.fp.ps.netease.com/file/5d4225907f9d2ae725c2b365MXPYzgjk02'],2019-07-31 23:34:41
光遇cos,,Cosplay,18810****62,['https://kol-fans.fp.ps.netease.com/file/5d41bd8b7f9d2aa073fbbb92F9mCS6SV02'],2019-07-31 16:10:52
夜聚,,游戏截图,忘之,['https://kol-fans.fp.ps.netease.com/file/5d41b585143cfa4be2b024e5FX7i7whq02'],2019-07-31 15:36:37
重生后，一起看月亮,,同人绘,吟游诗人Kevin,['https://kol-fans.fp.ps.netease.com/file/5d417148143cfa8fc2327dff6s1vOslN02'],2019-07-31 10:45:29
遇见光❤遇见你,,同人文,ナナミ,['https://kol-fans.fp.ps.netease.com/file/5d410e7b2786fda8a49f1d40uzqx4KjH02'],2019-07-31 03:44:16
大神带飞的过程,,游戏截图,岱瑶,"['https://kol-fans.fp.ps.netease.com/file/5d40fa5896dee40262dd2296IEmi823H02', 'https://kol-fans.fp.ps.netease.com/file/5d40fa585e60274a1d579fd5MAB7YZuK02', 'https://kol-fans.fp.ps.netease.com/file/5d40fa582786fd0ab4d43e62lDdZergU02', 'https://kol-fans.fp.ps.netease.com/file/5d40fa587f9d2ab7498c1d6b3QacWDye02']",2019-07-31 02:18:00
我也找到了彩虹🌈墙,,游戏截图,18330****56,"['https://kol-fans.fp.ps.netease.com/file/5d40a19296dee42a7776223dr54LcpqW02', 'https://kol-fans.fp.ps.netease.com/file/5d40a1928b742774be1ef88fVjiESGZc02', 'https://kol-fans.fp.ps.netease.com/file/5d40a1928b742760600be275jb3tOybJ02']",2019-07-30 19:59:15
从大风里来,,游戏截图,山,['https://kol-fans.fp.ps.netease.com/file/5d4082458b742760600bdbe6yP8lMKxE02'],2019-07-30 17:45:42
最好的友谊,,觅路,觅路,"['https://kol-fans.fp.ps.netease.com/file/5d406a3fa7f25286f9a647f5i7VSJjwc02', 'https://kol-fans.fp.ps.netease.com/file/5d406a40a7f25286f9a647f8SvVdHDRJ02']",2019-07-30 16:03:12
暴风雨之后发现墓土也不是那么可怕了......,,游戏截图,nana,"['https://kol-fans.fp.ps.netease.com/file/5d404fc25e60279662afe58ckomcJtxC02', 'https://kol-fans.fp.ps.netease.com/file/5d404fc22786fd1c096449c2DvCEX0KQ02', 'https://kol-fans.fp.ps.netease.com/file/5d404fc38b74273bf89ecd370d842STO02', 'https://kol-fans.fp.ps.netease.com/file/5d404fc4143cfa3876112171sRxMYfbl02']",2019-07-30 14:10:15
和朋友的快乐时光～,,同人绘,晴N,['https://kol-fans.fp.ps.netease.com/file/5d3fe99c2786fd277957c0acvrUYmIq702'],2019-07-30 06:54:21
温暖的抱抱～,,游戏截图,m****3127041,"['https://kol-fans.fp.ps.netease.com/file/5d3f42dc143cfa6b2328bb06Gg9oXAAB02', 'https://kol-fans.fp.ps.netease.com/file/5d3f42dd2786fdec0c389a7ePzcIeZkB02', 'https://kol-fans.fp.ps.netease.com/file/5d3f42dd7f9d2a270bd151ab6MQ8GOii02', 'https://kol-fans.fp.ps.netease.com/file/5d3f42dd143cfa6b2328bb07DKis41Tz02']",2019-07-29 19:02:54
终于把狗子召唤出来了,,游戏截图,18330****56,"['https://kol-fans.fp.ps.netease.com/file/5d3f2e935e60272b85a866504I4GvO5602', 'https://kol-fans.fp.ps.netease.com/file/5d3f2e9496dee46968fcacfceU3bGEjY02', 'https://kol-fans.fp.ps.netease.com/file/5d3f2e9496dee4a2224a7325z4SrOCJk02', 'https://kol-fans.fp.ps.netease.com/file/5d3f2e94143cfa0f07040d33oKpA2HGI02']",2019-07-29 17:36:20
终焉，始焉。,,视频,逆风,['https://kol-fans.fp.ps.netease.com/file/5d3f1d6c143cfabf375bd7e1Iicwiigd02'],2019-07-29 16:23:14
邂逅彩虹,,游戏截图,18610****15,['https://kol-fans.fp.ps.netease.com/file/5d3f19f8143cfa8ac8ddf0a1xq9uiAfm02'],2019-07-29 16:08:24
Love story,,游戏截图,18610****15,['https://kol-fans.fp.ps.netease.com/file/5d3f19c6a7f2520f53c9dc3f1GeUid6x02'],2019-07-29 16:07:35
我佛慈悲,,游戏截图,18610****15,"['https://kol-fans.fp.ps.netease.com/file/5d3f19725e6027f69960523fp2EWXS2302', 'https://kol-fans.fp.ps.netease.com/file/5d3f1972143cfa88d686fc76Q1AhrJrM02', 'https://kol-fans.fp.ps.netease.com/file/5d3f19735e6027e209c5575fu7btMI2i02']",2019-07-29 16:06:11
夕阳躺一躺,,游戏截图,忘之,['https://kol-fans.fp.ps.netease.com/file/5d3eebd25e602799bbdf956dR0oQ1kiu02'],2019-07-29 12:51:30
墓土上空也是漫天星光呢！,,游戏截图,忘之,['https://kol-fans.fp.ps.netease.com/file/5d3eeb776f04943a8116ba6ewRdkLGmc02'],2019-07-29 12:49:59
啊啊啊啊突然出现,,游戏截图,忘之,['https://kol-fans.fp.ps.netease.com/file/5d3eeb266f04943fbc9bbb3aQJiFv6Oz02'],2019-07-29 12:48:39
我的小可爱们,,游戏截图,18757****94,"['https://kol-fans.fp.ps.netease.com/file/5d3edafaa7f252ef2400b2ebWijiiqUL02', 'https://kol-fans.fp.ps.netease.com/file/5d3edafa6f04944a794e501eliuqPU8402']",2019-07-29 11:39:38
光与你同在,,游戏截图,18757****94,['https://kol-fans.fp.ps.netease.com/file/5d3edaae8b74274111cc699fWD0QUwIV02'],2019-07-29 11:38:22
向死而生,,游戏截图,18650****80,['https://kol-fans.fp.ps.netease.com/file/5d3eb78ba7f25219fc01b259kmU7Ra5s02'],2019-07-29 09:08:27
异地恋情侣的第一场环游旅行,,游戏截图,Ponta与Genta,"['https://kol-fans.fp.ps.netease.com/file/5d3eb5d65e602751a557bff7qQ3BV3yM02', 'https://kol-fans.fp.ps.netease.com/file/5d3eb5d68b742792675047b58MvfIIzI02', 'https://kol-fans.fp.ps.netease.com/file/5d3eb5d68b74275b550dd9e8Xs5b5thP02', 'https://kol-fans.fp.ps.netease.com/file/5d3eb5d6143cfae8dc6fa8ebp3Tf281P02']",2019-07-29 09:01:11
光·遇,,诗歌,吟游诗人Kevin,"['https://kol-fans.fp.ps.netease.com/file/5d3e71656f0494389697e988Amo3RRc902', 'https://kol-fans.fp.ps.netease.com/file/5d3e71655e6027d55c66909eh7DGpXZY02', 'https://kol-fans.fp.ps.netease.com/file/5d3e71667f9d2a9828aac794aJtGfRZz02', 'https://kol-fans.fp.ps.netease.com/file/5d3e71677f9d2a87db7e79374i8SRB6x02']",2019-07-29 04:09:12
感谢有你们一直在,,游戏截图,吃酒酒,"['https://kol-fans.fp.ps.netease.com/file/5d3e710ea7f2524febe216534oowfYpc02', 'https://kol-fans.fp.ps.netease.com/file/5d3e71108b742730ea96bd8d1lsAbXei02', 'https://kol-fans.fp.ps.netease.com/file/5d3e7111a7f252d5ffa73b78PcZPmckr02']",2019-07-29 04:07:46
诗作《伊甸·涅槃》,,诗歌,吟游诗人Kevin,"['https://kol-fans.fp.ps.netease.com/file/5d3e6ee67f9d2a65c1142cc4Q2TCGFmq02', 'https://kol-fans.fp.ps.netease.com/file/5d3e6ee65e6027cbe99a6457AUq9yWQi02']",2019-07-29 03:58:31
似此星辰非昨夜，为谁风露立中宵,,游戏截图,mhryeon,"['https://kol-fans.fp.ps.netease.com/file/5d3e5a8d96dee4afa6500859SXFqkd1502', 'https://kol-fans.fp.ps.netease.com/file/5d3e5a8e6f0494a7ab6dec673KoQ9arD02', 'https://kol-fans.fp.ps.netease.com/file/5d3e5a8e143cfa18c3806a76Y8CXeF7t02', 'https://kol-fans.fp.ps.netease.com/file/5d3e5a8e96dee4a3c955a64cIvSEoD1F02']",2019-07-29 02:31:42
自从有了这个动作就不会好好站着了,,游戏截图,哔哔哔,['https://kol-fans.fp.ps.netease.com/file/5d3df5915e602725413d3689KPCNLYKa02'],2019-07-28 19:20:50
飘翔,,游戏截图,z****zy061024,['https://kol-fans.fp.ps.netease.com/file/5d3d82916f0494c5726d9c02bEAKVbbA02'],2019-07-28 11:10:10
迎风,,游戏截图,z****zy061024,['https://kol-fans.fp.ps.netease.com/file/5d3d825d2786fd8c82c02181RqsaUBLA02'],2019-07-28 11:09:18
再是一个人的旅行,,游戏截图,nana,"['https://kol-fans.fp.ps.netease.com/file/5d3d2f4d5e6027f5a9ba5cb2zQJH2d7W02', 'https://kol-fans.fp.ps.netease.com/file/5d3d2f4ea7f252f6a7491c5aiUGxdizZ02', 'https://kol-fans.fp.ps.netease.com/file/5d3d2f4e96dee4737dea31aaRTdUUQJb02', 'https://kol-fans.fp.ps.netease.com/file/5d3d2f4e6f049457fff58b84gLPBPVd602']",2019-07-28 05:14:55
像素场景,,同人绘,333没2超级大蛛精,['https://kol-fans.fp.ps.netease.com/file/5d3cfc165e6027b4548f83859YBohcoN02'],2019-07-28 01:36:22
❤️,,游戏截图,02,"['https://kol-fans.fp.ps.netease.com/file/5d3c1a0c143cfaf50455f0ceoqzC9HW202', 'https://kol-fans.fp.ps.netease.com/file/5d3c1a0c5e6027b766b143134VPltYHf02', 'https://kol-fans.fp.ps.netease.com/file/5d3c1a0d8b74273deb46f676tapdKNef02']",2019-07-27 09:31:57
在光遇中遇到我的另一半,,视频,c****7,['https://kol-fans.fp.ps.netease.com/file/5d3be21fa7f252933e08c3b9r38ufz9F02'],2019-07-27 05:33:21
又是一个人的旅行,,游戏截图,nana,"['https://kol-fans.fp.ps.netease.com/file/5d3bd1052786fd554af88814hEuc8Lfd02', 'https://kol-fans.fp.ps.netease.com/file/5d3bd1057f9d2a246938fb00ueiFyUTe02', 'https://kol-fans.fp.ps.netease.com/file/5d3bd106143cfa1702d660a3TPrULr2g02', 'https://kol-fans.fp.ps.netease.com/file/5d3bd1065e602756e0e224cdCE6UFdpT02']",2019-07-27 04:20:23
小伙伴们一起来玩奥利奥啊,,游戏截图,沐木木,['https://kol-fans.fp.ps.netease.com/file/5d3bb6542786fdee64394e698aS7CYqZ02'],2019-07-27 02:26:29
月下蝶影,,游戏截图,七秒,['https://kol-fans.fp.ps.netease.com/file/5d3b59a05e6027e649dd2369r3KaS7Vk02'],2019-07-26 19:50:56
在？出来看星星鸭,,一个人的旅途,18682****70,"['https://kol-fans.fp.ps.netease.com/file/5d3abc9f6f04943475889a8bTOgDOCVB02', 'https://kol-fans.fp.ps.netease.com/file/5d3abca05e602742badaa7575PpmIid602', 'https://kol-fans.fp.ps.netease.com/file/5d3abca1143cfa6bf044d412RUeZPJYs02', 'https://kol-fans.fp.ps.netease.com/file/5d3abca28b7427a1901eaf94Zb1CBmb702']",2019-07-26 08:41:09
在？出来看星星鸭,,游戏截图,18682****70,['https://kol-fans.fp.ps.netease.com/file/5d3abb292786fd3842416b2865ErFBEW02'],2019-07-26 08:34:50
遇境戏水，享受夏日清凉,,游戏截图,ʚ光之后裔ɞ,"['https://kol-fans.fp.ps.netease.com/file/5d3aa73796dee4d11dbfbf08L2okCEeC02', 'https://kol-fans.fp.ps.netease.com/file/5d3aa73796dee4d496fc8d436rqVcsOG02', 'https://kol-fans.fp.ps.netease.com/file/5d3aa7375e6027d85a59be433YrDOE1y02']",2019-07-26 07:09:44
抽象派,,游戏截图,18850****66,"['https://kol-fans.fp.ps.netease.com/file/5d3aa34696dee4b1c7eef19eFiiKieyB02', 'https://kol-fans.fp.ps.netease.com/file/5d3aa3477f9d2a91e8065f50voCZZ5zU02', 'https://kol-fans.fp.ps.netease.com/file/5d3aa3492786fdbe6922a669epJL9KaP02']",2019-07-26 06:52:58
本航班飞往遇境✈️,,游戏截图,18850****66,['https://kol-fans.fp.ps.netease.com/file/5d3aa2df6f049435f21efdeaFppAibck02'],2019-07-26 06:51:12
火箭发射塔🚀,,游戏截图,18850****66,"['https://kol-fans.fp.ps.netease.com/file/5d3aa17f2786fd881160bc8d7mhcVEUa02', 'https://kol-fans.fp.ps.netease.com/file/5d3aa1802786fdc296cc9b92XpTas8OV02']",2019-07-26 06:45:20
深夜食堂,,游戏截图,18850****66,['https://kol-fans.fp.ps.netease.com/file/5d3aa0fd5e6027a1fe0ebb31TmuYirGv02'],2019-07-26 06:43:09
轩辕驭蟹诀,,游戏截图,18850****66,['https://kol-fans.fp.ps.netease.com/file/5d3aa06d2786fda897ccdff4OivPUhbB02'],2019-07-26 06:40:46
三缺一,,游戏截图,18850****66,['https://kol-fans.fp.ps.netease.com/file/5d3a9e96143cfabb27dfa8d56XifE6Bp02'],2019-07-26 06:32:54
Moment time,,游戏截图,mhryeon,"['https://kol-fans.fp.ps.netease.com/file/5d3a7a105e6027cd463ab014Dgoiqv8o02', 'https://kol-fans.fp.ps.netease.com/file/5d3a7a10a7f25211b970d1699iuONPjx02', 'https://kol-fans.fp.ps.netease.com/file/5d3a7a112786fd0891d01265HhESAPkZ02', 'https://kol-fans.fp.ps.netease.com/file/5d3a7a115e6027cd463ab016PWQ90giM02']",2019-07-26 03:57:05
喜欢一个人在水下待着。色调好看，看着凉快,,游戏截图,锦嘉_Mars,"['https://kol-fans.fp.ps.netease.com/file/5d39cb41a7f252e736b332dd41dtqEG002', 'https://kol-fans.fp.ps.netease.com/file/5d39cb412786fde7573303d9OO9QHFZl02', 'https://kol-fans.fp.ps.netease.com/file/5d39cb425e602745cf0c17a1WsFu2wB202']",2019-07-25 15:31:14
霞谷-夕阳-螺旋飞翔！【好沙雕】,,游戏截图,锦嘉_Mars,"['https://kol-fans.fp.ps.netease.com/file/5d39ca85143cfa4fe0fa71b9MJ4ucm9P02', 'https://kol-fans.fp.ps.netease.com/file/5d39ca8596dee4412d7ff212o9Zu21J302', 'https://kol-fans.fp.ps.netease.com/file/5d39ca858b742758a7177269d7q3prQw02']",2019-07-25 15:28:06
好嗨呦～好开森,,游戏截图,13357****09,"['https://kol-fans.fp.ps.netease.com/file/5d399f835e60272de9419a75fiNS9ka702', 'https://kol-fans.fp.ps.netease.com/file/5d399f83143cfa1f28f38f9bhPdOoFQ602', 'https://kol-fans.fp.ps.netease.com/file/5d399f845e60272328b04ff7m1pmX7fr02', 'https://kol-fans.fp.ps.netease.com/file/5d399f84a7f252d76142a79fdSOjDlFf02']",2019-07-25 12:24:36
在伊甸眼前谈笑风生,,游戏截图,神奇即白,"['https://kol-fans.fp.ps.netease.com/file/5d3973856f049411526c2e93WPpTZ9yr02', 'https://kol-fans.fp.ps.netease.com/file/5d3973855e602705e87c0737PBD4VbJC02']",2019-07-25 09:16:54
一个人的风景,,游戏截图,nana,"['https://kol-fans.fp.ps.netease.com/file/5d39196a6f049417715d94a3GFSxtYHZ02', 'https://kol-fans.fp.ps.netease.com/file/5d39196a7f9d2a47908ca490bS5CNclI02', 'https://kol-fans.fp.ps.netease.com/file/5d39196aa7f25289b7b07953ZRj8UdrJ02', 'https://kol-fans.fp.ps.netease.com/file/5d39196b143cfa19016fc8f3IBYviokk02']",2019-07-25 02:52:30
七人帮霸气出场！,,游戏截图,锦嘉_Mars,"['https://kol-fans.fp.ps.netease.com/file/5d3823df96dee4db0c3c2861ukYuObax02', 'https://kol-fans.fp.ps.netease.com/file/5d3823df8b74277a4ee3fd63o6Dix9Go02', 'https://kol-fans.fp.ps.netease.com/file/5d3823df143cfa7aac3475f3jyY46aM202', 'https://kol-fans.fp.ps.netease.com/file/5d3823e08b742788c3a0c975bukpk3N302']",2019-07-24 09:24:50
烛光,,同人绘,13791****80,['https://kol-fans.fp.ps.netease.com/file/5d381f5b5e60279e7932c10eqgp0H8mN02'],2019-07-24 09:05:32
晨星,,游戏截图,18704****63,['https://kol-fans.fp.ps.netease.com/file/5d3811aea7f252b2070c382e8B0SJSoe02'],2019-07-24 08:07:11
彤云密布，我的未来会在哪,,游戏截图,彤云吖,"['https://kol-fans.fp.ps.netease.com/file/5d380b405e60273296b3352dAf8xUMEt02', 'https://kol-fans.fp.ps.netease.com/file/5d380b4296dee460dd756aa0CdjLA0aU02', 'https://kol-fans.fp.ps.netease.com/file/5d380b448b742711ae07bf96f4iKxcRw02', 'https://kol-fans.fp.ps.netease.com/file/5d380b446f0494fc4d3053c38KZgKihJ02']",2019-07-24 07:39:51
﻿我的背影,,同人绘,q****5324270,['https://kol-fans.fp.ps.netease.com/file/5d38018a2786fd4becb9fe63GS3PJvLj02'],2019-07-24 06:58:18
纪念一下这些可能已经去不了了的地方,,游戏截图,晨钟悠然,"['https://kol-fans.fp.ps.netease.com/file/5d37c443143cfa5af20ab9ebtCoeiEbg02', 'https://kol-fans.fp.ps.netease.com/file/5d37c44396dee4d662f49151hfbMN6oh02', 'https://kol-fans.fp.ps.netease.com/file/5d37c4438b74278f97701d7fipPHMwgM02', 'https://kol-fans.fp.ps.netease.com/file/5d37c44396dee4d52fbabcc5s39WIXd102']",2019-07-24 02:36:52
找寻与发现真正的自己,,游戏截图,l****8595943,"['https://kol-fans.fp.ps.netease.com/file/5d37c3b45e60278955880985leU8g6Ro02', 'https://kol-fans.fp.ps.netease.com/file/5d37c3b58b7427ba779c53d7sgC1kLJ602', 'https://kol-fans.fp.ps.netease.com/file/5d37c3b55e60278a5494008cK0Rcel0F02', 'https://kol-fans.fp.ps.netease.com/file/5d37c3b5a7f2523e333d9806Ta857qEU02']",2019-07-24 02:34:30
七人行,,游戏截图,13758****12,['https://kol-fans.fp.ps.netease.com/file/5d37b14e96dee46d1a625245vDPPMJuM02'],2019-07-24 01:15:59
等待与你同行,,同人绘,cocosay,['https://kol-fans.fp.ps.netease.com/file/5d372a086f049423bd7cbf5bd32JCVwc02'],2019-07-23 15:38:49
夕阳下的等待,,同人绘,cocosay,['https://kol-fans.fp.ps.netease.com/file/5d3729ec2786fd2d33ee56cavNDNDtqL02'],2019-07-23 15:38:21
第一次和好友一起走完暴风眼,,游戏截图,ʚ光之后裔ɞ,"['https://kol-fans.fp.ps.netease.com/file/5d371a61143cfa2a29cb6312eN2DPqgx02', 'https://kol-fans.fp.ps.netease.com/file/5d371a62143cfab246a942f2N1GRxS6h02']",2019-07-23 14:32:03
暴风眼根本不带怕的,,游戏截图,13297****70,"['https://kol-fans.fp.ps.netease.com/file/5d36ff2b8b74274c55151555i4wLPhew02', 'https://kol-fans.fp.ps.netease.com/file/5d36ff2c5e6027b416d69ffb368Z8DjU02', 'https://kol-fans.fp.ps.netease.com/file/5d36ff2d7f9d2aa5a9cbc627RHTEmuGG02', 'https://kol-fans.fp.ps.netease.com/file/5d36ff2d5e60279d0275fda4rZLtiVTH02']",2019-07-23 12:35:57
云呀云呀云,,同人绘,foooooxz,['https://kol-fans.fp.ps.netease.com/file/5d36e2cc143cfaef785d345aF7q6xTTK02'],2019-07-23 10:34:52
云呀云呀,,同人绘,foooooxz,['https://kol-fans.fp.ps.netease.com/file/5d36e2b36f0494ce5d6f655dFJ2W2gBZ02'],2019-07-23 10:34:27
云呀云,,同人绘,foooooxz,['https://kol-fans.fp.ps.netease.com/file/5d36e2947f9d2aad37188d869g7v3iBi02'],2019-07-23 10:33:57
【已授权】花之舞 flower dance【作者】烛子ikina,,视频,云野小鸟,['https://kol-fans.fp.ps.netease.com/file/5d36c388143cfa4a5af67895IxkRYpmL02'],2019-07-23 08:21:30
#萝卜的一天#我一个人吃饭、旅行、游泳、到处走走停停，也一个人在暴风眼门口里面呆着。,,游戏截图,XXIAOYANGXX#萝卜#,"['https://kol-fans.fp.ps.netease.com/file/5d36be798b74270f2095865bMJUmb5tt02', 'https://kol-fans.fp.ps.netease.com/file/5d36be795e6027f313966559MdBi52QV02', 'https://kol-fans.fp.ps.netease.com/file/5d36be792786fd4bc31ea4acc4flDodz02', 'https://kol-fans.fp.ps.netease.com/file/5d36be79143cfa19cb03cd08B0tTl7E602']",2019-07-23 07:59:54
终会迎接光明,,游戏截图,19923****80,"['https://kol-fans.fp.ps.netease.com/file/5d36bb882786fd4bc31ea331aeFAvgvx02', 'https://kol-fans.fp.ps.netease.com/file/5d36bb882786fddf652d4945QiYg5dyP02', 'https://kol-fans.fp.ps.netease.com/file/5d36bb885e60270411400473SeArbbYF02']",2019-07-23 07:47:21
【已授权】【作者】元祁,,游戏截图,云野小鸟,['https://kol-fans.fp.ps.netease.com/file/5d36b812143cfa041bad5993w38xgByi02'],2019-07-23 07:32:35
【已授权】【作者】元祁,,游戏截图,云野小鸟,['https://kol-fans.fp.ps.netease.com/file/5d36b7ff8b7427c81d69b0c5wupCBipa02'],2019-07-23 07:32:15
我们都是功夫达人！,,游戏截图,锦嘉_Mars,"['https://kol-fans.fp.ps.netease.com/file/5d36a67396dee4f538f035f9uw6sEyz702', 'https://kol-fans.fp.ps.netease.com/file/5d36a6745e60278cef7d206at6rqrGH702', 'https://kol-fans.fp.ps.netease.com/file/5d36a674143cfa9f069d17a8lpNv0Pxc02', 'https://kol-fans.fp.ps.netease.com/file/5d36a6748b7427811daaa967OovJuGDe02']",2019-07-23 06:17:25
我们终将相遇，在没有黑暗的地方,,同人文,素祈,"['https://kol-fans.fp.ps.netease.com/file/5d3672612786fd02ef7b9921klhkwIt402', 'https://kol-fans.fp.ps.netease.com/file/5d3672bc8b7427adf5584840xPTreZfM02', 'https://kol-fans.fp.ps.netease.com/file/5d3672c9143cfa5c9e6635d14UuTgvWN02']",2019-07-23 02:37:35
旅途，从一个人到不再孤单,,游戏截图,锦嘉_Mars,"['https://kol-fans.fp.ps.netease.com/file/5d35d74f96dee4079bae7973l15CVrzJ02', 'https://kol-fans.fp.ps.netease.com/file/5d35d7508b7427dc85b2b197fSxsAYwx02', 'https://kol-fans.fp.ps.netease.com/file/5d35d75096dee4279fa9c2223MqiMSFI02', 'https://kol-fans.fp.ps.netease.com/file/5d35d7505e60277bba949143qa2zurZS02']",2019-07-22 15:33:37
听说暮土的螃蟹🦀辣炒更好吃～,,游戏截图,15542****25,"['https://kol-fans.fp.ps.netease.com/file/5d357d938b74274aaaad66c222RUQzYK02', 'https://kol-fans.fp.ps.netease.com/file/5d357d93143cfa586c1c104aiv6cXXvx02', 'https://kol-fans.fp.ps.netease.com/file/5d357d9396dee4d8313737e9vJ1v7J0h02', 'https://kol-fans.fp.ps.netease.com/file/5d357d945e60276435a40302WTOqsz6702']",2019-07-22 09:10:45
每天都要和男朋友在光遇里抱一抱～,,同人绘,15542****25,['https://kol-fans.fp.ps.netease.com/file/5d357ce296dee4952ba0f01eXzXAsLId02'],2019-07-22 09:07:47
梦想启程 奇遇探险,,同人绘,甜酱,['https://kol-fans.fp.ps.netease.com/file/5d3568b05e6027cc833a5805rj2Mj00M02'],2019-07-22 07:41:36
静静地在山上观景,,游戏截图,这里是二小七,"['https://kol-fans.fp.ps.netease.com/file/5d355c80143cfa9e4b3f01feTJXP2ePj02', 'https://kol-fans.fp.ps.netease.com/file/5d355c80a7f25296820da125bvJ6Nysx02']",2019-07-22 06:49:37
牵着手可以去世界任何一个地方,,游戏截图,s****nawmw,"['https://kol-fans.fp.ps.netease.com/file/5d3552356f04945ba71e727feEqhXLPK02', 'https://kol-fans.fp.ps.netease.com/file/5d3552357f9d2af11813480f8QzP2Vqu02', 'https://kol-fans.fp.ps.netease.com/file/5d3552357f9d2af00fee12a3lNN6RDrb02']",2019-07-22 06:05:42
追逐,,游戏截图,17858****66,['https://kol-fans.fp.ps.netease.com/file/5d3545658b7427484995e639wro9biOa02'],2019-07-22 05:11:02
走过那扇门，我们还是最初的样子,,游戏截图,l****fei,['https://kol-fans.fp.ps.netease.com/file/5d3544aa6f04942bd1d269a2eeAVdEoq02'],2019-07-22 05:07:54
遇见 星光中的温暖,,游戏截图,宝贝糯米/,"['https://kol-fans.fp.ps.netease.com/file/5d34c82b7f9d2a34ecf334b5N2vriAFW02', 'https://kol-fans.fp.ps.netease.com/file/5d34c82b6f04949c8427b253Vf2E797402']",2019-07-21 20:16:43
我们携手踏过这片星光，一齐奔向未知的彼方。,,游戏截图,m****7836175,['https://kol-fans.fp.ps.netease.com/file/5d34a6867f9d2a2983d97b10EKr6q9bc02'],2019-07-21 17:53:10
✨ 光的旅行,,游戏截图,汪叽Erebus,"['https://kol-fans.fp.ps.netease.com/file/5d347ce25e602725f1f85905hMFCJ4BW02', 'https://kol-fans.fp.ps.netease.com/file/5d347ce22786fd2d2e532327dC8flLfL02', 'https://kol-fans.fp.ps.netease.com/file/5d347ce396dee4e2d9ebaeffAc5kKGvF02', 'https://kol-fans.fp.ps.netease.com/file/5d347ce3a7f2522ca339aeebltoe2eO502']",2019-07-21 14:55:32
在禁阁的星海中信仰之跃,,游戏截图,UnA,['https://kol-fans.fp.ps.netease.com/file/5d3473e3143cfaf2892ed625JzVUqrEt02'],2019-07-21 14:17:07
我看到你,,光,l****26,['https://kol-fans.fp.ps.netease.com/file/5d3445532786fd29059fe57cfu2FXAqd02'],2019-07-21 10:58:27
乐，书上说在咱们居住的地底世界上方有座失落之城，如果是真的好想去看看。 是真的哟，希，而且我恰好知道入口在哪。 乐，快带我去！ 来，抓紧我，别松手，出发咯！,,同人文,乐,"['https://kol-fans.fp.ps.netease.com/file/5d34410a5e6027ca7c989c79cY6790DW02', 'https://kol-fans.fp.ps.netease.com/file/5d34410a6f04948e1668d2f9Hz2GZWf802', 'https://kol-fans.fp.ps.netease.com/file/5d34410a143cfab71f8cda550iZ2PNbd02', 'https://kol-fans.fp.ps.netease.com/file/5d34410a5e6027d5511c42d1Zh2p7o4T02']",2019-07-21 10:40:10
小伙子你想干嘛？,,游戏截图,小天Sky,['https://kol-fans.fp.ps.netease.com/file/5d3435f0143cfa86dba6633exh4BkOa402'],2019-07-21 09:52:48
墓土轰炸机 起飞,,游戏截图,是小希呀,"['https://kol-fans.fp.ps.netease.com/file/5d34215a7f9d2a8175f6ccbfP7tQc02302', 'https://kol-fans.fp.ps.netease.com/file/5d34215c7f9d2a8175f6ccc04EO3UPmf02', 'https://kol-fans.fp.ps.netease.com/file/5d34215d8b7427076f6ab410Qu9iGOvV02', 'https://kol-fans.fp.ps.netease.com/file/5d34215f5e60270ae5bcfd2f5SbYsuUw02']",2019-07-21 08:25:05
你经过我时,,看见了光,l****26,['https://kol-fans.fp.ps.netease.com/file/5d33eea88b7427e189993724jvfhWkaB02'],2019-07-21 04:48:40
旅程中的珍藏,,游戏截图,天方,"['https://kol-fans.fp.ps.netease.com/file/5d33dac4a7f2523da4a0b2ec5Gbsiwde02', 'https://kol-fans.fp.ps.netease.com/file/5d33dac596dee46b025e9225BkvTrT1U02', 'https://kol-fans.fp.ps.netease.com/file/5d33dac5143cfa90cc9670b0zyKejIV502', 'https://kol-fans.fp.ps.netease.com/file/5d33dac696dee46993ac2046pOxhU7oK02']",2019-07-21 03:23:54
老祖！cheers,,游戏截图,15001****50,['https://kol-fans.fp.ps.netease.com/file/5d33bab95e6027c492f09e40SAKry7wZ02'],2019-07-21 01:07:05
我眼中的光世界！（狗屎派后继有人了！,,同人绘,13589****83,"['https://kol-fans.fp.ps.netease.com/file/5d33af0e5e60277d870c5b24JIL23NXD02', 'https://kol-fans.fp.ps.netease.com/file/5d33af0e8b7427e1890fb472iwaXTRsW02', 'https://kol-fans.fp.ps.netease.com/file/5d33af0e96dee461088b349a4LqNiTsi02']",2019-07-21 00:17:19
重聚璀璨星群,,游戏截图,13717****30,['https://kol-fans.fp.ps.netease.com/file/5d33adb37f9d2a864334fb38I4tjCJrZ02'],2019-07-21 00:11:32
愿世间所有相遇 都是久别重逢✦,,游戏截图,n****1209785059,['https://kol-fans.fp.ps.netease.com/file/5d330062a7f2526cfe3e9ffcFBDjcQdv02'],2019-07-20 11:52:03
林间星语,,同人绘,提灯映山河,['https://kol-fans.fp.ps.netease.com/file/5d32f2cb6f04948389d85b9fJic2eMsC02'],2019-07-20 10:54:04
希，陪你一起刷毕业，陪你一起涅槃新生，永远记录这份童年玩伴般的友谊,,游戏截图,乐,"['https://kol-fans.fp.ps.netease.com/file/5d32ec2e7f9d2a2f36bca7143fYoP9ek02', 'https://kol-fans.fp.ps.netease.com/file/5d32ec2fa7f2521d866be2a1MRqSVJSl02', 'https://kol-fans.fp.ps.netease.com/file/5d32ec2f5e6027b57c3e8590qwTLri3302', 'https://kol-fans.fp.ps.netease.com/file/5d32ec315e6027b74463a852wFHyONeB02']",2019-07-20 10:26:04
空中飞琴师(´▽｀),,游戏截图,18758****31,['https://kol-fans.fp.ps.netease.com/file/5d32df56a7f252da914d562aHl31OQUh02'],2019-07-20 09:31:03
带着孩子看烟花,,游戏截图,18330****56,['https://kol-fans.fp.ps.netease.com/file/5d329be896dee4e236f103b84rjkUIPB02'],2019-07-20 04:43:21
暴风眼 体验重生,,游戏截图,小天Sky,"['https://kol-fans.fp.ps.netease.com/file/5d3249d56f0494c6a822767aGVtsrTuh02', 'https://kol-fans.fp.ps.netease.com/file/5d3249d5143cfa6138ac9463zhgBq7cC02', 'https://kol-fans.fp.ps.netease.com/file/5d3249d596dee4f9f5c589ccZ1bSLfyi02', 'https://kol-fans.fp.ps.netease.com/file/5d3249d66f0494c5c0c80827epmum3W502']",2019-07-19 22:53:11
峡谷很美，但你更美,,游戏截图,小天Sky,"['https://kol-fans.fp.ps.netease.com/file/5d31d48a6f0494b591fb981e0MIODyBO02', 'https://kol-fans.fp.ps.netease.com/file/5d31d48a5e60271231c56665udsiEMxR02', 'https://kol-fans.fp.ps.netease.com/file/5d31d48ba7f25223f2fb30454Y45fghx02']",2019-07-19 14:32:43
回到起点，重温美好时刻,,游戏截图,小天Sky,['https://kol-fans.fp.ps.netease.com/file/5d31d3aa8b7427a4dce77f33vHdOOuVN02'],2019-07-19 14:28:58
或许这就是人生吧,,游戏截图,小天Sky,"['https://kol-fans.fp.ps.netease.com/file/5d31d3526f0494b2c6771363iCPqdLGX02', 'https://kol-fans.fp.ps.netease.com/file/5d31d352a7f25209004510f20iHiGbPq02', 'https://kol-fans.fp.ps.netease.com/file/5d31d3528b7427aa07fd9814yGYiqxIo02', 'https://kol-fans.fp.ps.netease.com/file/5d31d3536f04949199a44766NMyQLar902']",2019-07-19 14:27:31
感谢在漫长又艰难的道路上有你的陪伴，遇到你是我最幸运的事@翼,,游戏截图,18097****69,"['https://kol-fans.fp.ps.netease.com/file/5d31c880a7f252c348d577a8UcOQfibq02', 'https://kol-fans.fp.ps.netease.com/file/5d31c8fd6f04948d9d1cc0d5EdmUUhX802', 'https://kol-fans.fp.ps.netease.com/file/5d31c90896dee4c1d3a64728zXdepWp902', 'https://kol-fans.fp.ps.netease.com/file/5d31c95496dee4d18ad866fftcavHXLD02']",2019-07-19 13:44:53
雨林也有晴天,,游戏截图,ʚ光之后裔ɞ,['https://kol-fans.fp.ps.netease.com/file/5d31c30c5e6027a73e1b54a1v7EeT78E02'],2019-07-19 13:18:04
先行的伊甸园,,游戏截图,雕雕🦅,"['https://kol-fans.fp.ps.netease.com/file/5d31be492786fd8b40a8e550ZY9Xbago02', 'https://kol-fans.fp.ps.netease.com/file/5d31be4a7f9d2a8f4151901duBUYAJhA02', 'https://kol-fans.fp.ps.netease.com/file/5d31be4b6f0494f6a01e931aBb0X5AHp02', 'https://kol-fans.fp.ps.netease.com/file/5d31be4f96dee48301279b9dWOgoaNUa02']",2019-07-19 12:57:56
云野,,游戏截图,雕雕🦅,"['https://kol-fans.fp.ps.netease.com/file/5d31bd8a5e6027439265253e7KVyCBb002', 'https://kol-fans.fp.ps.netease.com/file/5d31bd8b96dee49adb38f44ddQ62l2gt02', 'https://kol-fans.fp.ps.netease.com/file/5d31bd8d5e602741cb5cc3b8fMY92M0P02', 'https://kol-fans.fp.ps.netease.com/file/5d31bd8e5e602778d4f9d6dcGZrRt8sx02']",2019-07-19 12:54:41
Sunset夕阳西下,,游戏截图,m****1947866,['https://kol-fans.fp.ps.netease.com/file/5d31b4b096dee45c4e4d0243QZzQo53D02'],2019-07-19 12:16:48
360度无死角蹲着盯盯盯小萝莉，好可爱啊,,游戏截图,13439****15,"['https://kol-fans.fp.ps.netease.com/file/5d3173f62786fd325ee79be6ikEj1m1D02', 'https://kol-fans.fp.ps.netease.com/file/5d3173f7143cfaf7305e5335gCBrU1LC02', 'https://kol-fans.fp.ps.netease.com/file/5d3173f796dee4f453be591aBSZIL9V202', 'https://kol-fans.fp.ps.netease.com/file/5d3173f75e6027dfb7764e8as10QM4xc02']",2019-07-19 07:40:40
冒险游戏(×) 恋爱游戏(✓),,游戏截图,Timothy,['https://kol-fans.fp.ps.netease.com/file/5d3156b05e602724bb8cfb33i95UILcQ02'],2019-07-19 05:35:44
来吧皮皮,,游戏截图,3****9586,['https://kol-fans.fp.ps.netease.com/file/5d313b677f9d2a327ea61e523hbXgvLY02'],2019-07-19 03:39:19
我们的的大家庭,,游戏截图,3****9586,['https://kol-fans.fp.ps.netease.com/file/5d313b12143cfaa1456f39d0HrkbRwJG02'],2019-07-19 03:37:55
飞向云端,,游戏截图,f****nxj,['https://kol-fans.fp.ps.netease.com/file/5d31317596dee491ee407dbaQjZdgGGS02'],2019-07-19 02:56:54
升华,,同人绘,Rice丶范例,"['https://kol-fans.fp.ps.netease.com/file/5d312ab896dee4381d81633b5OHjsGGQ02', 'https://kol-fans.fp.ps.netease.com/file/5d312aba6f0494609b61b2f5PhXMlIuy02']",2019-07-19 02:28:11
弱小无助又可怜的萝卜,,游戏截图,XXIAOYANGXX#萝卜#,"['https://kol-fans.fp.ps.netease.com/file/5d3114585e6027b0a2471f7e2AvYh3HS02', 'https://kol-fans.fp.ps.netease.com/file/5d311458143cfabb58dc29efQ1KQbqgE02']",2019-07-19 00:52:41
﻿弱小无助又可怜的萝卜,,游戏截图,13826****36,"['https://kol-fans.fp.ps.netease.com/file/5d3113c47f9d2a9200b2ef36wgX10Bbb02', 'https://kol-fans.fp.ps.netease.com/file/5d3113c57f9d2a9200b2ef37ag2B005o02']",2019-07-19 00:50:13
我们的恋爱圣地，她不在的时候，也会自己在这发呆。,,游戏截图,18330****56,"['https://kol-fans.fp.ps.netease.com/file/5d30d2dc96dee4768fa9bb0987DeMYqz02', 'https://kol-fans.fp.ps.netease.com/file/5d30d2dc7f9d2a68569b8b5eXTbmIXWO02', 'https://kol-fans.fp.ps.netease.com/file/5d30d2dc5e6027136072ca38AbpOd49W02', 'https://kol-fans.fp.ps.netease.com/file/5d30d2dd5e60276a8e564728VqNCEu6202']",2019-07-18 20:13:17
死在一块了😂,,游戏截图,星辰,"['https://kol-fans.fp.ps.netease.com/file/5d30c01f6f0494baecb1f10bfH3idwIQ02', 'https://kol-fans.fp.ps.netease.com/file/5d30c0207f9d2a1740931fe5SgSH0y0I02', 'https://kol-fans.fp.ps.netease.com/file/5d30c0207f9d2a1740931fe6PNAXmmpQ02', 'https://kol-fans.fp.ps.netease.com/file/5d30c0205e6027144568ecbfVMuvoRCU02']",2019-07-18 18:53:21
我不想上幼儿园🤪,,游戏截图,星辰,"['https://kol-fans.fp.ps.netease.com/file/5d30bebe8b7427a64000e017oBShLGWL02', 'https://kol-fans.fp.ps.netease.com/file/5d30bebe2786fdc061326b68LlbNXiar02', 'https://kol-fans.fp.ps.netease.com/file/5d30bebea7f252fafbb8a923s7tuMO4s02']",2019-07-18 18:47:27
我是谁我在哪🤪,,游戏截图,星辰,"['https://kol-fans.fp.ps.netease.com/file/5d30bdae6f0494a3f8451ffdiCRNCxCs02', 'https://kol-fans.fp.ps.netease.com/file/5d30bdaea7f252e25f186dec3CTTXSQA02', 'https://kol-fans.fp.ps.netease.com/file/5d30bdaf143cfa59b6d19f0aTDejGYsI02']",2019-07-18 18:42:55
试图盖房子？？,,游戏截图,17520****39,"['https://kol-fans.fp.ps.netease.com/file/5d30989396dee489a9b08cc0Vf3QRUvA02', 'https://kol-fans.fp.ps.netease.com/file/5d3098935e602788a846fcdbuyh4Lgir02', 'https://kol-fans.fp.ps.netease.com/file/5d30989396dee4cc73b8cbe1263Ak9RN02', 'https://kol-fans.fp.ps.netease.com/file/5d3098947f9d2a7f9cb657ddlgWjMQrk02']",2019-07-18 16:04:36
盖酒楼啦聊天酒楼,,群聊,17520****39,"['https://kol-fans.fp.ps.netease.com/file/5d3097898b7427fec7046d3fQX1iRxGA02', 'https://kol-fans.fp.ps.netease.com/file/5d3097896f04940fdfd38c25ThFqfWPH02', 'https://kol-fans.fp.ps.netease.com/file/5d309789a7f25263d670cc13SX1Qp1Gw02']",2019-07-18 16:00:10
回首向来萧瑟处！,,游戏截图,m****1947866,['https://kol-fans.fp.ps.netease.com/file/5d308fbc5e6027501d847b40cg7SOxyM02'],2019-07-18 15:26:52
我画我自己哈哈哈哈哈哈哈,,同人绘,阿喵小胖次,['https://kol-fans.fp.ps.netease.com/file/5d308ca25e60271e92f1b612uRbgCvt002'],2019-07-18 15:13:38
画的是我自己，虽然画的很渣orz,,同人绘,正版苡沫,['https://kol-fans.fp.ps.netease.com/file/5d3083fd5e6027ebfe3e170fk36Wt6Ef02'],2019-07-18 14:36:45
一些小拟人,,同人绘,正版苡沫,"['https://kol-fans.fp.ps.netease.com/file/5d3063356f0494ed3987eaf9qzPhWifq02', 'https://kol-fans.fp.ps.netease.com/file/5d3063365e60271514c83509hHE9PBzT02']",2019-07-18 12:16:54
一个人启程，与羁绊碰撞出花火。肉身为容器，收集光翼解救灵魂，自此循环往复……,,游戏截图,18758****66,"['https://kol-fans.fp.ps.netease.com/file/5d302f612786fd133ded6638cezuvOzG02', 'https://kol-fans.fp.ps.netease.com/file/5d302f61a7f2525e36091780MNtJVuVm02', 'https://kol-fans.fp.ps.netease.com/file/5d302f6196dee4454843dc73lwXDB7gr02', 'https://kol-fans.fp.ps.netease.com/file/5d302f618b7427f6e06deff7LiNIG7hW02']",2019-07-18 08:35:46
暮土之上,,游戏截图,13681****41,['https://kol-fans.fp.ps.netease.com/file/5d30218fa7f25236c0e17b83i4XVa0d902'],2019-07-18 07:36:47
雨林之上,,游戏截图,13681****41,['https://kol-fans.fp.ps.netease.com/file/5d30211ca7f25220bc526343dXjMVBLE02'],2019-07-18 07:34:53
微笑面对死亡,,游戏截图,18620****04,"['https://kol-fans.fp.ps.netease.com/file/5d300756a7f252beaf20c5fe6VqzjY0t02', 'https://kol-fans.fp.ps.netease.com/file/5d300758a7f252c75b5bbfe8rGpDRIzr02', 'https://kol-fans.fp.ps.netease.com/file/5d3007585e60273133f46961E12rKZaB02']",2019-07-18 05:44:57
即便心火已灭，我也愿，不断向前,,游戏截图,雕雕,"['https://kol-fans.fp.ps.netease.com/file/5d3000a77f9d2ab765bea586s2i9vRr302', 'https://kol-fans.fp.ps.netease.com/file/5d3000a86f049416ce8c5139j5U7IAEm02', 'https://kol-fans.fp.ps.netease.com/file/5d3000a86f0494f0ab5eb8f7VkPJVrzY02', 'https://kol-fans.fp.ps.netease.com/file/5d3000a8143cfa2c68d14cdafqLX3BYN02']",2019-07-18 05:16:25
星空,,同人文,瑶子,"['https://kol-fans.fp.ps.netease.com/file/5d2ff1836f0494cf3e43190eslIqSYxP02', 'https://kol-fans.fp.ps.netease.com/file/5d2ff1835e602774764653bdOSw3NIfO02']",2019-07-18 04:27:47
我眼里的她,,手作,DaPig,"['https://kol-fans.fp.ps.netease.com/file/5d2fcfed6f049443f1af9424rX4zPFUM02', 'https://kol-fans.fp.ps.netease.com/file/5d2fcfee6f04944986ae25d9AyDg6Scc02', 'https://kol-fans.fp.ps.netease.com/file/5d2fcfee96dee419134275b4MOb1Qxtb02', 'https://kol-fans.fp.ps.netease.com/file/5d2fcfee8b74271693118354eHdKOCAp02']",2019-07-18 01:48:31
风暴平息，献祭光翼，解放灵魂，收获成长，再访晨岛，百味杂陈。,,游戏截图,ʚ光之后裔ɞ,['https://kol-fans.fp.ps.netease.com/file/5d2f2dad8b74276d72479639H2A6fWBe02'],2019-07-17 14:16:13
相伴,,游戏截图,七羽,['https://kol-fans.fp.ps.netease.com/file/5d2f29e8143cfae25625f0d41LVrbgKt02'],2019-07-17 14:00:08
站在最高的地方与你相遇,,游戏截图,15671****17,"['https://kol-fans.fp.ps.netease.com/file/5d2ea3467f9d2a32bab83fd4PtbxqAAh02', 'https://kol-fans.fp.ps.netease.com/file/5d2ea3482786fde9fc124605CziOfTgy02', 'https://kol-fans.fp.ps.netease.com/file/5d2ea34ba7f2521e6f1ae72ba5diIpVJ02', 'https://kol-fans.fp.ps.netease.com/file/5d2ea34f8b7427d1dfc329caHFBTRVjP02']",2019-07-17 04:25:58
星汉灿烂,,游戏截图,18545****97,['https://kol-fans.fp.ps.netease.com/file/5d2e9a828b742736a336c397HdlAtLFJ02'],2019-07-17 03:48:19
踏入仙境一般,,游戏截图,18667****62,"['https://kol-fans.fp.ps.netease.com/file/5d2e968496dee49901f9013dPFMcC1DF02', 'https://kol-fans.fp.ps.netease.com/file/5d2e96867f9d2a272177e190Va3Ecb9E02', 'https://kol-fans.fp.ps.netease.com/file/5d2e96877f9d2a1fa8435449Dikr6a3s02', 'https://kol-fans.fp.ps.netease.com/file/5d2e968a5e6027386231c1671R9yEASb02']",2019-07-17 03:31:26
大C和小Q,,瞬间,18626****53,"['https://kol-fans.fp.ps.netease.com/file/5d2e7c8996dee428df43d30dWXbGiQ4402', 'https://kol-fans.fp.ps.netease.com/file/5d2e7c8b5e602794991b88b8p0rWCkL602', 'https://kol-fans.fp.ps.netease.com/file/5d2e7c8ca7f25238ff98c5f9FixIwSow02']",2019-07-17 01:40:28
烟花刹那,,游戏截图,Dreamer,"['https://kol-fans.fp.ps.netease.com/file/5d2e76f47f9d2a939af89106rhOdtsFC02', 'https://kol-fans.fp.ps.netease.com/file/5d2e76f82786fd1ed652bcc40puiwz8C02']",2019-07-17 01:16:40
逆光也清晰，光遇原相机,,游戏截图,18330****56,"['https://kol-fans.fp.ps.netease.com/file/5d2e72aa2786fd2651bee692E0esS0pM02', 'https://kol-fans.fp.ps.netease.com/file/5d2e72ab7f9d2a6d805acd1eeoduQQf902', 'https://kol-fans.fp.ps.netease.com/file/5d2e72ac143cfa89fd6043aaXFbNX01g02', 'https://kol-fans.fp.ps.netease.com/file/5d2e72af2786fd1d0580646eyPrUif6r02']",2019-07-17 00:58:24
伴你同行,,游戏截图,x****s,['https://kol-fans.fp.ps.netease.com/file/5d2e5b898b74273ddfc3d1e4ixkQrx5g02'],2019-07-16 23:19:38
云朵里面居然藏着一位先祖,,彩蛋,17520****39,"['https://kol-fans.fp.ps.netease.com/file/5d2e1cbd96dee47eab2704d00NopXgv202', 'https://kol-fans.fp.ps.netease.com/file/5d2e1cbd6f0494758a4483c6C9zhpKqa02', 'https://kol-fans.fp.ps.netease.com/file/5d2e1cbe5e6027c4920d7f0aO1b0g0uf02']",2019-07-16 18:51:42
日常烤螃蟹,,螃蟹,17520****39,"['https://kol-fans.fp.ps.netease.com/file/5d2e1c3396dee437bb0d8482IGiR3yaD02', 'https://kol-fans.fp.ps.netease.com/file/5d2e1c336f04946cda6892e1BVVBx4aZ02', 'https://kol-fans.fp.ps.netease.com/file/5d2e1c3396dee43881dce074Q2IflCXJ02', 'https://kol-fans.fp.ps.netease.com/file/5d2e1c335e6027c4920d7ec6fVKpflo302']",2019-07-16 18:49:24
十万伏特蜡烛炮！,,游戏截图,忘之,['https://kol-fans.fp.ps.netease.com/file/5d2df9b35e6027362c48e151yWp1iPPx02'],2019-07-16 16:22:12
在这个游戏里你甚至可以带小孩,,游戏截图,15982****75,"['https://kol-fans.fp.ps.netease.com/file/5d2de22f96dee44042c4ac44w75202GP02', 'https://kol-fans.fp.ps.netease.com/file/5d2de2315e60278fea18bc58ZOA9aHlI02', 'https://kol-fans.fp.ps.netease.com/file/5d2de23396dee441e82e9febXzDx19cU02', 'https://kol-fans.fp.ps.netease.com/file/5d2de2348b7427602b3dd69b0oitgW9t02']",2019-07-16 14:41:57
一个神秘的光之后裔阵法,,游戏截图,17515****01,['https://kol-fans.fp.ps.netease.com/file/5d2dd628a7f252acb796802au5tu3ChE02'],2019-07-16 13:50:33
和小伙伴的快乐一天,,游戏截图,17875****60,"['https://kol-fans.fp.ps.netease.com/file/5d2dcc905e6027ea8d5b113fF81TddSD02', 'https://kol-fans.fp.ps.netease.com/file/5d2dcc916f0494e8ba57e576eZghvly302', 'https://kol-fans.fp.ps.netease.com/file/5d2dcc925e6027a0cdea530ceMg6hS5j02']",2019-07-16 13:09:38
临摹宣传图的一位小天使,,同人绘,CellR,['https://kol-fans.fp.ps.netease.com/file/5d2da8d78b742722b85bf659jmtsY96o02'],2019-07-16 10:37:12
#暮色#瀚海涌，暖云拥，天水一色，目送归鸿。,,游戏截图,LUCKY,['https://kol-fans.fp.ps.netease.com/file/5d2d9e0f8b74270d7752d60e8SfjjeQe02'],2019-07-16 09:51:12
现今的网游环境下，能有光遇这样纯粹、美好的一款游戏实属难得！,,游戏截图,korangar,"['https://kol-fans.fp.ps.netease.com/file/5d2d82ab96dee4fa54e75a04X03exTv302', 'https://kol-fans.fp.ps.netease.com/file/5d2d82aba7f252f11bd2c229wiKRvwUH02', 'https://kol-fans.fp.ps.netease.com/file/5d2d82ab8b7427909e245157DfzYHNT802', 'https://kol-fans.fp.ps.netease.com/file/5d2d82ab7f9d2a2e0f0da638ohYQ09vV02']",2019-07-16 07:54:20
云端奇遇记,,游戏截图,m****6618054,"['https://kol-fans.fp.ps.netease.com/file/5d2d824d5e60275132a84565ZYuVehFj02', 'https://kol-fans.fp.ps.netease.com/file/5d2d824d5e60274c4ce66d2bsZKqWPRK02', 'https://kol-fans.fp.ps.netease.com/file/5d2d824d96dee4dae9aad382MOx0XTcR02', 'https://kol-fans.fp.ps.netease.com/file/5d2d824d96dee40f552d96caDLjBBOI002']",2019-07-16 07:52:46
点亮,,游戏截图,七羽,['https://kol-fans.fp.ps.netease.com/file/5d2d7abc143cfa72c441d307S6VuVQ7R02'],2019-07-16 07:20:29
眺望,,游戏截图,七羽,"['https://kol-fans.fp.ps.netease.com/file/5d2d79cb96dee4dae9aac8f7v8KgVmsW02', 'https://kol-fans.fp.ps.netease.com/file/5d2d79cc2786fd8677868662NixNSmuq02']",2019-07-16 07:16:28
飞天扫帚！魁地奇球队预约！赞,,游戏截图,落,['https://kol-fans.fp.ps.netease.com/file/5d2d4d415e60272e8acb9a2dlvYJhQ4P02'],2019-07-16 04:06:26
暮土,,游戏截图,t****67,"['https://kol-fans.fp.ps.netease.com/file/5d2d4cdf143cfa6ea73173477T4g31gl02', 'https://kol-fans.fp.ps.netease.com/file/5d2d4cdf8b7427533cc46541ZIci5vUN02', 'https://kol-fans.fp.ps.netease.com/file/5d2d4cdf5e602722007ec62bl2Bt4cAK02']",2019-07-16 04:04:48
沐光遇见你,,同人绘,雨木,['https://kol-fans.fp.ps.netease.com/file/5d2d2b5c6f0494a52db084eb4dfB102M02'],2019-07-16 01:41:48
解锁新动作，感谢三岁的陪伴！,,游戏截图,18330****56,"['https://kol-fans.fp.ps.netease.com/file/5d2cca418b7427eff7d26b6bxdQVRQVV02', 'https://kol-fans.fp.ps.netease.com/file/5d2cca427f9d2ad8704b39f96FAriPOR02', 'https://kol-fans.fp.ps.netease.com/file/5d2cca437f9d2ad8704b39fa519tVWtF02', 'https://kol-fans.fp.ps.netease.com/file/5d2cca432786fd8d184f77d758pNqsLF02']",2019-07-15 18:47:33
别放手哦,,视频,逆风,['https://kol-fans.fp.ps.netease.com/file/5d2cbcc15e6027333e777f79FGDlmuK502'],2019-07-15 17:50:02
到此一游,,游戏截图,13808****41,['https://kol-fans.fp.ps.netease.com/file/5d2cbab396dee433b279ef36oKPWvsko02'],2019-07-15 17:41:08
孤独者,,游戏截图,13808****41,"['https://kol-fans.fp.ps.netease.com/file/5d2c97efa7f252f96b9d393fhocei4xV02', 'https://kol-fans.fp.ps.netease.com/file/5d2c97f06f049431aadc4540X3awcr5K02', 'https://kol-fans.fp.ps.netease.com/file/5d2c97f0a7f252da51fddfebUgi31Bzw02', 'https://kol-fans.fp.ps.netease.com/file/5d2c97f08b74275d8cf0aa93ALibY5I602']",2019-07-15 15:12:50
相遇,,游戏截图,13808****41,"['https://kol-fans.fp.ps.netease.com/file/5d2c974b7f9d2a19a64622b9lLLtNiTY02', 'https://kol-fans.fp.ps.netease.com/file/5d2c974b5e6027857fa9c730700oodoi02']",2019-07-15 15:10:04
双子,,游戏截图,Verta青,['https://kol-fans.fp.ps.netease.com/file/5d2c943396dee4639d50b6dflxdGdxyK02'],2019-07-15 14:56:52
最常用的形象～,,同人绘,Verta青,['https://kol-fans.fp.ps.netease.com/file/5d2c93afa7f252977463878cP8GBJxcf02'],2019-07-15 14:54:40
小怪兽-1,,游戏截图,冷冻喵,"['https://kol-fans.fp.ps.netease.com/file/5d2c8dd16f04942b76971509FQ5yYivH02', 'https://kol-fans.fp.ps.netease.com/file/5d2c8dd12786fd8919c37916eyfKHgow02', 'https://kol-fans.fp.ps.netease.com/file/5d2c8dd27f9d2ab7cdd1fba1Lq0oADdg02', 'https://kol-fans.fp.ps.netease.com/file/5d2c8dd26f049444de8b7a79Ni9a0sVy02']",2019-07-15 14:29:38
翻腾云海间 独留惊鸿影,,游戏截图,花栗鼠Besos,"['https://kol-fans.fp.ps.netease.com/file/5d2c8b9296dee4266e3ce426hh8QDVWI02', 'https://kol-fans.fp.ps.netease.com/file/5d2c8b926f049427848d053ftzGiUEFP02']",2019-07-15 14:20:03
积云中藏有秘密,,游戏截图,Brent,['https://kol-fans.fp.ps.netease.com/file/5d2c88747f9d2abb9e34d4d5qBIAwTQd02'],2019-07-15 14:06:44
边境,,游戏截图,Brent,['https://kol-fans.fp.ps.netease.com/file/5d2c880d7f9d2aca12a95730cbeRxMmk02'],2019-07-15 14:05:01
“起飞吧。”,,游戏截图,Brent,['https://kol-fans.fp.ps.netease.com/file/5d2c87d85e602722603819f9ZKUSxfXv02'],2019-07-15 14:04:08
并肩,,游戏截图,Brent,['https://kol-fans.fp.ps.netease.com/file/5d2c7f687f9d2a9d44b44663LBDO2Mcs02'],2019-07-15 13:28:09
旅程,,游戏截图,Brent,['https://kol-fans.fp.ps.netease.com/file/5d2c7f285e6027ef4ec551478CIBu7uS02'],2019-07-15 13:27:04
未知,,游戏截图,Brent,['https://kol-fans.fp.ps.netease.com/file/5d2c7e95143cfa64bda6f628cIFIujCk02'],2019-07-15 13:24:37
憧憬,,游戏截图,Brent,['https://kol-fans.fp.ps.netease.com/file/5d2c7e645e6027f5fc4d6dcfSRTWr4HQ02'],2019-07-15 13:23:48
下坠,,游戏截图,Brent,['https://kol-fans.fp.ps.netease.com/file/5d2c7e12143cfa5a930d7568Rh9R8p2U02'],2019-07-15 13:22:26
#锦鲤池祈祷#,,游戏截图,LUCKY,['https://kol-fans.fp.ps.netease.com/file/5d2c7dfc7f9d2a9d44b44404gZcliFpM02'],2019-07-15 13:22:04
﻿祈愿,,游戏截图,Brent,['https://kol-fans.fp.ps.netease.com/file/5d2c7dc78b7427e2e98f39caGo1Kxj3902'],2019-07-15 13:21:12
或许渺小,,游戏截图,Brent,['https://kol-fans.fp.ps.netease.com/file/5d2c7d0a96dee4c92d57364bzfBS4tti02'],2019-07-15 13:18:02
前尘,,游戏截图,Brent,['https://kol-fans.fp.ps.netease.com/file/5d2c7cb6143cfa37de18c6827hqaseZw02'],2019-07-15 13:16:38
竞技场,,游戏截图,Brent,['https://kol-fans.fp.ps.netease.com/file/5d2c7c6196dee4c92d5734ffxLMUwzT002'],2019-07-15 13:15:13
前方,,游戏截图,Brent,['https://kol-fans.fp.ps.netease.com/file/5d2c79165e6027d5a41669095MWUHYSj02'],2019-07-15 13:01:11
遇境的黄昏,,游戏截图,Brent,['https://kol-fans.fp.ps.netease.com/file/5d2c78c196dee4adb44cd7a37RLyJqyH02'],2019-07-15 12:59:46
伙伴,,游戏截图,Brent,['https://kol-fans.fp.ps.netease.com/file/5d2c784e6f0494b870cb9f93rDCXBl2602'],2019-07-15 12:57:50
云中塔,,游戏截图,Brent,['https://kol-fans.fp.ps.netease.com/file/5d2c78035e6027ca7fe5006aOOyQWtxM02'],2019-07-15 12:56:35
“他们最终在日落前到达天文台。”,,游戏截图,Brent,"['https://kol-fans.fp.ps.netease.com/file/5d2c76e6143cfa231e213fd3toeJjP2a02', 'https://kol-fans.fp.ps.netease.com/file/5d2c76e65e6027c2c79cd653ZUYkkrc802', 'https://kol-fans.fp.ps.netease.com/file/5d2c76e77f9d2a7860bc31b4YEN6yRih02']",2019-07-15 12:51:52
云端摄影师hhh,,游戏截图,17681****13,['https://kol-fans.fp.ps.netease.com/file/5d2c6ee67f9d2a1fd7a5b332rkW0i2qM02'],2019-07-15 12:17:42
愿未来，与你翱翔星海,,同人绘,17681****13,['https://kol-fans.fp.ps.netease.com/file/5d2c6dcd7f9d2a1fd7a5b276jmovgzHU02'],2019-07-15 12:13:02
#雨林篇#或许相伴而生的温暖，即是你我心中的光芒。（by：Lucky&Seven）,,视频,LUCKY,['https://kol-fans.fp.ps.netease.com/file/5d2c5fb32786fd8f603ecd15FKzVapBi02'],2019-07-15 11:12:53
云野篇#因光相遇，随乐飞扬，漫游云野。遇见你，带你去见我所见过的风景。认识你，飞上云端享受自由的呼吸。（by:Lucky&Seven）,,视频,LUCKY,['https://kol-fans.fp.ps.netease.com/file/5d2c5f0096dee416d24de506fxT6TkbP02'],2019-07-15 11:09:53
#恋上霸道皮皮虾之#冥龙的吻：🦐熟虾色红唇 OMG! 吻它！,,视频,LUCKY,['https://kol-fans.fp.ps.netease.com/file/5d2c5ede143cfa74d08c1faateRHF4Hs02'],2019-07-15 11:09:18
【已授权】【作者】米斯特陈r,,视频,云野小鸟,['https://kol-fans.fp.ps.netease.com/file/5d2c58d4143cfa4244e60d30tapKIa9w02'],2019-07-15 10:43:40
【已授权】【作者】米斯特陈r,,视频,云野小鸟,['https://kol-fans.fp.ps.netease.com/file/5d2c55fb7f9d2ac4105c3bf0Bveu6otu02'],2019-07-15 10:31:26
【已授权】【作者】米斯特陈r,,视频,云野小鸟,['https://kol-fans.fp.ps.netease.com/file/5d2c55b6a7f2526cb3ad0389PPiNroNQ02'],2019-07-15 10:30:16
【已授权】【作者】鸭吱☀,,游戏截图,云野小鸟,['https://kol-fans.fp.ps.netease.com/file/5d2c54542786fd4e0d0be588N1iHvuhv02'],2019-07-15 10:24:23
【已授权】【作者】鸭吱☀,,游戏截图,云野小鸟,['https://kol-fans.fp.ps.netease.com/file/5d2c543ea7f25290dfcd8757ZkHycS8v02'],2019-07-15 10:24:01
【已授权】【作者】鸭吱☀,,游戏截图,云野小鸟,['https://kol-fans.fp.ps.netease.com/file/5d2c542a96dee4e4ec6cc3b20Y6JCirH02'],2019-07-15 10:23:41
【已授权】【作者】鸭吱☀,,游戏截图,云野小鸟,['https://kol-fans.fp.ps.netease.com/file/5d2c5410143cfa4d083f2029WV4piKXz02'],2019-07-15 10:23:18
【已授权】【作者】鸭吱☀,,游戏截图,云野小鸟,['https://kol-fans.fp.ps.netease.com/file/5d2c5400a7f25282becaa0dboNUBNZqr02'],2019-07-15 10:22:57
【已授权】【作者】鸭吱☀,,游戏截图,云野小鸟,['https://kol-fans.fp.ps.netease.com/file/5d2c53f2143cfa4c743a04f4XkM4Qt0O02'],2019-07-15 10:22:44
【已授权】【作者】鸭吱☀,,游戏截图,云野小鸟,['https://kol-fans.fp.ps.netease.com/file/5d2c53e0143cfa4c743a04d8vcrvNF3x02'],2019-07-15 10:22:28
【已授权】【作者】鸭吱☀,,游戏截图,云野小鸟,['https://kol-fans.fp.ps.netease.com/file/5d2c53d17f9d2abb32cab64fKOJMWl0y02'],2019-07-15 10:22:10
【已授权】【作者】电子Electron1,,同人绘,云野小鸟,['https://kol-fans.fp.ps.netease.com/file/5d2c53a6a7f25290dfcd869c7GwZQteT02'],2019-07-15 10:21:26
【已授权】【作者】电子Electron1,,同人绘,云野小鸟,['https://kol-fans.fp.ps.netease.com/file/5d2c539c5e6027d83953da8cR5LFaVqQ02'],2019-07-15 10:21:17
遇见光遇见你,,同人绘,Loria,['https://kol-fans.fp.ps.netease.com/file/5d2c498e2786fdf4649eb4c7NSkECmCy02'],2019-07-15 09:38:23
感恩相遇,,游戏截图,Echo,"['https://kol-fans.fp.ps.netease.com/file/5d2c463196dee477b88b15d6qqJ15xAW02', 'https://kol-fans.fp.ps.netease.com/file/5d2c46318b7427d8560875b97dAN2rvf02', 'https://kol-fans.fp.ps.netease.com/file/5d2c46326f0494d3e752ed9d8cK69a2A02', 'https://kol-fans.fp.ps.netease.com/file/5d2c46328b7427c2f0b49498zTizy4XI02']",2019-07-15 09:24:03
七星靓仔在线雨林打坐,,游戏截图,南九,['https://kol-fans.fp.ps.netease.com/file/5d2c455896dee47a836bee7dIWuTdtGg02'],2019-07-15 09:20:25
与好友在光遇仙境看天涯海角,,游戏截图,ʚ光之后裔ɞ,"['https://kol-fans.fp.ps.netease.com/file/5d2c45176f0494d3e752ecb1U98PQSlS02', 'https://kol-fans.fp.ps.netease.com/file/5d2c4517a7f25241d71ceca5uv46Vbuw02', 'https://kol-fans.fp.ps.netease.com/file/5d2c45177f9d2a82477faff0dQMVm1Qm02', 'https://kol-fans.fp.ps.netease.com/file/5d2c45185e602799310e234diA1FN0RU02']",2019-07-15 09:19:21
眼 眼睛好痛！！,,游戏截图,13439****15,"['https://kol-fans.fp.ps.netease.com/file/5d2c41f3143cfaed3eb95b3e03B7Tyd602', 'https://kol-fans.fp.ps.netease.com/file/5d2c41f36f0494a4bc5003d6yNi1A4lY02', 'https://kol-fans.fp.ps.netease.com/file/5d2c41f48b74278f96df4d9etsCipHUm02']",2019-07-15 09:05:56
感谢每一个温暖的你们，不管结局如何感谢相遇,,游戏截图,Echo,"['https://kol-fans.fp.ps.netease.com/file/5d2c30772786fd6685b8c158d8bXKyqo02', 'https://kol-fans.fp.ps.netease.com/file/5d2c3077a7f252d1ec3405a7tweZcRxz02', 'https://kol-fans.fp.ps.netease.com/file/5d2c30772786fdaa89eafdcaWtREgoe002', 'https://kol-fans.fp.ps.netease.com/file/5d2c30775e602728637c7ff34eM2fJ0Z02']",2019-07-15 07:51:21
Heart beats getting faster ~,,同人绘,AndrewQY,"['https://kol-fans.fp.ps.netease.com/file/5d2c20635e6027a618d57398jlk6c6Oc02', 'https://kol-fans.fp.ps.netease.com/file/5d2c20648b7427f458c23ba8mlvtT0p202', 'https://kol-fans.fp.ps.netease.com/file/5d2c2065143cfa2743847a78PCSdSDoI02']",2019-07-15 06:42:45
有你们，就是超级开心。从一开始一个人，到一起躲猫猫，躲皮皮虾，弹琴，看风景，跑跑图～有你们，很幸运！,,游戏截图,13308****24,"['https://kol-fans.fp.ps.netease.com/file/5d2c1f68143cfa2742f10542ohIC1ycA02', 'https://kol-fans.fp.ps.netease.com/file/5d2c1f685e6027aea3adc480mm9gafea02', 'https://kol-fans.fp.ps.netease.com/file/5d2c1f68143cfa2743847865OCOduexu02', 'https://kol-fans.fp.ps.netease.com/file/5d2c1f697f9d2ab48c2cd387bdZah3g502']",2019-07-15 06:38:39
和傻宝贝的光遇日常,,游戏截图,S.A,"['https://kol-fans.fp.ps.netease.com/file/5d2c13e27f9d2a844d756f18IoUj5AV002', 'https://kol-fans.fp.ps.netease.com/file/5d2c13e55e60276f5174e2bdIm8b9OrF02', 'https://kol-fans.fp.ps.netease.com/file/5d2c13e78b7427de5c3af249s2D1BbYL02', 'https://kol-fans.fp.ps.netease.com/file/5d2c13f56f0494b44777b78fYGgHxLoH02']",2019-07-15 05:51:10
每天都和朋友一起看风景,,游戏截图,15010****80,"['https://kol-fans.fp.ps.netease.com/file/5d2c097b6f0494b237e18812SSX9B0aF02', 'https://kol-fans.fp.ps.netease.com/file/5d2c097c143cfab7ef9f893c8j0IYxZW02', 'https://kol-fans.fp.ps.netease.com/file/5d2c097c143cfaa23fe78ab3moA9rhic02', 'https://kol-fans.fp.ps.netease.com/file/5d2c097ca7f252ebae81aec48BifBs1k02']",2019-07-15 05:05:02
光仔仔的光遇日常2,,游戏截图,S.A,"['https://kol-fans.fp.ps.netease.com/file/5d2c050f8b74279cfa6e0a07oqNdYO8s02', 'https://kol-fans.fp.ps.netease.com/file/5d2c050f96dee40ad430961bEmAiLFEe02', 'https://kol-fans.fp.ps.netease.com/file/5d2c050f8b74279e2787cd01JwEg5GND02', 'https://kol-fans.fp.ps.netease.com/file/5d2c05105e60271e5eb7f8d03sVHgbLb02']",2019-07-15 04:46:09
光仔仔的日常,,游戏截图,S.A,"['https://kol-fans.fp.ps.netease.com/file/5d2bf7367f9d2aed3a562309KSFaiHMS02', 'https://kol-fans.fp.ps.netease.com/file/5d2bf73796dee4da2012f598OXQCWcl102', 'https://kol-fans.fp.ps.netease.com/file/5d2bf737143cfa38c9ccc9d4wkHwDmQi02', 'https://kol-fans.fp.ps.netease.com/file/5d2bf7375e6027f1b8e04e52A3GqcJZE02']",2019-07-15 03:47:05
每个人都会遇到为你点亮的他（她），结伴而行，感谢有你，我的三岁,,游戏截图,18330****56,"['https://kol-fans.fp.ps.netease.com/file/5d2b71e8a7f252884571b170byiRKDHZ02', 'https://kol-fans.fp.ps.netease.com/file/5d2b71e88b7427e14ad711137K11hIEN02', 'https://kol-fans.fp.ps.netease.com/file/5d2b71e8143cfaa11332fe01OqfXYHBP02', 'https://kol-fans.fp.ps.netease.com/file/5d2b71e82786fd51092d9dd77Qc81aQR02']",2019-07-14 18:18:17
炸龙瞎,,游戏截图,星辰,"['https://kol-fans.fp.ps.netease.com/file/5d2b69436f0494042d760608qtslb1iM02', 'https://kol-fans.fp.ps.netease.com/file/5d2b69437f9d2a7ba57f5dd5Avv7qIbg02', 'https://kol-fans.fp.ps.netease.com/file/5d2b69437f9d2a863281429aLKzi5D7a02', 'https://kol-fans.fp.ps.netease.com/file/5d2b69436f0494e5c21b0bd8lZU6iZKk02']",2019-07-14 17:41:24
遇到一个和我长得一样的小可爱,,游戏截图,鸽子,['https://kol-fans.fp.ps.netease.com/file/5d2b4ef76f04943a840ceb67XAPBa7kE02'],2019-07-14 15:49:11
最美的风景,,游戏截图,13276****75,"['https://kol-fans.fp.ps.netease.com/file/5d2b486f143cfaa0ce582183IpGOCZmp02', 'https://kol-fans.fp.ps.netease.com/file/5d2b486f7f9d2a0a062bbe8597wXe4aV02']",2019-07-14 15:21:20
最常做的两件事,,同人绘,R1cky,['https://kol-fans.fp.ps.netease.com/file/5d2b2293143cfa034590a8ealfFi6MOG02'],2019-07-14 12:39:47
回忆档-1,,游戏截图,冷冻喵,"['https://kol-fans.fp.ps.netease.com/file/5d2aa9ee5e6027e2120591a1UNiiNZAD02', 'https://kol-fans.fp.ps.netease.com/file/5d2aa9ee8b74275c93b2bb96OZ756imW02', 'https://kol-fans.fp.ps.netease.com/file/5d2aa9ee96dee431eeb946b72PIvPiqO02', 'https://kol-fans.fp.ps.netease.com/file/5d2aa9eea7f252d7e739a5036Zlc8A1H02']",2019-07-14 04:05:03
"星星之火,可以燎原",,游戏截图,星辰,"['https://kol-fans.fp.ps.netease.com/file/5d2a20446f0494f51984d048T53U4uhd02', 'https://kol-fans.fp.ps.netease.com/file/5d2a20462786fd5d220cf8ebiRJLN0IU02', 'https://kol-fans.fp.ps.netease.com/file/5d2a20462786fd08f585326fSZi8J3iB02', 'https://kol-fans.fp.ps.netease.com/file/5d2a20465e60273d252a6341SslIsmJh02']",2019-07-13 18:17:43
她眼里的我,,手作,DaPig,"['https://kol-fans.fp.ps.netease.com/file/5d2a04132786fdc146bb7f43CLCFrUOe02', 'https://kol-fans.fp.ps.netease.com/file/5d2a04138b74277b2cf00f27ickiT17p02', 'https://kol-fans.fp.ps.netease.com/file/5d2a04146f0494a4d24b971dfENTfqWJ02', 'https://kol-fans.fp.ps.netease.com/file/5d2a041496dee40bb0a6cde0bzwDUmJt02']",2019-07-13 16:17:25
记忆,,游戏截图,冷冻喵,"['https://kol-fans.fp.ps.netease.com/file/5d29fac3143cfaf7070e0867KcdwvNOj02', 'https://kol-fans.fp.ps.netease.com/file/5d29fac36f04946f42371d66kA9cuwpf02', 'https://kol-fans.fp.ps.netease.com/file/5d29fac35e602796132c0d05iDyaP2gs02', 'https://kol-fans.fp.ps.netease.com/file/5d29fac32786fda03780be9e1jFHXDQy02']",2019-07-13 15:37:40
求献祭小人的心理阴影面积(｡・`ω´･),,游戏截图,15053****76,"['https://kol-fans.fp.ps.netease.com/file/5d29d3958b74279eb8fae7b65DhUeqK302', 'https://kol-fans.fp.ps.netease.com/file/5d29d395143cfa030e34ada5afG19APy02', 'https://kol-fans.fp.ps.netease.com/file/5d29d395143cfa0f62eeb1a11070TZZm02', 'https://kol-fans.fp.ps.netease.com/file/5d29d3955e6027ab3c8b2538mJ99xLT702']",2019-07-13 12:50:30
《光遇仙境》尾声 风暴平息,"尾声
风暴平息
失去也是为了得到
在暴风眼失去了光之翼，失去了斗篷，之前得到的，似乎都是为了暴风眼的失去。但失去了，获得了什么？
经历了，
成长了；
收获了友情和温暖，
经历了光遇世界的温暖之旅，
获得了重生。",同人文,ʚ光之后裔ɞ,[],2019-07-13 11:34:51
《光遇仙境》第八章 暴风眼,"第八章
暴风眼
踏入黑暗，解放灵魂
两天后，暴风眼终于开放了，小伙伴们点燃门前四盏灯，暴风眼的大门缓缓打开，大家进去后，是狭小的空间。
四下昏暗，狂风迎面冲过来。头发、斗篷都被吹得凌乱。“这是最后的挑战了，大家要加油啊！”慕雨鼓舞大家。大家上前点燃蜡烛，歪斜的石门缓缓打开，更大的风一下灌了进来。石门外，灰蒙蒙的天幕下，是大片的废墟，狂风的咆哮声之外，还传来了熟悉的沉重的喘息声——又见巨大的冥龙。雷声滚滚，闪电从远处的山顶劈下来，狂风裹挟着碎石刮过空中，冥龙稍微远一点也变得灰蒙蒙的了。“拉好我的手！”慕雨准备带领大家冲过最后的挑战。迎面而来的碎石源源不断，大家紧紧贴着墙边艰难前行。被碎石砸伤会失去光之翼。慕雨再次确认大家是否牵好了手，然后直接张开斗篷起飞，飞翔着穿越碎石，进入遗弃管道，暂时可躲过威胁的威胁。走到管口，却看见不远的前方废弃的建筑上轮流游走着两只冥龙，暮土的恐惧再次涌上心头，闪电的强光总是刺得眼睛不适，十分影响对冥龙的观察。慕雨带着小伙伴们躲在阶梯前的废管道下面，等冥龙一走，就拽着大家顶着狂风从楼梯上向前跑，但是风力太大，想要速度快是几乎不可能的，冥龙突然死亡回头，就盯上了他们，红色的光聚焦在他们身上，不禁让人绝望。慕雨奋力飞起，冥龙的视线紧紧跟着他们，慕雨带着大家拐着走，这样即使冥龙一直盯着也无法瞄准。终于到了圆柱旁栈道上，逃出了冥龙的视野。顺着碎石栈道往下，绕到进了一个相对安全的山洞里，山洞里有贝壳嵌在墙壁上，还发着蓝色荧光，但这只是个过渡，大家又看见躁动不安的黑螃蟹，然后很快又来到了滚滚雷声下，又要沿着歪斜的碎石前行。岑风突然发现少了个人，“宸霖呢？”她惊慌了。狂风呼啸，轰雷滚滚，根本听不见他人的呼喊，宸霖也不可能听到小伙伴们的呼喊。“原路返回去，这种鬼地方肯定就一条路。”慕雨坚定的语气刻不容缓，义无反顾，带着大家又返回去找宸霖。回到山洞入口处，看见宸霖无助地站在狂风中不敢动，慕雨伸出手，“快跟上吧。”然后又顶风继续。走到废弃管道顶上，身后上方刚好来了冥龙，由于暴风肆虐，没有听见冥龙的声音，突然，冥龙的视线再次锁定了他们，这次慕雨有点慌乱了，下意识地往一边躲避，差点落在废弃管道缝隙里，清伊猛地往上一拖，把大家拉了回来，慕雨继续向前走。
风更大了，闪电也是愈加频繁，愈加强烈，暴风裹挟着更重更大的滚石迎面冲来。慕雨的斗篷能量几乎耗尽，清伊赶忙把大家带到斜插在地里的石板后面，等慕雨恢复能量。岑风脸已经吓得惨白了，一句话也说不出来，只是惊慌的喘着粗气。滚石被狂风狠狠地扔在石板上，发出隆隆的巨响。慕雨恢复满了斗篷的能量，又勇敢地从石板后面一跃而起，但是，这次被狂风击翻摔倒在地。清伊在此拖起大家，到旁边的废墟下蹲着，碎石接连不断的从头顶掠过。“飞得太高了。”慕雨自责道。“没事的，你有我们呢”清伊安慰慕雨。慕雨短暂休息后，又挺着继续，带领大家飞过门柱，迎面飞来的碎石像刀片一样，看着眼前的山洞，隐忍着飞了进去。
山洞里终于安静下来，也暂时明亮了，两旁石像上都点着蜡烛。径直向前走，竟然还有喜人的3个光之翼。再往前走，山洞逐渐黑暗了。山洞里共有9个光之翼。看见了碎石，山洞到了尽头了。最后一段路了，更密集的碎石从右边被暴风吹下来，碎纸很重，速度很快，落地瞬间与地面摩擦出火花，石头变得红红的，随后碎裂。滚石落在身旁，溅起的碎石如同刺一般打中大家的腿，强风吹得人都难以控制行走方向。四个小伙伴被碎石砸散了，都分别躲在巨石旁，整个世界都飞沙走石，都不敢动。慕雨大声喊着：“你们快到我这来！”宸霖和岑风已经不知所措了，她们只能缩成一团塞在巨石下面。“清伊，麻烦你把她们带过来。”慕雨大口地喘着粗气。清伊只是点了点头，就冲出庇护去带小伙伴们。“快出来，拉着我。”清伊低着头躲开滚石，把手伸向宸霖，然后牵着宸霖去接岑风，然后和慕雨会合，慕雨拉上他们，继续向前。
地面上有积水，踩在积水里，加上暴风的作用，愈发的寸步难行。马上需要献祭光之翼，大家也都知道。暴风中，回想起暴风眼前夕寻找光之翼的经历，都十分的不舍。得到，或许是为了失去。百味杂陈，万般不舍涌上心头，但是，失去终究难免。
献祭坛在不同的地方，大家必须要各走各路了。“我们冲吧！ ”慕雨询问着大家，又好像不是在询问。“嗯”大家异口同声地答应了。小伙伴们都放开了手，宸霖和岑风不得不坚强起来了，她们强行放平自己急促的心跳。又逐渐变得昏暗了，沉重的碎石落地瞬间的红光更为鲜艳。“路在哪？”慕雨也变得无助了，可是碎石破碎的声音不绝于耳，没有人回答他。“快…过来交光之翼…”前方传来断断续续的呼唤声，慕雨也开始呼唤同伴，同时摸索着路，来到献祭坛。“大家过来…”献祭坛很明亮，大家都把光之翼献祭了。献祭坛上，光之翼发出耀眼的蓝色火光。绕到献祭坛左边，小伙伴们又在一起了，暂时也没有碎石滚落了，大家稍作喘息。继续走，又是狂风裹挟碎石。不得不再次放手了，这次，小伙伴们就彻底被碎石拆散了。宸霖被碎石击倒，还没等爬起来，又来一块，岑风一直贴着边缘在行走，没有了墙壁，只好匍匐前进。
献祭光之翼后，斗篷的等级也会逐渐降低，能量会变少。慕雨斗篷的能量已被碎石砸光，心火将要熄灭了。他又看见了献祭坛，冲过去，继续献祭光之翼。只有清伊还能找到慕雨，宸霖和岑风已经找不到了。“我们等一会她们。”清伊对慕雨说，他们在火光旁恢复斗篷能量。终于在碎石中，隐约出现了亮光，宸霖拖着已经熄灭了心火的岑风来了，慕雨伸出手把宸霖拉过来。四个小伙伴是不会丢的。“我再带你们一段”慕雨坚强的伸出手，大家也跟上了，“手抓紧了不要掉！”“能飞就飞！”清伊对慕雨说，“飞能避免被砸到。”慕雨咬着牙，张开斗篷再次带着大家飞行，飞到每个献祭坛。
碎石越来越密集，掩体越来越稀疏。“我们自己走吧，会拖累你的。”清伊说。“没事，能带一会也是好的。”慕雨仍然坚挺着，继续向前。突然，一阵连续的碎石砸在慕雨身上，心火直接熄灭了。“我…我不行了…”慕雨无力地对清伊说，“我感觉视野变窄了，看不清东西了。”“嗯，我来带吧。”但是，才走几步，又被砸中了，慕雨被砸掉了还几个光之翼，视野越来越小，越来越模糊。在自然面前，真的，很无力，很渺小。慕雨彻底失去了光，变得黑乎乎的。“快了，前面又是一个献祭坛。”慕雨微弱的声音仍在激励大家，耳畔回荡着凌乱的碎石声。终于熬到了献祭坛，清伊也体无完肤了，慕雨在献祭坛上爬着走，献祭光之翼。所有人都已精疲力尽，视野都变得狭窄了。“加油啊大家！”…“还记得我们的信念吗…黑暗…掩盖不掉光明…只要…只要有一点点缝隙…光就会瞬间…填满黑暗！”慕雨趴在积水里，奋力扒住石板。碎石无情砸下，光之翼在不停的失去，心仿佛随着滚石一同碎了……宸霖的光之翼已经没有了，她真的，真的被砸碎了，然后无声地沉默，慕雨赶忙爬过去拉住，结果慕雨也一同破碎。清伊和岑风还在献祭，献祭后，不可避免的也被砸碎了。
全都被砸碎了。
在无边黑暗中，似乎要无止尽，无止尽地下沉……
突然，如同梦境般，大家恢复了光芒，在好似虚无的空间中轻松自然地站了起来，但是斗篷没了。地面的积水是那样的平静，映着大家的影子。远处有隐约可见的微弱的光，走过去，走到尽头。慕雨看见一个影子失落无力地坐在地上，似曾相识。坐在地上的她也抬起了头，看见了慕雨、清伊，还有岑风。“是你吗，宸霖？”岑风愣愣地问道。“是，我是…你们在这啊”大家伸出手，把宸霖拉起来。“真的是你！”“太好了，是你们。”说着，声音变得哽咽了，无言，胜过万语千言，大家紧紧拥抱在一起，竖直上升了…
没人知道上升了多久，小伙伴们斗篷竟然又出现了，他们漂浮在点点星火上，没有风没有雨，万籁俱寂，天色微明。大家顺着山坡往上走，蝴蝶给这里生机勃勃的感觉，跟随蝴蝶，越飞越高。瀑布的水尤清冽，从山顶倾泻而下，滑过冰洞，看见了许多巨型发光水母律动着。踏着水母，与蝶为伴，攀登高处，树木高耸入云。突然，闪电又开始大作，击碎了山石，迎面滚落下来。“往哪飞？”“跟着蝴蝶的方向。”突然，一只白色的巨型生物从身旁飞过，向上飞去，它身体柔软修长，它是白冥龙！白冥龙！光明的象征！小伙伴们继续往高处飞，越来越接近云层，闪电越来越耀眼，但在那冲出云层的瞬间，一切安静了，阳光无比的温情洒落在每个旅人身上越飞越高，天际线无比的湛蓝，身后是螺旋形的云，云下方是那灾难般的暴风，暴风眼上空，天空深邃。
向着天空继续高飞，遥鲲、白鸟，光明的生物都与大家为伴。飞到了星空中，遨游星空。星空中，所先祖也在这里被解放，翱翔。继续飞翔，远处的星空中逐渐浮现出了星座图，每一颗星都标有名字，是一路上曾同行过的好友的名字，当然，这个四个小伙伴的名字被单独放在一个星座了，他们最闪耀。前方是明亮的银河，飞进巨大的光球。
天空是静谧的蓝色，海水也是静谧的蓝色，漂浮着所有光之翼，都回到了每个人，但是斗篷消失了，大家义无反顾，把所有光之翼，在最后的献祭坛全部献祭，大家丧失了飞行的能力——在晨岛学会的第一个能力。渺茫中，远处的石门亮起来了。大家走上光铸成的螺旋阶梯，走到最高，向前跳下，落在了海面上，天空中出现了先祖古老的壁画，继续朝石门走去。石门的亮光，前所未有的明亮。大家百感交集，蹦着走向石门。走进石门，一切化为乌有，只有灿烂的星河，逐渐远离……
感谢您为光·遇的世界带来温暖！
Sky: Light Awaits
最后星星组成的图案是蜡烛的火焰，发出暖黄色的光芒。
寂静的星空下，一株红蜡烛无声地燃烧着……
被解放的灵魂会赐予您力量
您即将涅槃重生……
一切都结束了，一切都是新的开始。回到遇境了，那个初生的地方，石像上，送给每一位旅人一个光之翼和一株蜡烛，又重新获得了斗篷。
“都还在……”宸霖激动的只能说出这一句话，小伙伴们都张开双手，挨个拥抱，紧紧的拥抱，久久的拥抱……
重生了…
都是新的…",同人文,ʚ光之后裔ɞ,[],2019-07-13 11:30:30
《光遇仙境》第七章 暴风眼前夕,"第七章
暴风眼前夕
风暴即将来临，请未雨绸缪，收集更多的光之翼迎接新的挑战
     暴风眼的大门紧闭着，但是里面的狂风却不能被抵挡，从高大的门上方争先恐后地涌出来，门里闪电肆无忌惮地与狂风肆虐着石壁。石门外面风很大，前行必须顶着强风，前行很费力。
    风暴即将来临，未雨绸缪，收集更多光之翼迎接风暴。
    暴风眼大家谁也没去过，现在只知道那里面一定会很严酷。“你们都有多少光之翼了？” “50” “52” “51” “嗯，我有51个，我们现在就是要把之前去过的地方再去一遍，到处找小金人。”这是个严峻的任务，光之翼有些在很隐蔽的地方，金色光还常常被遮挡。“先回遇境休整一阵吧，也挺累了。”慕雨说。
    这段时间，小伙伴们在遇境玩耍，宸霖每天都会面朝着大海练琴，遇境萦绕着悦耳的旋律。慕雨和清伊闲聊，坐在草地上。清晨，海风吹拂，野芳发而幽香；傍晚，沙鸥翔集，锦鳞游泳；午夜，月光如水，凉风习习，蟋蟀声此起彼伏。
几个星期后，就要从晨岛开始，寻找更多光之翼。
小伙伴们再次去往所有地点，把每个角落都探索一遍。迷路、摔跤都是时常发生的事，在雨林，心火还经常被冰冷的雨水熄灭。夜晚就住在路边，有时风雨交加，有时炙热难耐。几个月后，终于集齐了所有光之翼，小伙伴们都已经身心俱惫。
小伙伴们都准备好前往暴风眼了。",同人文,ʚ光之后裔ɞ,[],2019-07-13 11:27:02
《光遇仙境》第七章 禁阁,"第六章
禁阁
攀爬禁塔，揭开奥秘
     禁阁，暗淡的色彩被古老的灰尘笼罩着，寂静无声，平安祥和。终于没有冥龙了，小伙伴们都放心多了。
    禁阁中央是正八边形平台，圆台四周有台阶，台阶两旁是镂空石头的油灯。油灯没有被点燃，小伙伴们前去点燃。一点燃，塔内昏暗的灯火依次亮起，平台上出现了悬浮着的锥形体，周围出现了另外几盏油灯。点燃每一盏灯，火焰都会向锥体射出一束蓝光，点燃所有的油灯后，锥体发出晶莹的蓝光，平台上出现白色光，小伙伴们陆续坐下。平台开始上升，把小伙伴们送到了禁阁第二层。
    禁阁第二层就比第一层明亮多了，墙上的瓦罐散发着点点荧光，平台旁还有青石板，从青石板走到塔的边缘，有一堵石墙，好像堵住了路，慕雨把四个小伙伴都召唤到墙前，“一、二、三！”同时使劲，石墙就被抬起来了。里面是一间废弃的图书馆，四周的书架空空如也，中央有一张桌子，桌椅表面都布满了灰尘。书桌旁有先祖的坠落之光，跟随坠落之光，用烛光解开了又一处封印。离开废弃的图书馆，飞回平台旁，正好四盏灯，一人点一盏正好激活锥形晶石，回到平台上坐下，平台再次上升。小伙伴们来的禁阁第三层。
    禁阁第三层，平台旁漂浮着几个圆形平台，其余地方是星星点点的微弱的火光。一片漆黑中，又隐约看见了坠落之光，跟着坠落之光沿着漂浮的石块上行，亭子上光之翼的金光也映入眼帘，先解除封印，解放先祖，再飞到亭子顶上，收集光之翼。先祖解放的同时，亭子旁拔地而起一个蓝色荧光的树。“禁阁好顺利啊。”岑风说，是啊，终于没有冥龙了。”慕雨在暮土被冥龙撞的那一下还铭记在心，没有了冥龙无疑是一个定心丸。这一层最外围平台上还有油灯没有点燃，四个小伙伴自然分开，各自点燃一个。点燃后，平台周围出现了半透明的灯围成一圈，顺时针缓缓旋转。四个小伙伴站在旁边不动，等着等一个个转过来，然后点燃。都点燃了，就坐在平台上，等着继续上升。
    到了禁阁的第四层，空中徐徐飞翔着发光的遥鲲，小伙伴们飞到遥鲲的背上，乘着鹏缓缓上升，到了最高的平台飞下来，去解放先祖。这次坠落之光就在封印旁，更加顺利地解除了封印。再跟随另一个坠落之光爬上石阶，解除有一个封印。清伊环顾四周，看见了又一个光之翼，“禁阁光之翼好多啊，而且还找找。”收集完光之翼，再点燃浮空灯，平台继续上升。
    到了禁阁第五层，旁边出现了蓝色荧光的骨架，骨架反而令人好奇了，慕雨飞上去，在上面又蹦又跳，到最上面，又发现了一个光之翼小金人。“清伊你把他们带上来，这有光之翼。” “禁阁光之翼是真的多。”大家在暮土紧绷的神经终于逐渐放松下来。再次回到平台坐下，但平台不再上升了，锥形晶石上升，召唤出了更多遥鲲。小伙伴们发出光的呼唤，遥鲲应声飞来，大家飞到遥鲲背上，乘坐着遥鲲到了禁阁最高的浮岛上，径直往前走，又收集到一个光之翼。跳上石台，跪下祭拜先祖，然后大门打开，走上狭长的楼道，离开禁阁。楼道里风很大，大家不得不弯下腰顶着风。",同人文,ʚ光之后裔ɞ,[],2019-07-13 11:25:07
《光遇仙境》第五章 暮土,"第五章
暮土
    四周是黑色的墙，只有星星点点的蜡烛光，诡谲的气氛让小伙伴们不寒而栗，酣畅淋漓的竞速之乐已不复存在。宸霖不敢动，紧紧粘在慕雨身上，但是这种环境让慕雨也有点战战兢兢。但是害怕没有用，要相信光的力量必将取胜。“走吧！”慕雨壮着胆子，也给团队鼓舞勇气，“是的！暮土我们躲不掉的！”清伊补充着。光的后裔们坚信，黑暗是盖不过光明的，因为哪怕是一点点缝隙，光明会瞬间填满黑暗！
    大家朝着缺口处走，才到缺口，就有很大的风，断崖下是巨大的风漩涡。
“没有其他路了吗？”岑风弱弱地问道。“没有。” “不怕！我们不会死的！”清伊攥紧拳头，心里还是有些不踏实。“那我们牵好手，都要拉紧啊。”慕雨说。说着，大家纵身一跃，被卷入了旋风，掉下深渊。旋风肆无忌惮地肆虐着，撕扯着他们，他们翻滚着，在自然面前那么渺小，那么无力，最后被狂风狠狠地扔在地上。但是，没有一个人脱手，都死死地互相抓着。地面是沙子，没事。大家无力的趴在沙地上，急促的心跳和呼吸还没有平缓下来。“大家都还好吧？”慕雨问候大家。“好着呢。” 既然没事，就继续出发了。
    从沙地上爬起来，充斥墨绿色，四周已全是断壁残垣埋在黑色的沙子中。暮土被厚厚的云层淹没在底下，这里黑暗笼罩着，危机四伏，这里是边陲荒漠，诡异而荒凉，荒漠中处处可见黑色的污水，污水的黑暗力量会消耗斗篷的能量，进而熄灭心火。“水好脏啊，我的斗篷那么漂亮呢。”宸霖嫌弃这污水，这里的一切，但是不知她一个人。面对大片的污水，还散发着异味，没人愿意沾上它，大家都是飞过污水。飞过污水后，降落在沙地上。水边是黑螃蟹的老窝，黑螃蟹反感光明，扎堆冲向小伙伴们，将他们撞倒，然后大摇大摆地回了污水里。过了这片沙地，过了门，就来到了巨兽荒原，巨兽荒原上始终游荡着一只黑乎乎的庞然大物，它是冥龙，光明的破坏者，黑暗的守护者。冥龙厌恶光明，它不停地寻找光明物体，然后迅速冲撞将其销毁。冥龙具有极强的攻击性，这将会是旅人们的第一次巨大挑战。
    大家看见这巨大的冥龙，比自己大好几倍。“必须躲着它！” 冥龙即使在不停巡视，但也不可能看全整个巨兽荒原，所以只要在它没看的时候快速通过。耳畔不时传来冥龙的喘息声，小伙伴们毛骨悚然，都躲在树干后面。这下好，冥龙看不我们了，但我们也看不见冥龙了。“我觉得我该出去看看。”慕雨说。他莽撞的跑出去，飞起来，才起飞冥龙就发现他了。光明物体果然引燃了冥龙的怒火，不由分说，上来就狠狠地拱了慕雨。慕雨光亮熄灭了，他的光之翼被撞掉了，只看见一个黑影和那解了气的冥龙。“我们必须帮他捡起光之翼！”清伊冲出去夺下光之翼，好在冥龙攻击一次后会休息一下，不然又是一起事故。丢失的光之翼会在不久后消失，那样就要去之前的地方重新寻找一番了。慕雨忍住疼痛，跑回来，小伙伴们围着他，这样他就能恢复能量，恢复光芒。慕雨缓缓站起来，清伊把光之翼还给慕雨。“我发现了，冥龙只会按照一定路径来搜寻。我们只要避开就好。”清伊发现了这个规律。大家拉起手，铆足了劲直冲门口，幸好冥龙才游过去，没有发现他们。他们降落在门里，互相击掌，他们却没有注意到红光已在周围闪烁——冥龙又一次盯上了他们。“不好！快躲起来！”慕雨被攻击了一次后加强了警惕，大家急忙躲在墙角，冥龙看不他们了，就游走了。“我们差点全体被拱。”慕雨说。有惊无险，继续前行。但是，两个女孩子已经吓得不轻了，每到一个地方都会不停地问有没有冥龙。过了巨兽荒原，大家首先警觉地环顾四周，看有没有冥龙。才过巨兽荒原当然没有。小伙伴们直接赶往高处观察，确认冥龙的情况。
    前面就是埋骨地，地里嵌着很多巨大的骨架。在黑暗笼罩的暮土，最耀眼的还是光之翼，这个光之翼在较高的平台上，可以直接滑翔过去。慕雨突然注意到下面就游着一只冥龙，不过它不往上看。“冥龙不会抬头！”慕雨对大家说，“我们只要尽量往高处去，冥龙就看不到了。”但是不会那么简单的，其他几个光之翼都恰恰在低处。困难总要面对，慕雨带着大家飞在冥龙上方，然后俯冲到废墟下，寻找光之翼。大家看见一个光之翼，但是在它周围没有掩体，要想拿到，势必会被冥龙看见。埋骨地共有三只冥龙，获得这个光之翼更是难上加难。“动作要快，我带你们过去，你们就马上拿！”清伊说，因为他反应比较灵敏。他带着小伙伴们继续去收集下一个光之翼。清伊虽然反应敏捷，但也比较鲁莽，看见光之翼就拉着一群人冲过去，一只冥龙立即锁定了目标，头向后稍微缩着，准备蓄力，清伊见状赶紧跑路，拖着一群人飞起到石板上。刚落地，就进入了另一只冥龙的视野，宸霖吓出一身冷汗，清伊又把大家带回石板底下躲好，冥龙一头撞在石板上。这下务必要观察仔细了。当冥龙离开时，迅速收集光之翼，然后全力飞离。这两个光之翼的收集，都是虎口脱险。拿完了光之翼，也是水到渠成，就看见不远处的门前有一群白雀，从楼梯上去，就能离开埋骨地了。
    但是大家没有离开，而是又冒险回来，去之前的一个星之门里面。这里高处有一个光之翼，继续前行，一堆废墟上又有一只冥龙巡逻。这里是黑水港湾，港湾停靠着一艘船，已经破烂不堪了。这个港湾曾是光之国的贸易港口，先祖在此进行海外贸易，而今却被冥龙占领。大家不禁出了一身冷汗，只能尽可能往隐蔽的地方躲避，在废墟角落里，大家不停的往上看这冥龙。出奇的寂静，只有冥龙的喘息声和小伙伴急促的心跳声。“这乱石里面好像有光。”宸霖悄悄地说，生怕被冥龙发现。嗯，又一个光之翼。这给紧张的气氛缓解了很多，又获得了一个光之翼。废墟再往前，在水边又是一个光之翼，这里没有冥龙巡逻，大家终于找到了休息的地方。“从进暮土就在惊吓中度过。”清伊说。“这里出口在哪？” “我飞上去看看。”清伊飞得很高，看见废水管道上有几点烛光。“我看见烛光，跟着光走就行。”大家攀爬上废水管道，这管道确实不太好爬，连爬带飞才勉强上去了。从斜坡滑下，就到了远古战场。
    远古战场的废墟仿佛诉说了一段悲壮的历史，先祖曾为斗争黑暗在此英勇抗争，但是最后失败了，这里才变成了废墟：残端坍塌的城墙、散落四处的栅栏，还滋生着黑暗植物。
    废墟上，有一个光之翼，给大家心里上也是一种调剂，而且没有冥龙，更是放松。小伙伴们在废墟上追逐坠落之光，解除封印，然后又触发开门机关。腐朽的木门终于缓缓打开了，不巧，两只冥龙发现不妙马上无声地从土里钻出来，开始巡逻，小伙伴们赶忙离开了。
    看到了石碑，心中的石头也终于落地，大家舒了一口气。大家慢慢跪下，祭拜先祖。门开了，走过狭长的路，再上一段台阶，禁阁就到了。",同人文,ʚ光之后裔ɞ,[],2019-07-13 11:22:22
《光遇仙境》第四章 霞谷,"第四章
霞谷
竞逐落城，再遇荣耀
     巨石耸立，湖面冰封，烈日当空。“那有个光之翼！”慕雨带着小伙伴们跑过去，收集了光之翼。“那边可以到冰层下面。”清伊开玩笑地说，但慕雨还真的想看看，立刻就窜了下去。水很浅，水滴有发光的水草和小水母。宸霖也跟着沐浴下来了，“小金人诶！”宸霖有点惊喜，水里面还有一个光之翼，小伙伴们赶忙都到冰层下收集光之翼。
    把光之翼收集完后，小伙伴们才往右边的路走。飞过一小段云层，就到了狭窄的入口。进去后，石台上摆放着四根蜡烛，左右的门前个出现了四个白色的光圈，四个小伙伴席地而坐，大门向上打开。直接飞跃出去，就是很长的一段滑雪道，坡度很陡，四个小伙伴都加速往下冲，迎面吹来的风把斗篷都掀了起来。大约三分钟的畅快滑行后，大家来到了落日竞技场。小伙伴们已经走过了四个地点，根据经验，四周高大的看台上应该会有光之翼。于是几个小伙伴又分别飞到看台上寻找，霞光很亮眼，光之翼的金光就不再那么显眼了，岑风站在看台最高的位置环顾四周，终于看见了光之翼，它的金光已经快被霞光埋没了。她先跑过去收集，然后站在原地不动，呼唤同伴，这样大家直接去收集就可以了，然后大家回到中间的平台上。宸霖突然想起来霞谷还有另一条支路，“我们回一下遇境，然后重新来一次霞谷。” “为什么？” “冰湖那边还有一条支路呢。” “那走吧。”
    从遇境又一次来到冰湖上，大家这次走了另一条支路。“星之门我打不开。” “我能打开，你们拉着我。”进去以后，城墙间是云层，然后到了充满霞光的金红色云海，云海被风吹得轻轻翻滚。飞过云层，再过一个城门，就到了一个曾经无比繁荣而辉煌的的城堡，城堡被云海托着，空中悬浮的古老陀螺仪仍然在运作，这是霞光城，但这里已是荒城，石阶已经被风化得很明显了，有的已经几乎变成了斜坡，但是柱子却几乎没有残缺，仍然坚硬。沿着石阶登顶，来到城墙檐上，看见了落城上的坠落之光，跟随着坠落之光，在城墙上解除了又一处封印，在此，大家和先祖学会了倒立动作。
    “慕雨，你带我们上去看看嘛。”宸霖拉住慕雨的斗篷，慕雨伸出手，宸霖拉着慕雨的手，其他小伙伴们也跟着，飞到城墙上面亭子的顶上，大家坐成一排。远处的云海层层叠叠，夕阳已经有一半浸没在了云海之中，泼洒着灿烂的余晖，给云海镀上一层金，古城也熠熠生辉，小伙伴们的影子被拉的长长的，云海吹来的海风掀起斗篷，浮起头发。无言之美，尽在于此。
    饱览霞谷后，就要继续行程了，小伙伴们直接从最高点向下俯冲，径直飞向城门。有很多白雀也在门前盘旋。过了城门，就来到了宫殿里，点燃蜡烛，坐下。门开了，又是云海弥漫。要起飞了，四个小伙伴手牵着手，拍成一排，纵身一跃，翱翔云海。“霞谷好大呀。” ”嗯，先祖在这里曾经辉煌过。” 曾经，霞谷是光之国最为繁盛的大都市，宫殿精美，亭台楼阁、机械设施，都一度领先与其他国度，而现在只剩下了这些，文明却逝去了。
    飞了一阵，空中出现了很多悬浮的乱石，这大概是一些废墟破碎了。“你们注意不要撞到碎石！”清伊叮嘱大家。碎石段很短，所幸没有人受伤。离开了碎石，又到了霞谷的终点。进入最后的宫殿，点燃蜡烛，大门就打开了了，又一次开始在云海上翱翔。突然，远处的天空变成了昏暗的绿色，云层也开始不安地翻滚着，隐约看见远处一只庞大的黑色生物钻进云中没了踪影。视野中的废墟越来越多，光线也越来越暗，空气也变得浑浊起来了。黑暗笼罩了世界。
    到了黑色的陆地，大家降落——暮土到了。",同人文,ʚ光之后裔ɞ,[],2019-07-13 11:19:32
《光遇仙境》第三章 雨林,"第三章
雨林 
护佑心火，探索秘林
    这是个雨夜，有鸟鸣声并不寂寞的雨夜。在静谧庭院，大家分别去点燃门两侧的油灯，有了光，就有了力量，有了勇气。继续向前，开始下起了小雨，雨幕中，又看见了淡蓝色坠落之光，跟随坠落之光，就能找到先祖，解锁封印，恢复一个动作的记忆。然而，必须打开这扇遗弃依旧的门，它肯定须要光的力量来启动。最古老的光，就是火了。宸霖这壮了壮胆，上前去点火。门两边各有一个点火槽，但是不能同时引燃。“慕雨～”，宸霖轻声叫到，“帮我把那边的火点一下吖。” “嗯～”慕雨答应着举起了蜡烛，伸到点火槽里。门缓缓打开了。
    走过门，雨下的更大了，鸟鸣声也逐渐消散了，地面上很潮湿，很滑。雨水会消耗斗篷的能量，当斗篷的能量消耗殆尽，就开始消耗心火。护佑心火，探索秘林。心火不能熄灭！
    泥泞的道路旁，生长的黑暗的植物，它们都是黑暗的残留，它们恐惧光亮，慕雨随即用火光驱散了这株黑暗的植物，火光一直烧尽了它的根。“好冷！”宸霖非常无力而无助，她的心火熄灭了，斗篷的橙色光晕也熄灭了，她仍然虚弱地在雨林里寻找伙伴们。雨夜昏暗，其他小伙伴黑暗中只能摸黑寻找宸霖。其他小伙伴各拿着蜡烛，照明周围一小片区域；宸霖循着光亮去找小伙伴。心火和能量可以通过伙伴互助，也可以靠近火光或其他光源来补充。在荧光森林，宸霖看见路边树的根部长着伞盖肥厚的发光蘑菇，急忙跑过去，站在蘑菇下，心会迅速补满了，很快斗篷的能量也恢复了。她悬浮在蘑菇上，呼唤小伙伴们，大家都一起过去，恢复力消耗少许的光能量，大家都挤在一朵蘑菇上，慕雨抚慰的抱了抱宸霖：“都跟你说了不要乱跑了。”慕雨轻轻捏了一下宸霖的脸。“嗯～以后不会啦。”两只小手抓在了一起，小伙伴们继续前行，每隔一段距离就能看见树根长着发着光的大蘑菇。光是光遇世界的指引。沿着蘑菇生长的轨迹，路面逐渐变得狭窄，来到山洞中，两侧是石壁上长着很多发光的蘑菇。
    顺着小溪，从山间缝隙进入了密林遗迹。雨还在下着，几乎看不到光亮了，小伙伴们的心火仍在缓慢地消耗。大家最终还是决定分头行动，寻找光源，哪怕是蜡烛，但是这次慕雨紧紧牵着宸霖的手，不让她到处跑。“前面有个洞，我们先去避会儿雨吧。”岑风斗篷的能量快被雨水耗尽了，跑过去躲着，其他小伙伴也跟着过去了。清伊发现石洞里有几盏没有点燃的油灯，这可能是先祖修筑用来避雨的场所。他伸出蜡烛去点火，石洞里明亮起来了，也弥漫开一缕温暖的火光。小伙伴们赶快围在灯火前，光亮很微弱，但很温暖，斗篷的能量缓慢地恢复了。回满了能量，确保心火不会熄灭。小伙伴们继续前行，才出石洞，又有这样的石洞，一个接着一个。“我们把这些灯都点燃吧，后来的旅人们就可以跟随灯火了。”宸霖轻轻拽着慕雨的斗篷。几个小伙伴就分别点燃了每个石洞里的灯。“宸霖真是细心。”走完了石洞，就有树洞，洞口生长着黑暗的植物。小伙伴们围住它，用火光燃烧黑暗植物，将它烧尽。然后大家就进了树洞，树洞里有两盏明亮的油灯，大家恢复满能量，继续出发。
    大家飞下树洞，跑进亭子里。亭子后面的石板路垮塌在泥泞的地上，清伊点燃四盏，所有断的石板都恢复了原样，拼成了平整的路。其他亭子也升起来了，一条路走下去。几座亭子顶上的金钟相继敲响，召唤出了白鹤，白鹤在雨夜中泛着淡淡的金光，亭下的水里陆续升起了成群的发光水母，悬浮在不同高度，像阶梯一样向上排列着。小伙伴们顺着水母往上一步步走，突然，岑风没有够到水母，掉落下去了，她拼命拍打斗篷，但在地心引力面前是无力的。“快去找一个最低的水母上来，水母是有引力的。”清伊强迫自己保持冷静，理性地指导着岑风。“岑风不急，我们等你。”慕雨和宸霖一起说道。岑风在水里吃力地走着，心火也熄灭了。但是不必担心，发光的水母会迅速恢复心火和斗篷能量。岑风小心翼翼地跳跃到每个水母，终于回到了团队中。清伊拉着岑风，和伙伴们继续向上攀爬。水母群最终把旅人们送到青石阶前，小伙伴们拾级而上，被一座石门堵住了。慕雨根据前面的经验，和宸霖一起点火，果然门就开了。大家走进去，走过一段黑暗就到了一座三层的正六边形塔下。慕雨直接叫大家手拉手，然后直接飞到了顶上。顶层排列着一圈蜡烛，根据惯例，当然要点燃。点燃后，平台中间升起起坐石碑，点燃石碑前的蜡烛，盘坐在前面，祭拜先祖。四周的古老机械焕发出新的光彩，上方圣光照耀，齿轮带动大门开启。
    进了门，是狭窄的通道，几个小伙伴只能排成一列通过。但是很快豁然开朗了，大家来到了秘密花园。雨不再继续下了，天放晴了，参天大树直插云霄，草地上云雾缭绕，温暖的橙色阳光从云间洒在树干上，洒在草坪上。空地中间是圆形的水潭，水在阳光下呈现出晶莹的碧蓝色，像宝石镶嵌在空地上。宸霖蹦蹦跳跳地跑到水边蹲下，用手拨弄着晶莹的水。水上又看见了巨型水母，水母在阳光下发出耀眼的金色荧光，小伙伴们在水边戏水，水珠沾到了斗篷上也毫不关心。
    继续行程，小伙伴们顺着水母，飞进了云海。云海浸透了金黄色的太阳光，软绵绵的。越飞越快，小伙伴们很享受这种飞行。直冲出云海，大家飞翔在云层之上，两侧是错落有致的岩石，岩石一片片的，具有层次感。很快着陆了。路面还有积雪，雪坡很陡，小伙伴们保持着飞行的速度从雪坡往下滑行了很长的雪道，酣畅淋漓，然后腾空，大家张开斗篷，在空中滑翔，降落在冰面上。这里就是霞谷。",同人文,ʚ光之后裔ɞ,[],2019-07-13 11:14:52
夕阳,,游戏截图,忘之,['https://kol-fans.fp.ps.netease.com/file/5d29b7648b74271fbfb8bbecu3BUZJc802'],2019-07-13 10:50:13
云层之上,,游戏截图,忘之,"['https://kol-fans.fp.ps.netease.com/file/5d29b53b8b7427e7affd7caeKpiV3EYE02', 'https://kol-fans.fp.ps.netease.com/file/5d29b53b96dee4db41943b45bg52qpRs02', 'https://kol-fans.fp.ps.netease.com/file/5d29b53c96dee4265c069e4eBBWPMBOL02']",2019-07-13 10:41:00
潮汐,,游戏截图,忘之,['https://kol-fans.fp.ps.netease.com/file/5d29b09e8b7427e40f9258d8xY3iOcwj02'],2019-07-13 10:21:19
人生的路上总有一个陪伴你的人,,游戏截图,十二,"['https://kol-fans.fp.ps.netease.com/file/5d29a4d28b7427c7cd446ba0DSLdK7h002', 'https://kol-fans.fp.ps.netease.com/file/5d29a4d25e602788ab9c1108k1mRpRFQ02', 'https://kol-fans.fp.ps.netease.com/file/5d29a4d25e60276f583ce46f2Uil1FYL02', 'https://kol-fans.fp.ps.netease.com/file/5d29a4d28b74279d96351a51CzI2L1PL02']",2019-07-13 09:31:00
﻿Sky,,游戏截图,s****illynn,['https://kol-fans.fp.ps.netease.com/file/5d298100a7f2527977a8f069etGjb9SS02'],2019-07-13 06:58:08
Sky,,游戏截图,s****illynn,['https://kol-fans.fp.ps.netease.com/file/5d2980d27f9d2acd29a788c25vMNQf2p02'],2019-07-13 06:57:23
Sky,,游戏截图,s****illynn,['https://kol-fans.fp.ps.netease.com/file/5d298034143cfa40b30f5226aJpk82Be02'],2019-07-13 06:54:45
sky,,游戏截图,s****illynn,['https://kol-fans.fp.ps.netease.com/file/5d297f3c6f049401b61eab03OsOR72d902'],2019-07-13 06:50:37
sky,,游戏截图,s****illynn,['https://kol-fans.fp.ps.netease.com/file/5d297f1a96dee40f6ba94b1ay4ZoDdQR02'],2019-07-13 06:50:02
dream,,游戏截图,s****illynn,['https://kol-fans.fp.ps.netease.com/file/5d297f01143cfa40b30f4fcfIO9Azkka02'],2019-07-13 06:49:38
我的小白龙,,游戏截图,Loria,"['https://kol-fans.fp.ps.netease.com/file/5d2975af6f0494c631543786EP2EzTyL02', 'https://kol-fans.fp.ps.netease.com/file/5d2975afa7f25223e888d2a2jWrNlNsU02', 'https://kol-fans.fp.ps.netease.com/file/5d2975b0143cfa0b635549778M29QScY02', 'https://kol-fans.fp.ps.netease.com/file/5d2975b096dee4d91a17db0firDBIDQi02']",2019-07-13 06:09:54
和云国的小伙伴,,游戏截图,Ruuuashe,"['https://kol-fans.fp.ps.netease.com/file/5d2962c0a7f252e88ae88c69MwlPhVaL02', 'https://kol-fans.fp.ps.netease.com/file/5d2962c0143cfa7a0975fe48qxKWGuIG02', 'https://kol-fans.fp.ps.netease.com/file/5d2962c096dee48b627cfacdHEH0ls1G02', 'https://kol-fans.fp.ps.netease.com/file/5d2962c05e602715035462b4UFeRQKCv02']",2019-07-13 04:49:05
云国摄影日常,,游戏截图,Ruuuashe,"['https://kol-fans.fp.ps.netease.com/file/5d2962985e60273476495689w6ZWdF3r02', 'https://kol-fans.fp.ps.netease.com/file/5d296298143cfa8e6de803c6KHQlMp6B02', 'https://kol-fans.fp.ps.netease.com/file/5d296299143cfa8fa70f1b7bOHGP594c02', 'https://kol-fans.fp.ps.netease.com/file/5d29629996dee44b83433c30cjM97LTB02']",2019-07-13 04:48:25
第一次坐上遥鲲,,游戏截图,Ruuuashe,['https://kol-fans.fp.ps.netease.com/file/5d2961947f9d2a2880289b3fSD1bY0mR02'],2019-07-13 04:44:05
【已授权】演奏-初音甩葱歌【作者】烛子,,视频,云野小鸟,['https://kol-fans.fp.ps.netease.com/file/5d2958336f0494309aed1259BH5u4IjK02'],2019-07-13 04:04:05
一人走过的所有路,,游戏截图,18172****95,"['https://kol-fans.fp.ps.netease.com/file/5d2956df7f9d2ac996ab41f2v0ObiGwS02', 'https://kol-fans.fp.ps.netease.com/file/5d2956e07f9d2a12393bf3eeOd5U5USF02', 'https://kol-fans.fp.ps.netease.com/file/5d2956e07f9d2a12393bf3f0fWKtaIa602', 'https://kol-fans.fp.ps.netease.com/file/5d2956e12786fd72d72766d2KkdSEDf902']",2019-07-13 03:58:28
《光遇仙境》第二章 云野,"第二章
云野
敲响钟塔，呼唤遥鲲
    云野，白鸥翔集，清风拂面。澄清的云野好像童年欢快的梦。在此，小伙伴们互相点亮，成为好友，携手共进。
     “你好呀，我们交个朋友吧～”其中一个小伙伴小声地说，伸出白嫩嫩的手表示友好。
     “嗯，你叫什么呀？”这个小伙伴也有点羞涩，但也算答应了。
     “宸霖。”
     “慕雨。”
     “我们去找更多小伙伴吧！”两个小伙伴牵着手，去找其他伙伴。
     “你好”，宸霖和慕雨对着另一小伙伴举起蜡烛，互相照亮，“交个朋友吧”。“嗯，我是清伊；她是岑风。”清伊比较开朗，初次见面就很大方。“你们好。”岑风也和大家打了招呼。
    现在，大家已经是朋友了，小伙伴们三五成群，像孩子一样无忧无虑地在草地上奔跑，橙色的斗篷被碧绿的春风轻轻拂起。玩累了，小伙伴们坐在水边的石凳上，点燃蜡烛，几对小伙伴迎着烛光细语。春光明媚，石凳上的烛光发出若隐若现的心形光晕，每对小伙伴都咯咯的笑。
    笑够了，玩累了，小伙伴们准备出发了，他们一起走上石阶，纵身飞向云里去了。小伙伴们把小手紧紧牵在一起，这样就不会丢啦。云中曲折蜿蜒，其中一只小伙伴对大家说：“牵着我的手不会丢哦～” 小伙伴们很快降落在平坦的山坡上，野花遍地是，周围云层浓密，包围这这片空地，发着光的蝴蝶在飞舞，这是蝴蝶平原。小伙伴们沿着路一起牵着手奔跑，奔向石门柱，顺着早春尚未融化的雪滑下山坡，一起点燃了蜡烛，收集火光，然后走进左边的山洞里去了。山洞中弥漫着浓密的雾气，空气很湿润。大家追随着淡蓝色的坠落之光，来到石头旁举起蜡烛，石头脱落了，蓝色荧光的先祖被解除了封印，光之后裔们重新学习了一个动作。
    继续前行，云雾中出现了很多浮岛，浮岛上有许多坐金色的寺塔，周围飞舞着成群的蝴蝶，云上来回飞着悠闲的白鹤，这就是云中仙乡了。小伙伴们飞到不同的浮岛上玩耍，各自得其乐，在山丘上来回奔跑，点燃蜡烛，收集火光。“宸霖呢？”和慕雨一起的小伙伴突然问道，慕雨马上惊慌失措。几位小伙伴一起在浮岛上呼唤，云间除了白鹤的叫声外，就是此起彼伏的呼唤声“宸霖——”。宸霖正在浮岛上的是门里面，光线进不去，石门里黑漆漆的，只有斗篷微弱的橙色光晕。她听见石门外的呼唤声，但石门里全是回音，根本听不清楚。循着声音，终于看见光线找到了门口。“慕雨——”云间多了一个回应的声音。慕雨飞向宸霖，着陆后，两个人紧紧地拥抱在一起。“宸霖，你以后一定要跟好我哦，不要走丢啦。” “嗯呐～”
    那么，小伙伴们都找到了，大家也玩的熟悉地形了，该继续旅程了。他们紧紧跟着清伊，一起飞到同一座小岛上，点燃石门下的蜡烛，金色寺塔上向上发出一道金光，钟声敲响，呼唤出了云海里的白鹤。随后又飞到下一座小岛，点燃蜡烛，召唤白鹤。几只白鹤在云上呼唤着彼此，呼唤着旅人们。云海翻滚，冲刷着小岛，泛起阵阵清风，又在草地上拂过，泛起波浪。小伙伴们又一同起飞，跟随着白鹤，来到了圣殿。
    圣殿仍然是黑的，只有一座石碑被光照射着，小伙伴们点燃碑前的三支蜡烛，坐在蜡烛前，仰视着石碑。霎时间，成群的发着金光的蝴蝶从石碑四周的几只石罐中喷涌而出，冲向屋顶的那个洞口，那是它们憧憬已久的光明。又一处封印被解除了。小伙伴们互相击掌，都给对方暖暖的抱抱。然后大家张开斗篷，被蝴蝶簇拥着冲向云间。
    天色渐渐昏暗了，云层也越来越厚，越来越重，云层中直插着笔直的黑色树干，空中飘起了毛雨。不久，小伙伴们降落在古老的院落前。这就到了雨林。",同人文,ʚ光之后裔ɞ,[],2019-07-13 01:48:38
最后的光芒,,游戏截图,19923****21,['https://kol-fans.fp.ps.netease.com/file/5d29375c5e602742c507a7c0qPfVXbMk02'],2019-07-13 01:43:57
云气之上，撒下一路星团,,游戏截图,yesi！,"['https://kol-fans.fp.ps.netease.com/file/5d28a7025e60277f4442265d6qfAPsmG02', 'https://kol-fans.fp.ps.netease.com/file/5d28a702143cfaefe0da7d6dySORAkki02', 'https://kol-fans.fp.ps.netease.com/file/5d28a7032786fd6ccbd234d7q45fUI4H02']",2019-07-12 15:28:03
sky光遇场景插画“傍晚小沙丘”,,同人绘,l****ylife.ym,['https://kol-fans.fp.ps.netease.com/file/5d285797a7f252fa85e5f673Z9zP4bJ902'],2019-07-12 09:49:11
独自走完一路😭,,游戏截图,13611****93,"['https://kol-fans.fp.ps.netease.com/file/5d284c698b742769bdaa04cdGqDDRltX02', 'https://kol-fans.fp.ps.netease.com/file/5d284c692786fda3eff22f16CU3SBuPi02', 'https://kol-fans.fp.ps.netease.com/file/5d284c696f04942034a4c09dsEJiPxbo02', 'https://kol-fans.fp.ps.netease.com/file/5d284c69143cfaab1ca72a57mlpfqmim02']",2019-07-12 09:01:30
where do we go,,游戏截图,Loria,"['https://kol-fans.fp.ps.netease.com/file/5d28403a8b74275508150f95gkFXZpTG02', 'https://kol-fans.fp.ps.netease.com/file/5d28403b143cfa875fb7dbe6f0f8a4U702', 'https://kol-fans.fp.ps.netease.com/file/5d28403b5e602713ef82b34cL0jcoREj02', 'https://kol-fans.fp.ps.netease.com/file/5d28403e2786fd892db9190fzcbh3us702']",2019-07-12 08:09:39
When we all fall asleep,,光遇,Loria,"['https://kol-fans.fp.ps.netease.com/file/5d283ec66f04942168b25116ZLdEh8bW02', 'https://kol-fans.fp.ps.netease.com/file/5d283ec76f0494334f6aea2f7TI54qcW02', 'https://kol-fans.fp.ps.netease.com/file/5d283ec796dee469db4f90275jREk30z02', 'https://kol-fans.fp.ps.netease.com/file/5d283ec77f9d2ae9ce0ae110ac8XNPlU02']",2019-07-12 08:03:20
世界外的世界,,游戏截图,Loria,"['https://kol-fans.fp.ps.netease.com/file/5d283d11a7f252a435b23fc6QDSuOAcY02', 'https://kol-fans.fp.ps.netease.com/file/5d283d12143cfa8b433a3f2758aELAJw02', 'https://kol-fans.fp.ps.netease.com/file/5d283d12143cfa875fb7d5f8Bmq9S3jH02', 'https://kol-fans.fp.ps.netease.com/file/5d283d125e6027dd3ae1d0bdilHwJuiM02']",2019-07-12 07:56:02
皮皮虾冲鸭！！,,游戏截图,星辰,"['https://kol-fans.fp.ps.netease.com/file/5d2816f996dee498f38e4c15MjdAJZZ502', 'https://kol-fans.fp.ps.netease.com/file/5d2816fa8b74278ecdc84804piT5dAMp02']",2019-07-12 05:13:30
你有没有为别人奋不顾身?,,视频,落叶雨飘零,['https://kol-fans.fp.ps.netease.com/file/5d27defc7f9d2a4a8d76b2e5iMZTHq8F02'],2019-07-12 01:14:37
同样的天空不一样的色彩,,游戏截图,怪美咖,"['https://kol-fans.fp.ps.netease.com/file/5d2794c12786fd3e6effb10bbRZVOJ5Z02', 'https://kol-fans.fp.ps.netease.com/file/5d2794c18b74274ce277a5408brpVE2V02', 'https://kol-fans.fp.ps.netease.com/file/5d2794c1a7f252638614cb54HoDCmO8z02', 'https://kol-fans.fp.ps.netease.com/file/5d2794c22786fdcd913a854egcpFVI3X02']",2019-07-11 19:57:54
抱住胖胖的自己,,游戏截图,怪美咖,"['https://kol-fans.fp.ps.netease.com/file/5d2793f12786fddef1606869hrx3N0eM02', 'https://kol-fans.fp.ps.netease.com/file/5d2793f196dee416a67c5056oQz2Vr5o02', 'https://kol-fans.fp.ps.netease.com/file/5d2793f18b7427dc57806009XB0bxqJ202', 'https://kol-fans.fp.ps.netease.com/file/5d2793f16f0494df61fe1dc6tsrFOIiy02']",2019-07-11 19:54:25
也许这就是缘分吧,,遇见,十二,"['https://kol-fans.fp.ps.netease.com/file/5d277c016f049409c7e4e8d4LCRIiStu02', 'https://kol-fans.fp.ps.netease.com/file/5d277c015e60273bcb1ee32aW9GR8UOB02', 'https://kol-fans.fp.ps.netease.com/file/5d277c018b7427dc578058f5i1AIuqti02', 'https://kol-fans.fp.ps.netease.com/file/5d277c016f0494a29d55f71aWdru5CEl02']",2019-07-11 18:12:18
遇见,,游戏截图,星辰,['https://kol-fans.fp.ps.netease.com/file/5d27754b143cfa8a3449a353FsXlHMk002'],2019-07-11 17:43:39
在光遇的点点滴滴,,游戏截图,星辰,"['https://kol-fans.fp.ps.netease.com/file/5d2774fd8b7427c59aefdbc59kQSHQeK02', 'https://kol-fans.fp.ps.netease.com/file/5d2774fd5e60271e049a56b1MC9J5RWh02', 'https://kol-fans.fp.ps.netease.com/file/5d2774fe96dee4a29b20e8b6IgYW9eqh02', 'https://kol-fans.fp.ps.netease.com/file/5d2774fe5e6027198331497c6QuG7eiR02']",2019-07-11 17:42:23
飞跃,,游戏截图,R1cky,['https://kol-fans.fp.ps.netease.com/file/5d27622b7f9d2a2293d84511KUYk8dM102'],2019-07-11 16:22:03
光,,游戏截图,R1cky,['https://kol-fans.fp.ps.netease.com/file/5d275e0896dee427fd0af340xlkF05Nc02'],2019-07-11 16:04:24
皮皮虾，我们来看你了,,游戏截图,落叶雨飘零,"['https://kol-fans.fp.ps.netease.com/file/5d275dff143cfa24282a13f51WrQdyyw02', 'https://kol-fans.fp.ps.netease.com/file/5d275dffa7f252bfc78a8f84oxQYlEz502', 'https://kol-fans.fp.ps.netease.com/file/5d275dff2786fd980c4064e5piJeBJ4902', 'https://kol-fans.fp.ps.netease.com/file/5d275e008b742765d3b62921guwfqtjA02']",2019-07-11 16:04:17
这里很安静,,游戏截图,R1cky,['https://kol-fans.fp.ps.netease.com/file/5d275db6a7f252da1542afb0adB6szUg02'],2019-07-11 16:03:03
我看下能传视频不,,游戏截图,落叶雨飘零,['https://kol-fans.fp.ps.netease.com/file/5d275ab7143cfa1bb76c3d77p5RGeQy202'],2019-07-11 15:50:15
掀个螃蟹都是爱你的形状（x,,游戏截图,怀影,"['https://kol-fans.fp.ps.netease.com/file/5d273b285e6027a317676b0bDR28jJI002', 'https://kol-fans.fp.ps.netease.com/file/5d273b296f0494c114e0a3f89QxuzqVc02', 'https://kol-fans.fp.ps.netease.com/file/5d273b2a143cfa3bb8157432HkeLmwrq02', 'https://kol-fans.fp.ps.netease.com/file/5d273b2b96dee43b3f86ef80efucfpS302']",2019-07-11 13:35:40
最喜欢的小伙伴,,同人绘,18608****56,['https://kol-fans.fp.ps.netease.com/file/5d2711c296dee453c3a779dbZoCQlXJJ02'],2019-07-11 10:38:59
【截图技巧】分享一些你不知道的动作小彩蛋（让你的截图更丰富）,,视频,18350****48,['https://kol-fans.fp.ps.netease.com/file/5d270cbf143cfa1af97a7232wy916S6a02'],2019-07-11 10:17:41
暴风眼,,游戏截图,z****zy061024,['https://kol-fans.fp.ps.netease.com/file/5d2659678b7427025c10f623UcYwlQ1A02'],2019-07-10 21:32:24
满船清梦压星河,,游戏截图,风旅人,"['https://kol-fans.fp.ps.netease.com/file/5d263dca5e60271561068216Qij9wmWS02', 'https://kol-fans.fp.ps.netease.com/file/5d263dcaa7f25287904e4f84jSCbMgDg02', 'https://kol-fans.fp.ps.netease.com/file/5d263dca7f9d2a5b7e1ee297qPZo7gAd02', 'https://kol-fans.fp.ps.netease.com/file/5d263dca7f9d2ae0f211e7767uptTD5602']",2019-07-10 19:34:35
暮土的勇者✌,,游戏截图,落枫红糖,"['https://kol-fans.fp.ps.netease.com/file/5d25c180a7f2520a27581475L67iLSwY02', 'https://kol-fans.fp.ps.netease.com/file/5d25c181143cfa33acdd13eaiK7sewOI02', 'https://kol-fans.fp.ps.netease.com/file/5d25c18196dee40fc15d49f46eiaPqZg02']",2019-07-10 10:44:17
旅行,,游戏截图,1****79215,"['https://kol-fans.fp.ps.netease.com/file/5d2573875e6027b744f9f4c0xiBqJNJ402', 'https://kol-fans.fp.ps.netease.com/file/5d2573872786fd750d22366asQsHTou002', 'https://kol-fans.fp.ps.netease.com/file/5d2573878b742750392709cbT9xGiu4302', 'https://kol-fans.fp.ps.netease.com/file/5d2573877f9d2ae14ea5827aBG0mOkpc02']",2019-07-10 05:11:38
我好爱这游戏,,同人绘,z****549897,"['https://kol-fans.fp.ps.netease.com/file/5d255e2f143cfafb28f2eb05HayAPhuV02', 'https://kol-fans.fp.ps.netease.com/file/5d255e2f143cfae3cdc394a98us5uEWY02', 'https://kol-fans.fp.ps.netease.com/file/5d255e307f9d2aad6da935cdisCh84Ws02']",2019-07-10 03:40:32
晨岛,,游戏截图,ʚ光之后裔ɞ,"['https://kol-fans.fp.ps.netease.com/file/5d2542aaa7f2528ffcee7603UH2VaZVr02', 'https://kol-fans.fp.ps.netease.com/file/5d2542aa7f9d2aca4546c59fkBrWfCFX02']",2019-07-10 01:43:07
手和手牵在一起，就是温度,,游戏截图,风旅人,"['https://kol-fans.fp.ps.netease.com/file/5d24cef96f049488547edea1KpLf94i702', 'https://kol-fans.fp.ps.netease.com/file/5d24cef9143cfa2e22079864UborVqLQ02']",2019-07-09 17:29:29
花火，飛鳥和你,,游戏截图,13268****56,"['https://kol-fans.fp.ps.netease.com/file/5d24a75b2786fde7ea48fe43uBwNcubP02', 'https://kol-fans.fp.ps.netease.com/file/5d24a75b6f0494c3ac92ef9egNfcuxQT02', 'https://kol-fans.fp.ps.netease.com/file/5d24a75c96dee4a35a588ffd0GQiEDTM02', 'https://kol-fans.fp.ps.netease.com/file/5d24a75c7f9d2a9c367fa0a8IjsS26uw02']",2019-07-09 14:40:28
光带走我的烦恼,,同人绘,q****5324270,['https://kol-fans.fp.ps.netease.com/file/5d24a1026f0494ae31723b6cIjPBDe8v02'],2019-07-09 14:13:22
挽手说梦话,,游戏截图,15151****54,"['https://kol-fans.fp.ps.netease.com/file/5d24937e6f049443c098557asY59esoI02', 'https://kol-fans.fp.ps.netease.com/file/5d24937e96dee4f8b97a346aIKszo9EV02']",2019-07-09 13:15:43
西天取经,,同人绘,雨木,['https://kol-fans.fp.ps.netease.com/file/5d245c1f96dee457b1b420d737LkCEU902'],2019-07-09 09:19:27
别怕,,游戏截图,雨木,['https://kol-fans.fp.ps.netease.com/file/5d2440a896dee42f4f94ba30rNatTs1O02'],2019-07-09 07:22:16
落日,,游戏截图,雨木,['https://kol-fans.fp.ps.netease.com/file/5d2440198b7427bd9872511f7SlTvjVN02'],2019-07-09 07:19:54
空岛“sky光遇”场景插画，持续更新...,,同人绘,l****ylife.ym,['https://kol-fans.fp.ps.netease.com/file/5d2419427f9d2aaecfd06c32sX3ui1AR02'],2019-07-09 04:34:10
随便截个图都很有意境,,游戏截图,18773****10,"['https://kol-fans.fp.ps.netease.com/file/5d2409725e6027e127041a19wivICm5R02', 'https://kol-fans.fp.ps.netease.com/file/5d2409726f04947d3f854935NYgLohir02', 'https://kol-fans.fp.ps.netease.com/file/5d2409722786fdcc6af086d44O8C9eoQ02', 'https://kol-fans.fp.ps.netease.com/file/5d2409727f9d2a4bc899d7f3cfpNtPWN02']",2019-07-09 03:26:43
【已授权】光遇手作【作者】slds6,,手作,云野小鸟,"['https://kol-fans.fp.ps.netease.com/file/5d24064c5e6027e127041519Uh6CAjGw02', 'https://kol-fans.fp.ps.netease.com/file/5d24064e5e6027dcb5804596N432hPTu02', 'https://kol-fans.fp.ps.netease.com/file/5d24064ea7f2520ccf57f4a3N1MOpziS02']",2019-07-09 03:13:20
【已授权】光遇手作【作者】slds6,,手作,云野小鸟,['https://kol-fans.fp.ps.netease.com/file/5d24062f96dee4ced774cfaduJOOmhCz02'],2019-07-09 03:12:48
【已授权】【作者】Dinnertea,,游戏截图,云野小鸟,['https://kol-fans.fp.ps.netease.com/file/5d2405f1143cfa6a24dc74d6cbwhTNlV02'],2019-07-09 03:11:45
【已授权】【作者】Dinnertea,,游戏截图,云野小鸟,['https://kol-fans.fp.ps.netease.com/file/5d2405e5143cfa969b2a6f44bZhzJFDJ02'],2019-07-09 03:11:33
【已授权】【作者】Dinnertea,,游戏截图,云野小鸟,['https://kol-fans.fp.ps.netease.com/file/5d2405d98b7427a380defbcdrNcy8mZb02'],2019-07-09 03:11:21
【已授权】 Sky光遇演奏 小星星变奏曲【作者】烛子ikina-,,视频,云野小鸟,['https://kol-fans.fp.ps.netease.com/file/5d24059ba7f252f6d4382360uEsiMTTw02'],2019-07-09 03:10:20
【已授权】Sky光遇演奏 马里奥1-1【作者】烛子ikina-,,视频,云野小鸟,['https://kol-fans.fp.ps.netease.com/file/5d24058b5e6027d45d9fe222C5IP679u02'],2019-07-09 03:10:06
【已授权】Sky光遇 千本樱 烛子演奏【作者】烛子ikina-,,视频,云野小鸟,['https://kol-fans.fp.ps.netease.com/file/5d2404fb5e6027dcb580439f7ifLMpbO02'],2019-07-09 03:07:40
【已授权】sky光遇演奏 欢乐颂【作者】烛子ikina-,,视频,云野小鸟,['https://kol-fans.fp.ps.netease.com/file/5d2404f86f04947d3f854620icjefr3U02'],2019-07-09 03:07:37
【已授权】卡农 难度☆☆☆☆☆ Sky光遇演奏【作者】烛子ikina-,,视频,云野小鸟,['https://kol-fans.fp.ps.netease.com/file/5d2404bf143cfa935271ef08k2L8iztU02'],2019-07-09 03:06:42
﻿【已授权】Sky光遇演奏 天空之城 宫崎骏【作者】烛子ikina-,,视频,云野小鸟,['https://kol-fans.fp.ps.netease.com/file/5d24048c5e6027dcb58042d2QYbbwa5z02'],2019-07-09 03:05:51
【已授权】Sky光遇演奏 初音甩葱歌【作者】烛子ikina-,,视频,云野小鸟,['https://kol-fans.fp.ps.netease.com/file/5d2404502786fdad65875ef7VEKGWe0j02'],2019-07-09 03:04:49
【已授权】在晨岛上用竖琴弹奏《洋娃娃和小熊跳舞》【作者】真喵界大佬,,视频,云野小鸟,['https://kol-fans.fp.ps.netease.com/file/5d2404196f04948ce9fda22aWa3fbhdB02'],2019-07-09 03:03:54
【已授权】一场画面引起极度舒适的冒险【作者】明霁是草莓味的,,视频,云野小鸟,['https://kol-fans.fp.ps.netease.com/file/5d2403e36f04948723c9fa2aLOQOgUmL02'],2019-07-09 03:03:01
【已授权】在《sky光遇》里谈《沧海一声笑》【作者】真喵界大佬,,视频,云野小鸟,['https://kol-fans.fp.ps.netease.com/file/5d2403e17f9d2a4f1991cb323wDqo4Qu02'],2019-07-09 03:02:58
【已授权】竖琴弹奏《一闪一闪亮晶晶》【作者】真喵界大佬,,视频,云野小鸟,['https://kol-fans.fp.ps.netease.com/file/5d2403c08b74273858e8011c8VugI5eo02'],2019-07-09 03:02:25
【已授权】竖琴千本樱试弹【作者】连夫人想学日语,,视频,云野小鸟,['https://kol-fans.fp.ps.netease.com/file/5d24037c143cfa935271ed3fZKBZTiSs02'],2019-07-09 03:01:18
【已授权】好运来试弹【作者】连夫人想学日语,,视频,云野小鸟,['https://kol-fans.fp.ps.netease.com/file/5d24034aa7f252f66436f285DTaRzNBB02'],2019-07-09 03:00:29
【已授权】fly-致 沙漠之舟【作者】SAPlinG小树,,视频,云野小鸟,['https://kol-fans.fp.ps.netease.com/file/5d24032c8b74272b1baaf5f907Ihiyei02'],2019-07-09 02:59:57
🌧️,,游戏截图,ニヤ,['https://kol-fans.fp.ps.netease.com/file/5d23fe4ca7f252cca0ab7ba4xdMPRSGE02'],2019-07-09 02:39:09
暮土·船坞·星火,,游戏截图,风旅人,"['https://kol-fans.fp.ps.netease.com/file/5d23ecee2786fdba2fd437e0uwP9wxoW02', 'https://kol-fans.fp.ps.netease.com/file/5d23ecee143cfa14be3d0124e4FU6p0T02']",2019-07-09 01:25:03
❤️,,游戏截图,冷冻喵,['https://kol-fans.fp.ps.netease.com/file/5d23e8ea6f0494bbb51a07e7v2p4dsPy02'],2019-07-09 01:07:54
biu❤️,,游戏截图,冷冻喵,"['https://kol-fans.fp.ps.netease.com/file/5d23e845143cfa05febc84f4F7M2Qptd02', 'https://kol-fans.fp.ps.netease.com/file/5d23e84596dee450830b30f8BeBTmv5I02', 'https://kol-fans.fp.ps.netease.com/file/5d23e8455e60275481790936z1Hu83km02', 'https://kol-fans.fp.ps.netease.com/file/5d23e8457f9d2ad92e8f0d22fX4lr1ct02']",2019-07-09 01:05:10
愿你历尽千帆，归来仍是少年,,游戏日常,猫七,"['https://kol-fans.fp.ps.netease.com/file/5d23df0996dee406985828af8fzAE5AY02', 'https://kol-fans.fp.ps.netease.com/file/5d23df0996dee4f1184e6a219tyV7mee02', 'https://kol-fans.fp.ps.netease.com/file/5d23df095e6027018868a2ba42g0W60202', 'https://kol-fans.fp.ps.netease.com/file/5d23df092786fdfe9842749cMwjva6sF02']",2019-07-09 00:25:46
刚进入sky光遇那份无以言语的宁静，时间终于慢下来了。,,游戏截图,雪风,"['https://kol-fans.fp.ps.netease.com/file/5d23dafa6f0494c9cbd00ca7ZZbY4EGN02', 'https://kol-fans.fp.ps.netease.com/file/5d23dafba7f252e91680da25Ha0WxhY802', 'https://kol-fans.fp.ps.netease.com/file/5d23dafb8b7427d5836939f1XPB4jAYx02', 'https://kol-fans.fp.ps.netease.com/file/5d23dafb5e60270188689f9cq843zC4702']",2019-07-09 00:08:28
爱雨林的凝重深沉，也爱雨过天晴,,游戏截图,落枫红糖,"['https://kol-fans.fp.ps.netease.com/file/5d23d879143cfaadbd33585eCVC6mSsY02', 'https://kol-fans.fp.ps.netease.com/file/5d23d8798b7427d5836938c37Sz2kZG202', 'https://kol-fans.fp.ps.netease.com/file/5d23d879a7f252c7d0704bd8Btu9d3SB02', 'https://kol-fans.fp.ps.netease.com/file/5d23d879a7f252c0ea7d6391HMhaq7GE02']",2019-07-08 23:57:45
光，是遇见你就已经很幸运了。,,游戏截图,15527****51,"['https://kol-fans.fp.ps.netease.com/file/5d2361a2143cfa553b0601e7KagFD6Ba02', 'https://kol-fans.fp.ps.netease.com/file/5d2361a296dee4d41e7983c88wLKBrl102']",2019-07-08 15:30:42
奔跑,,游戏截图,pando,"['https://kol-fans.fp.ps.netease.com/file/5d235cb02786fdc799a1013bIuwmkk9Z02', 'https://kol-fans.fp.ps.netease.com/file/5d235cb02786fdc577d743be12HUSILt02', 'https://kol-fans.fp.ps.netease.com/file/5d235cb196dee4b76ce8c23d7vSjUs0I02', 'https://kol-fans.fp.ps.netease.com/file/5d235cb18b7427b41b5c1365TzmtTL4j02']",2019-07-08 15:09:38
和小伙伴手拉手,,游戏截图,pando,"['https://kol-fans.fp.ps.netease.com/file/5d235c3296dee434c4837663XQPKOibi02', 'https://kol-fans.fp.ps.netease.com/file/5d235c33a7f2521b53ba86b57pkZYzzQ02', 'https://kol-fans.fp.ps.netease.com/file/5d235c3496dee49fbd2d4bc1ewvFjq3802', 'https://kol-fans.fp.ps.netease.com/file/5d235c3496dee4a73f6e74b7XNEOiKZr02']",2019-07-08 15:07:36
和小伙伴一起玩耍,,游戏截图,pando,"['https://kol-fans.fp.ps.netease.com/file/5d235b8e96dee49fbd2d4afe7lCNZhus02', 'https://kol-fans.fp.ps.netease.com/file/5d235b8f8b7427b1360736170F3ZU9sr02', 'https://kol-fans.fp.ps.netease.com/file/5d235b8f96dee49fbd2d4affqeHgdcAq02', 'https://kol-fans.fp.ps.netease.com/file/5d235b8f8b7427ba7c248f73waJv4caX02']",2019-07-08 15:04:49
初遇小伙伴,,游戏截图,pando,"['https://kol-fans.fp.ps.netease.com/file/5d235b02143cfa5900ba7c9127kxubBr02', 'https://kol-fans.fp.ps.netease.com/file/5d235b056f0494c1d94259e1qqsCPSiC02', 'https://kol-fans.fp.ps.netease.com/file/5d235b085e60278f2a437898WqJlEffB02']",2019-07-08 15:02:32
云野漫游,,游戏截图,pando,"['https://kol-fans.fp.ps.netease.com/file/5d2359e36f0494b9d635a34fDOiatOth02', 'https://kol-fans.fp.ps.netease.com/file/5d2359e3143cfa512c4b9391WSL1gOFW02', 'https://kol-fans.fp.ps.netease.com/file/5d2359e46f049488f2dedc22EmgNp3OU02', 'https://kol-fans.fp.ps.netease.com/file/5d2359e66f049491373d462fpPisNtxD02']",2019-07-08 14:57:44
初到云野,,游戏截图,pando,"['https://kol-fans.fp.ps.netease.com/file/5d2355a72786fd79b3f66a8658dXbMNs02', 'https://kol-fans.fp.ps.netease.com/file/5d2355aa5e6027149d81fe3aTOjoK6hq02', 'https://kol-fans.fp.ps.netease.com/file/5d2355af8b7427835e6b2816B6u7Wi2o02', 'https://kol-fans.fp.ps.netease.com/file/5d2355b22786fd9cb43a6955zW87hmrT02']",2019-07-08 14:39:55
与她相遇,,游戏截图,m****5081280,['https://kol-fans.fp.ps.netease.com/file/5d234f337f9d2a3ea4920fa6S6AtsALH02'],2019-07-08 14:12:03
我们走过的神庙，看过的不同颜色,,视频,鹅久,['https://kol-fans.fp.ps.netease.com/file/5d234e6f143cfa094b22320deNHGcGgV02'],2019-07-08 14:08:49
光遇是一个多人搞笑游戏（不）,,游戏截图,怀影,"['https://kol-fans.fp.ps.netease.com/file/5d2340db2786fd3061dd0353gaeDr09T02', 'https://kol-fans.fp.ps.netease.com/file/5d2340dd2786fd2d9bb452949VBQFocL02', 'https://kol-fans.fp.ps.netease.com/file/5d2340de143cfa92e63b2063vg8E85pT02', 'https://kol-fans.fp.ps.netease.com/file/5d2340df143cfaa5753e00caWyGmCHex02']",2019-07-08 13:10:57
在光遇中感受安静与美好,,游戏截图,怀影,"['https://kol-fans.fp.ps.netease.com/file/5d233f035e6027d9b532133895tYFbxp02', 'https://kol-fans.fp.ps.netease.com/file/5d233f045e6027a4b6041255iKfYWNKg02', 'https://kol-fans.fp.ps.netease.com/file/5d233f0596dee406e5dffc75Y8hQqJOQ02', 'https://kol-fans.fp.ps.netease.com/file/5d233f06143cfaac3b9ddcd1S3StAzev02']",2019-07-08 13:03:07
浪漫,,游戏截图,5****6177,['https://kol-fans.fp.ps.netease.com/file/5d2331b1a7f2522740568aceAfOmlJ5b02'],2019-07-08 12:06:10
悟道,,游戏截图,5****6177,['https://kol-fans.fp.ps.netease.com/file/5d23310c6f0494c8c1ba3f85NEdEFzPS02'],2019-07-08 12:03:25
求抱抱,,手作,5****6177,"['https://kol-fans.fp.ps.netease.com/file/5d2330827f9d2a8e1f7abf3ap1v4rjXb02', 'https://kol-fans.fp.ps.netease.com/file/5d2330836f0494c8c1ba3ed6ltdwmwZO02']",2019-07-08 12:01:07
星际大战,,游戏截图,荷包蛋,['https://kol-fans.fp.ps.netease.com/file/5d22fda796dee454c19eb3f4okaGGS8r02'],2019-07-08 08:24:08
深情对望,,游戏截图,荷包蛋,['https://kol-fans.fp.ps.netease.com/file/5d22fd9a7f9d2a97397dfcc7Px4xYPvV02'],2019-07-08 08:23:54
出来光遇，请多关照,,游戏截图,荷包蛋,['https://kol-fans.fp.ps.netease.com/file/5d22fd7c96dee44ee697002bIuA6fazk02'],2019-07-08 08:23:24
旅途,,游戏截图,13407****44,"['https://kol-fans.fp.ps.netease.com/file/5d22f7a6143cfae3f94165e76ajlb87g02', 'https://kol-fans.fp.ps.netease.com/file/5d22f7a6143cfaea0e937874EomiZ8w702', 'https://kol-fans.fp.ps.netease.com/file/5d22f7a6143cfae3f94165eaAPuyR2u102', 'https://kol-fans.fp.ps.netease.com/file/5d22f7a65e60272568f34af7VsCKglmA02']",2019-07-08 07:58:31
fly in the sky,,同人绘,15800****13,['https://kol-fans.fp.ps.netease.com/file/5d22f4597f9d2a782f8e7222JEojCWsh02'],2019-07-08 07:44:26
和朋友在苹果workshop的涂鸦作品~（小人是我们画的，背景是游戏原图）,,同人绘,爪哇国国师小八爪,"['https://kol-fans.fp.ps.netease.com/file/5d22e6b5a7f252d3357bfaf7qJaxeH8H02', 'https://kol-fans.fp.ps.netease.com/file/5d22e6b596dee4ea91a21eaa0tDA9m9l02']",2019-07-08 06:46:13
云顶之颠，有你在便能为所欲为～,,游戏截图,m****7836175,['https://kol-fans.fp.ps.netease.com/file/5d2228ae2786fd3b5df253e65ltw2ccA02'],2019-07-07 17:15:26
星空之下，梦想之景！谢谢光遇,,游戏截图,m****1947866,"['https://kol-fans.fp.ps.netease.com/file/5d222635a7f2527c8e48c218MKDFd8rv02', 'https://kol-fans.fp.ps.netease.com/file/5d222635143cfae511519ca8D5JlRiii02']",2019-07-07 17:04:54
最美的世界遇到最美的你,,游戏截图,a****354679,['https://kol-fans.fp.ps.netease.com/file/5d2226017f9d2afd3678f9ccIGQLG2Zh02'],2019-07-07 17:04:02
有些歌曲为了效果加了点速，有点变声不要介意哈哈(•͈˽•͈),,视频,鹅久,['https://kol-fans.fp.ps.netease.com/file/5d21e8145e60277c52c989a8I8IowQLm02'],2019-07-07 12:39:59
舞出奇迹,,游戏截图,z****ukang10,['https://kol-fans.fp.ps.netease.com/file/5d21e157a7f252233d85a38fi6M4lOBN02'],2019-07-07 12:11:04
《光遇仙境》第一章 晨岛,"第一章
晨岛
追随钟声，前往圣殿
        
       晨光氤氲，天空还微泛着淡淡的星光，旅人披着橙色的斗篷。薄薄的晨光下，橙色的斗篷散发着淡淡的光芒，他是光的后裔。黎明的海风轻拂，光之后裔的斗篷随着海风轻轻飘起，又轻轻地落下。他撩了一下头发，向前走去。踏上石阶，进入了山洞。内壁上刻着星星点点的发着光的壁画，好像光之国的先祖们留下的远古的记忆。他看见了前方若隐若现着几缕曙光，跟随光的指引，出了山洞。
        山洞外面只有断崖，悬崖上有透明的小人，发出耀眼的金色光芒，它是光之翼，收集光之翼，能够升级光之后裔的斗篷，这样他们就能飞的更高，更远。光之后裔走近小金人，收集第一个光之翼，然后不得不尝试跃下，卖出勇气的一步，因为这是唯一的路。他张开斗篷，纵身跳下，轻盈身体在空中飞起来了，于是他学会了飞行。飞行，光之后裔在光遇仙境中学会的第一个技能。远处，朦胧的晨雾渗透着阳光，也映衬出圣殿的轮廓。拂晓万籁俱寂，只有辽远的钟声……这里是晨岛，光遇仙境之旅，旅途开始的地方。
        跟随钟声，前往圣殿。
        光之后裔走到了路的尽头，向前轻快地跳跃，张开斗篷，沉浸云海，随心翱翔。晨风迎面吹来，沁人心脾。飞到宫殿前，他向下俯冲，伸出双脚，轻盈着陆。嗯，光之后裔已经会飞了。宫殿里面很黑，摸黑走进，尽头是一堵石门。左右各有一个点火槽——只有光的力量才能启动古老的机械。光之后裔举起蜡烛，点燃点火槽。机械隆隆作响，尘封已久的石门再次开启，脱去厚厚的灰尘。走进石门，是一座纪念台。光之后裔点燃了石碑前的蜡烛，然后虔诚地跪在石碑前。最后一扇石门也打开了，外面光芒万丈，风吹动了地上的草，泛起阵阵涟漪。走出石门，再次飞行在云端之上。云中飞行，与鸟为伴。
       飞过云层，降落在草坪上，眼前只有狭小的通道。走进通道，阳光更加明亮了，早晨来临了。光之后裔们在宽阔的草坪上来回奔跑，还有的坐在石凳上轻声细语着。远处层层叠叠的云海深处，漂浮着圣殿。这就来到了云野。",同人文,ʚ光之后裔ɞ,[],2019-07-07 11:49:56
龙虾呀、,,游戏截图,m****1010169,['https://kol-fans.fp.ps.netease.com/file/5d21d7c996dee46132423355Sw2TV8w302'],2019-07-07 11:30:17
一个小仙女的日常,,游戏截图,13075****50,"['https://kol-fans.fp.ps.netease.com/file/5d21d5757f9d2a3093bb7de9uPgH6ii902', 'https://kol-fans.fp.ps.netease.com/file/5d21d5758b742797b3686ef38TyTRQg502', 'https://kol-fans.fp.ps.netease.com/file/5d21d5766f0494f6890b474fSMV5NSCi02', 'https://kol-fans.fp.ps.netease.com/file/5d21d5765e602721d98ce1feTy4sVyNf02']",2019-07-07 11:20:24
三测回忆,,游戏截图,阿蓦,"['https://kol-fans.fp.ps.netease.com/file/5d219f83143cfaa22acbf579C4Sijf2x02', 'https://kol-fans.fp.ps.netease.com/file/5d219f856f0494b800cffddbREpZzTDN02', 'https://kol-fans.fp.ps.netease.com/file/5d219f85a7f252b1e300107eOhV79gSj02', 'https://kol-fans.fp.ps.netease.com/file/5d219f866f04945d3b01f0e4irvKlHNF02']",2019-07-07 07:30:16
呐…看那边,,同人绘,我的手可以不要了,['https://kol-fans.fp.ps.netease.com/file/5d2190aea7f252a3741cd3a064M2ubzb02'],2019-07-07 06:26:55
光不灭，爱不止。心之往，终相遇。,,游戏截图,17683****52,"['https://kol-fans.fp.ps.netease.com/file/5d20d163a7f25228ccb2b57eeNUWDT7y02', 'https://kol-fans.fp.ps.netease.com/file/5d20d1646f0494dbb4a6cdf4Z2Rm8cGE02', 'https://kol-fans.fp.ps.netease.com/file/5d20d1647f9d2ab1bf31b26cySlucL5C02', 'https://kol-fans.fp.ps.netease.com/file/5d20d1642786fdf36aa73d3czmDc4cfS02']",2019-07-06 16:50:45
生活有时就像冥龙，黑暗却又不得不面对,,同人绘,雨里的喵,['https://kol-fans.fp.ps.netease.com/file/5d20a6bd143cfabb5943f729Z0vM81AG02'],2019-07-06 13:48:48
sky,,游戏截图,17683****07,"['https://kol-fans.fp.ps.netease.com/file/5d205eab96dee486b408d440ERND3BTU02', 'https://kol-fans.fp.ps.netease.com/file/5d205eab143cfaf0d51194dd1sagy8p902', 'https://kol-fans.fp.ps.netease.com/file/5d205eab5e60270cc23c8aac8kUdcRdj02', 'https://kol-fans.fp.ps.netease.com/file/5d205eab143cfabdff6ddde1fihzO0vc02']",2019-07-06 08:41:16
温暖的灵魂终会相遇,,视频,17683****07,['https://kol-fans.fp.ps.netease.com/file/5d205e666f04946ca753c9f81qZ1Ao9q02'],2019-07-06 08:40:12
一次九张根本不够发啊！光遇这游戏随手一张截图就美爆了！,,游戏截图,korangar,"['https://kol-fans.fp.ps.netease.com/file/5d20099fa7f25266516559dcsqNJiSmm02', 'https://kol-fans.fp.ps.netease.com/file/5d20099f5e60275554747047wUNKvXfZ02', 'https://kol-fans.fp.ps.netease.com/file/5d20099f5e602712a8e59ac8PYd8Ce0j02', 'https://kol-fans.fp.ps.netease.com/file/5d20099f96dee49c6640caf3lFPf4whM02']",2019-07-06 02:38:23
光遇,,游戏截图,d****382955,"['https://kol-fans.fp.ps.netease.com/file/5d200638a7f25266516556de3hsyDzwg02', 'https://kol-fans.fp.ps.netease.com/file/5d20063a143cfa072eaf0e93cXOSbibl02', 'https://kol-fans.fp.ps.netease.com/file/5d20063c96dee4afbe49944ee7Gc9zRg02', 'https://kol-fans.fp.ps.netease.com/file/5d20063e2786fd0987f13e11s8yMK7MZ02']",2019-07-06 02:24:01
这游戏真的会让人上瘾！,,游戏截图,korangar,"['https://kol-fans.fp.ps.netease.com/file/5d1fb325143cfa6dbfd8b8f8ygtL2d9h02', 'https://kol-fans.fp.ps.netease.com/file/5d1fb3256f049438c57a09f5HURHeeQC02', 'https://kol-fans.fp.ps.netease.com/file/5d1fb3258b742708778f1e15O1RoudOA02', 'https://kol-fans.fp.ps.netease.com/file/5d1fb3252786fd46a71ae77dHM2iBahd02']",2019-07-05 20:29:26
在？你的碳烤皮皮虾到了,,同人绘,我的手可以不要了,['https://kol-fans.fp.ps.netease.com/file/5d1f84cda7f25248240c0640fZsIpmGx02'],2019-07-05 17:11:42
点亮烛光，墓土多一些光明,,游戏截图,夜幕@Coai,"['https://kol-fans.fp.ps.netease.com/file/5d1f65405e60271a61e1f121KcUzurBY02', 'https://kol-fans.fp.ps.netease.com/file/5d1f654096dee47973480838gNISiHit02']",2019-07-05 14:57:04
墓土逆境里的仙人,,游戏截图,夜幕@Coai,"['https://kol-fans.fp.ps.netease.com/file/5d1f6393143cfaed9748ebd4MVKs7iWj02', 'https://kol-fans.fp.ps.netease.com/file/5d1f63938b74274dcf84af3dm2Ci9Bjr02', 'https://kol-fans.fp.ps.netease.com/file/5d1f63932786fd59986c0e43FWHN4xsW02', 'https://kol-fans.fp.ps.netease.com/file/5d1f63938b742749d93dfcc49dWb0vpc02']",2019-07-05 14:49:56
五人畅游霞谷,,游戏截图,夜幕@Coai,"['https://kol-fans.fp.ps.netease.com/file/5d1f633696dee497863ab832bucMrud802', 'https://kol-fans.fp.ps.netease.com/file/5d1f63377f9d2a060fce8722qEP2ZxMX02']",2019-07-05 14:48:23
冥龙在洗脸吗？,,游戏截图,夜幕@Coai,['https://kol-fans.fp.ps.netease.com/file/5d1f62e07f9d2ae34556dbd98mulaIzk02'],2019-07-05 14:46:57
烤螃蟹啰！！！在光遇里面最快乐的事情，莫过于和一个逗逼的队友一起抓螃蟹、烤螃蟹，😂😂😂哈哈～,,游戏截图,花栗鼠Besos,"['https://kol-fans.fp.ps.netease.com/file/5d1f2a656f0494172a235d86JOeeFuQz02', 'https://kol-fans.fp.ps.netease.com/file/5d1f2a6696dee43d771c57e1VRPjHCbu02', 'https://kol-fans.fp.ps.netease.com/file/5d1f2a675e6027c8b8b011edxvZdzYIP02']",2019-07-05 10:46:00
雨林最高光之子,,游戏截图,17859****75,['https://kol-fans.fp.ps.netease.com/file/5d1efb0b5e6027846e8425d7RTI25tp302'],2019-07-05 07:23:55
﻿围观天狗,,游戏截图,17859****75,['https://kol-fans.fp.ps.netease.com/file/5d1efad22786fd255ceb548466XQAe8t02'],2019-07-05 07:22:59
这个陌生人钻进神秘空间出不来一直对我逼逼,,游戏截图,17859****75,['https://kol-fans.fp.ps.netease.com/file/5d1efaaa8b742729fe9e7da1oRfmquQF02'],2019-07-05 07:22:19
6人行最高点,,游戏截图,17859****75,['https://kol-fans.fp.ps.netease.com/file/5d1efa6b96dee40e8cbd6010Y59SmiFH02'],2019-07-05 07:21:16
我应该在车底,,游戏截图,17859****75,['https://kol-fans.fp.ps.netease.com/file/5d1efa402786fd2567a8d28fQgdXhWTX02'],2019-07-05 07:20:33
第三者还要点蜡烛让他们聊天,,游戏截图,17859****75,['https://kol-fans.fp.ps.netease.com/file/5d1efa22143cfa611b230cf2wxfmS8dQ02'],2019-07-05 07:20:03
手拉手一起围观,,游戏截图,17859****75,['https://kol-fans.fp.ps.netease.com/file/5d1ef9a7a7f2527e05bbec5aUUpJmdfX02'],2019-07-05 07:17:59
追寻,,同人绘,17344****23,['https://kol-fans.fp.ps.netease.com/file/5d1ecb485e602785312602766iTqSuQk02'],2019-07-05 04:00:09
没有什么比躺在云野上晒太阳更让人快乐的事了,,游戏截图,18350****48,"['https://kol-fans.fp.ps.netease.com/file/5d1ec4715e60274f2da48d3ahc0rydo502', 'https://kol-fans.fp.ps.netease.com/file/5d1ec4728b74270e5995a92atFjUTfGQ02']",2019-07-05 03:30:58
日出,,游戏截图,q****8384543,['https://kol-fans.fp.ps.netease.com/file/5d1ec1897f9d2ab32738f0e7j9phtkgf02'],2019-07-05 03:18:33
飞向星空,,游戏截图,Qx,['https://kol-fans.fp.ps.netease.com/file/5d1e05f596dee424619c3faabxKkTgxb02'],2019-07-04 13:58:14
霞谷之光,,游戏截图,17375****69,['https://kol-fans.fp.ps.netease.com/file/5d1df2846f04945cd91507517VKJoF5302'],2019-07-04 12:35:17
云野之阔,,游戏截图,17375****69,['https://kol-fans.fp.ps.netease.com/file/5d1df24096dee4b929e5e960cryGPNL102'],2019-07-04 12:34:09
光•遇——最美的相遇,,游戏截图,ʚ光之后裔ɞ,"['https://kol-fans.fp.ps.netease.com/file/5d1dbe7c5e6027e4bff580a0Sp73Gu1u02', 'https://kol-fans.fp.ps.netease.com/file/5d1dbe7c5e60279ad0863d74p7ft97NK02', 'https://kol-fans.fp.ps.netease.com/file/5d1dbe7c96dee47a2c7c4dfaRZ9cXiU202', 'https://kol-fans.fp.ps.netease.com/file/5d1dbe7c6f04947a3b68a93a7jqNN0iK02']",2019-07-04 08:53:17
向全世界安利这款游戏！场景做得太美了！忍不住摸了一张！,,同人绘,13489****62,['https://kol-fans.fp.ps.netease.com/file/5d1da14b7f9d2a91cbfb7a32rUNENBuK02'],2019-07-04 06:48:43
一开始我是孤独的，直到遇见你。现在你走了，我只能孤独旅行。但我已经不属于我自己......期待再次相遇。,,游戏截图,j****194,"['https://kol-fans.fp.ps.netease.com/file/5d1d4ccf8b7427284f3da396CCkgmHTP02', 'https://kol-fans.fp.ps.netease.com/file/5d1d4ccf2786fd35514546c7C8O1zxLP02', 'https://kol-fans.fp.ps.netease.com/file/5d1d4ccfa7f25280409bc2d6lS4RWBAD02', 'https://kol-fans.fp.ps.netease.com/file/5d1d4ccf7f9d2acd5b1a29b4yyryxgdr02']",2019-07-04 00:48:17
一周之旅,,游戏截图,m****7160922,"['https://kol-fans.fp.ps.netease.com/file/5d1cd19a5e602704ceb592b2VmKbGAvU02', 'https://kol-fans.fp.ps.netease.com/file/5d1cd19a8b74274d000e0bb1rzZ0m3FU02', 'https://kol-fans.fp.ps.netease.com/file/5d1cd19aa7f252938bbe54d18qYEPJWq02', 'https://kol-fans.fp.ps.netease.com/file/5d1cd19c5e602712467ac604IK4jFmRm02']",2019-07-03 16:02:37
赛高,,游戏截图,DaPig,"['https://kol-fans.fp.ps.netease.com/file/5d1cbe535e60272f825107feTAjGhCoU02', 'https://kol-fans.fp.ps.netease.com/file/5d1cbe53143cfa773e1dd411qpyirimV02']",2019-07-03 14:40:19
峡谷,,水彩,15385****55,"['https://kol-fans.fp.ps.netease.com/file/5d1c8c7fa7f252215d9f554bNphr0Bq502', 'https://kol-fans.fp.ps.netease.com/file/5d1c8c808b7427c5228651ffZkUakFe702']",2019-07-03 11:07:44
Sky ,,同人绘,s****illynn,['https://kol-fans.fp.ps.netease.com/file/5d1c83b02786fda87aa5c2c9DQJrmrhq02'],2019-07-03 10:30:08
美美美,,游戏截图,鹅久,"['https://kol-fans.fp.ps.netease.com/file/5d1c790b8b74277a07f2cf33jp6HwUUT02', 'https://kol-fans.fp.ps.netease.com/file/5d1c790c5e6027d81be470078qQGtHKG02', 'https://kol-fans.fp.ps.netease.com/file/5d1c790c6f04948a6c7719e2uEsolh6W02', 'https://kol-fans.fp.ps.netease.com/file/5d1c790c143cfacd3772cad4V9kil0Re02']",2019-07-03 09:44:45
记住这个约定哦，我的鱼戈酱,,游戏截图,19962****59,"['https://kol-fans.fp.ps.netease.com/file/5d1c77dc6f049475dce3174fmSY068fH02', 'https://kol-fans.fp.ps.netease.com/file/5d1c77de96dee4b5d14be0344a3JCYNT02']",2019-07-03 09:39:42
第57颗，为你付出太多,,视频,鹅久,['https://kol-fans.fp.ps.netease.com/file/5d1c7784143cfacd3772c82ctmpGu0sG02'],2019-07-03 09:38:15
塑料姐妹花的反目日常,,游戏截图,c****occoli,['https://kol-fans.fp.ps.netease.com/file/5d1c474b6f04947550c95514fENSUBq902'],2019-07-03 06:12:28
“他”的旅途、“她”的所在,,同人文,切梨&山楂,"['https://kol-fans.fp.ps.netease.com/file/5d1c2b4da7f25234fb33a5975S9YaP9O02', 'https://kol-fans.fp.ps.netease.com/file/5d1c2b7c143cfa28dec8d197QEJZRWfv02']",2019-07-03 04:16:46
烟花,,游戏截图,18123****35,"['https://kol-fans.fp.ps.netease.com/file/5d1c27e2a7f2524b610e12f7tiMKrq8y02', 'https://kol-fans.fp.ps.netease.com/file/5d1c27e396dee40774a2d7bdeCt2X1Xs02']",2019-07-03 03:58:27
孤独,,游戏截图,18123****35,"['https://kol-fans.fp.ps.netease.com/file/5d1c27ab2786fde155b70a48vRFp7ghO02', 'https://kol-fans.fp.ps.netease.com/file/5d1c27aca7f252269944ecfbUefHw2kk02']",2019-07-03 03:57:32
与良友伴行，路途不觉其远,,游戏截图,13001****67,"['https://kol-fans.fp.ps.netease.com/file/5d1c164c96dee491f33fc3afkmOCXQR102', 'https://kol-fans.fp.ps.netease.com/file/5d1c164c8b7427b5ab3c0e18gvVLNaF702', 'https://kol-fans.fp.ps.netease.com/file/5d1c164c5e602766f2723160uz4tUOc302', 'https://kol-fans.fp.ps.netease.com/file/5d1c164c143cfa85a624b7abGACbvwxk02']",2019-07-03 02:43:25
花 守护,,游戏截图,怪美咖,"['https://kol-fans.fp.ps.netease.com/file/5d1bab61a7f25295ac65e287vkBAkkLr02', 'https://kol-fans.fp.ps.netease.com/file/5d1bab61a7f252f03ec96cacOE7v4y4202', 'https://kol-fans.fp.ps.netease.com/file/5d1bab617f9d2a5907cb2ae5zElk2a0Q02']",2019-07-02 19:07:13
霞,,游戏截图,怪美咖,"['https://kol-fans.fp.ps.netease.com/file/5d1bab0896dee4af998eb439Zi6iE83e02', 'https://kol-fans.fp.ps.netease.com/file/5d1bab08a7f2528e165b171cATIwsW5v02', 'https://kol-fans.fp.ps.netease.com/file/5d1bab08143cfa69da18e490RdLKD79K02']",2019-07-02 19:05:45
每一次的相遇，都是一次小小的惊喜,,游戏截图,我的手可以不要了,"['https://kol-fans.fp.ps.netease.com/file/5d1b8b392786fd4b16f575b6wKUlGDUU02', 'https://kol-fans.fp.ps.netease.com/file/5d1b8b396f0494ff9f198e3blQREhHJq02', 'https://kol-fans.fp.ps.netease.com/file/5d1b8b3a143cfa03824be1393BCrWFAy02', 'https://kol-fans.fp.ps.netease.com/file/5d1b8b3a96dee40d004ac86a2tRSHvI902']",2019-07-02 16:50:03
光·遇—友情,,游戏截图,火腿肠,"['https://kol-fans.fp.ps.netease.com/file/5d1b86b16f049439b9a0b498bSC2pmji02', 'https://kol-fans.fp.ps.netease.com/file/5d1b86b28b7427351c33aef5NOprD6wQ02', 'https://kol-fans.fp.ps.netease.com/file/5d1b86b37f9d2afd4b12510eVuUE2IYa02', 'https://kol-fans.fp.ps.netease.com/file/5d1b86b496dee40e2f4692e2v5DiCk3902']",2019-07-02 16:30:49
光·遇—缘起,,游戏截图,火腿肠,"['https://kol-fans.fp.ps.netease.com/file/5d1b84542786fd1a335a93b4ZBxrxoo802', 'https://kol-fans.fp.ps.netease.com/file/5d1b845596dee4f681d428e0tb0ZJ5SF02', 'https://kol-fans.fp.ps.netease.com/file/5d1b8456a7f2524fcdaf0d52Y1hr028B02', 'https://kol-fans.fp.ps.netease.com/file/5d1b8457143cfad310af4bbcAHdu4vTZ02']",2019-07-02 16:20:44
卷卷醬,,游戏截图,Mabel,"['https://kol-fans.fp.ps.netease.com/file/5d1b5989a7f252a061c9d051ML40FUOo02', 'https://kol-fans.fp.ps.netease.com/file/5d1b598b143cfa9dacaf031bfEbAusBK02']",2019-07-02 13:18:04
AT FIRST SIGHT,,游戏截图,Mabel,"['https://kol-fans.fp.ps.netease.com/file/5d1b591a96dee4d91d3331a6cpfQBqhN02', 'https://kol-fans.fp.ps.netease.com/file/5d1b591ba7f252a061c9cfa2jjBTQ0kh02', 'https://kol-fans.fp.ps.netease.com/file/5d1b591da7f252955be089ba6sTXQgAT02', 'https://kol-fans.fp.ps.netease.com/file/5d1b591f2786fd2b87b8860cZlTzeBE002']",2019-07-02 13:16:16
The End,,游戏截图,Mabel,"['https://kol-fans.fp.ps.netease.com/file/5d1b587196dee4d91d3330d4oXSZrSHU02', 'https://kol-fans.fp.ps.netease.com/file/5d1b58735e6027c52855eb8fqD4ewG8f02']",2019-07-02 13:13:24
Here,,游戏截图,Mabel,['https://kol-fans.fp.ps.netease.com/file/5d1b57eb8b7427470944b9b5R5Pi5Wil02'],2019-07-02 13:11:07
Take my hand,,游戏截图,Mabel,['https://kol-fans.fp.ps.netease.com/file/5d1b577a143cfaba1ec52348Ukq8cjbs02'],2019-07-02 13:09:15
光遇,,游戏截图,18100****50,"['https://kol-fans.fp.ps.netease.com/file/5d1b52d2143cfaa04bf08272B6isXT0902', 'https://kol-fans.fp.ps.netease.com/file/5d1b52d3143cfab36bd073129Glyhh0902']",2019-07-02 12:49:23
你的名字,,游戏截图,willow,['https://kol-fans.fp.ps.netease.com/file/5d1b4594a7f252433f2c520b0MHGYZRz02'],2019-07-02 11:52:53
按e同步,,游戏截图,17343****52,['https://kol-fans.fp.ps.netease.com/file/5d1b39e65e6027e588c4dc1em28NzRrO02'],2019-07-02 11:03:03
温情,,游戏截图,Joei,"['https://kol-fans.fp.ps.netease.com/file/5d1b0d558b7427d591c657ceGyeA0ilc02', 'https://kol-fans.fp.ps.netease.com/file/5d1b0d558b7427c7b0ae5146RiS5CqCf02', 'https://kol-fans.fp.ps.netease.com/file/5d1b0d566f0494d313d287feslOKkJ5T02', 'https://kol-fans.fp.ps.netease.com/file/5d1b0d567f9d2a862632e4e3Mriu1h5C02']",2019-07-02 07:52:58
U💞,,游戏截图,18513****80,['https://kol-fans.fp.ps.netease.com/file/5d1ae276143cfa0e7eb3342c3eNF3Iy802'],2019-07-02 04:49:59
为我们的友谊举烛！,,游戏截图,爪哇国国师小八爪,['https://kol-fans.fp.ps.netease.com/file/5d1acdfb2786fd690f43473eFXAo6Ljh02'],2019-07-02 03:22:35
很期待前面的地方,,游戏截图,13872****16,"['https://kol-fans.fp.ps.netease.com/file/5d1ac80ba7f2526065efb32bfDfb2lWW02', 'https://kol-fans.fp.ps.netease.com/file/5d1ac80b2786fd30a05eebd9tM6k3TEp02']",2019-07-02 02:57:16
孤独 希望,,游戏截图,13482****93,['https://kol-fans.fp.ps.netease.com/file/5d1aa7eca7f2523f33c2561566AgSdj902'],2019-07-02 00:40:13
一排小人人飞翔的快乐,,游戏截图,13244****27,"['https://kol-fans.fp.ps.netease.com/file/5d1a2efe5e60276de6343196HeGgMiHi02', 'https://kol-fans.fp.ps.netease.com/file/5d1a2f0096dee4c604f560faXSbi1Nex02', 'https://kol-fans.fp.ps.netease.com/file/5d1a2f0296dee4c15adb4b8abTTHjPE202']",2019-07-01 16:04:19
谢谢你们，将孤单的我点亮。 给你们取的名字都是依靠当时遇见时的第一印象。 现在看来都是很美好的事物。 我也要开始学着主动温暖别人啦。 ,,游戏截图,18271****52,"['https://kol-fans.fp.ps.netease.com/file/5d1a00c9143cfa55a4ac768eEDF2cIPp02', 'https://kol-fans.fp.ps.netease.com/file/5d1a00ca6f0494d93a68bacc5OcS9irs02', 'https://kol-fans.fp.ps.netease.com/file/5d1a00cb143cfa776ed9a51eg2vp352Q02']",2019-07-01 12:47:07
僕と俺,,同人绘,Paradox,['https://kol-fans.fp.ps.netease.com/file/5d19f88d5e6027f2f0582822i6yiK7hl02'],2019-07-01 12:11:58
我在世界的彼端等着谁,,游戏截图,m****i,"['https://kol-fans.fp.ps.netease.com/file/5d19a8215e60274803f0028efvH7RW8b02', 'https://kol-fans.fp.ps.netease.com/file/5d19a8218b742760086ee3bfDuQYzM3g02', 'https://kol-fans.fp.ps.netease.com/file/5d19a822a7f2527b9790d8e9VG8H3OcH02', 'https://kol-fans.fp.ps.netease.com/file/5d19a8232786fd1a10f22fbdyFXtJJcY02']",2019-07-01 06:28:52
【印象】坐标晨谷礼堂上空。,,游戏截图,18222****51,['https://kol-fans.fp.ps.netease.com/file/5d19a3ee96dee42a2e98fd60ZRfpCqkB02'],2019-07-01 06:10:54
嗯刺眼~,,游戏截图,XXIAOYANGXX#萝卜#,"['https://kol-fans.fp.ps.netease.com/file/5d1957035e60277cec47cb95uVZ4ukGx02', 'https://kol-fans.fp.ps.netease.com/file/5d195703143cfa9e26f8af0aVPY9LWoM02']",2019-07-01 00:42:43
很高兴遇见了你们，很高兴等回了你们。,,游戏截图,XXIAOYANGXX#萝卜#,"['https://kol-fans.fp.ps.netease.com/file/5d1954f1a7f252e54f64f9f1A8qu2tdq02', 'https://kol-fans.fp.ps.netease.com/file/5d1954f196dee4d574a43a86tCdNeiBd02', 'https://kol-fans.fp.ps.netease.com/file/5d1954f16f0494abe9f7f3f0Vuvhwc6Y02']",2019-07-01 00:33:53
孤独吗？一点也不呢~,,游戏截图,XXIAOYANGXX#萝卜#,['https://kol-fans.fp.ps.netease.com/file/5d19548f5e60279f7cd83916GozrTUUS02'],2019-07-01 00:32:15
拥抱,,游戏截图,XXIAOYANGXX#萝卜#,"['https://kol-fans.fp.ps.netease.com/file/5d195416143cfa6edfe3cbf0jMTkmyQY02', 'https://kol-fans.fp.ps.netease.com/file/5d19541796dee4d574a4399fNblr7w3P02', 'https://kol-fans.fp.ps.netease.com/file/5d1954175e602772accff52dNuJCQ8SB02']",2019-07-01 00:30:16
希望可以一直牵着你的手.走下去,,游戏截图,mAx,"['https://kol-fans.fp.ps.netease.com/file/5d19077296dee46bc0a4bffeGPdPFwwG02', 'https://kol-fans.fp.ps.netease.com/file/5d1907772786fd414ff887920VRbZvtV02', 'https://kol-fans.fp.ps.netease.com/file/5d1907772786fd16553da91dYlrJtahv02', 'https://kol-fans.fp.ps.netease.com/file/5d1907777f9d2a0932234681CsSsv0ER02']",2019-06-30 19:03:21
遇见,,游戏截图,18587****92,['https://kol-fans.fp.ps.netease.com/file/5d18bc552786fdcc880e953bU5vYjGSZ02'],2019-06-30 13:42:46
游戏里第一个朋友❤️,,游戏截图,18222****51,['https://kol-fans.fp.ps.netease.com/file/5d18b6eca7f252a2efa90707KiQH1izw02'],2019-06-30 13:19:40
霞谷,,游戏截图,大佬,['https://kol-fans.fp.ps.netease.com/file/5d18aecea7f252ec6fa3287d9r4QTe1102'],2019-06-30 12:45:03
云野,,游戏截图,大佬,['https://kol-fans.fp.ps.netease.com/file/5d18ae5e96dee4e39387c3ef8A8q5kwu02'],2019-06-30 12:43:10
飞翔,,游戏截图,吉良薯片,['https://kol-fans.fp.ps.netease.com/file/5d189d4b2786fd2f729ffead9tMYiIGe02'],2019-06-30 11:32:42
﻿眺望：洞中小湖,,游戏截图,吉良薯片,['https://kol-fans.fp.ps.netease.com/file/5d189c90a7f252b3e1090bb8mdPlE1Sh02'],2019-06-30 11:27:13
薯片今日滑雪：2,,视频,吉良薯片,['https://kol-fans.fp.ps.netease.com/file/5d18999ea7f2525f8aee2b2cjk5xfigj02'],2019-06-30 11:14:41
薯片今日滑雪冒险,,视频,吉良薯片,['https://kol-fans.fp.ps.netease.com/file/5d1898b26f0494ecf9dad31aVcvbSTrX02'],2019-06-30 11:10:43
再见了，朋友,,游戏截图,17623****84,['https://kol-fans.fp.ps.netease.com/file/5d18960a8b7427475e53c6a588ae3Igo02'],2019-06-30 10:59:22
悠闲的午后,,游戏截图,17623****84,['https://kol-fans.fp.ps.netease.com/file/5d1895f2a7f252893355e6c1giGbxmSq02'],2019-06-30 10:58:59
孤独,,游戏截图,17623****84,['https://kol-fans.fp.ps.netease.com/file/5d1895cf6f04942a78ad8e8foqeau9k702'],2019-06-30 10:58:24
落暉,,游戏截图,Mabel,['https://kol-fans.fp.ps.netease.com/file/5d187a11143cfacb65ad47c31GaPucKi02'],2019-06-30 09:00:02
虔誠,,游戏截图,Mabel,['https://kol-fans.fp.ps.netease.com/file/5d1879c196dee414167e2488ortLD5uC02'],2019-06-30 08:58:41
擁抱,,游戏截图,Mabel,['https://kol-fans.fp.ps.netease.com/file/5d1879ab8b7427b0e2b5d231GfAyo8fd02'],2019-06-30 08:58:20
孤獨,,游戏截图,Mabel,['https://kol-fans.fp.ps.netease.com/file/5d1878eba7f252d79219174cJQEp7N8802'],2019-06-30 08:55:08
征服,,游戏截图,Mabel,['https://kol-fans.fp.ps.netease.com/file/5d18788e2786fd41cce5df98HEdQfBKM02'],2019-06-30 08:53:35
Await,,游戏截图,Mabel,['https://kol-fans.fp.ps.netease.com/file/5d1878507f9d2a124ae6b336ZciRq7Vu02'],2019-06-30 08:52:32
自由,,游戏截图,Mabel,['https://kol-fans.fp.ps.netease.com/file/5d1878185e6027903453fda9VXBCVDtj02'],2019-06-30 08:51:37
最初,,游戏截图,Mabel,['https://kol-fans.fp.ps.netease.com/file/5d1877b596dee414167e219bb15u9Zsw02'],2019-06-30 08:49:58
无名,,游戏截图,2****4133,"['https://kol-fans.fp.ps.netease.com/file/5d18742b143cfac8161826d4Zo4FitHp02', 'https://kol-fans.fp.ps.netease.com/file/5d18742b7f9d2a6897aa03ea6KsOitjd02', 'https://kol-fans.fp.ps.netease.com/file/5d18742b143cfac8161826d5yI62Osab02', 'https://kol-fans.fp.ps.netease.com/file/5d18742b6f049464db57b4a16iFwK3Lg02']",2019-06-30 08:34:53
雨季,,游戏截图,2****4133,['https://kol-fans.fp.ps.netease.com/file/5d18737f143cfad149d59882NTBqm2p802'],2019-06-30 08:31:59
画了张遇境的夕阳,,同人绘,引力,['https://kol-fans.fp.ps.netease.com/file/5d18660f96dee45d012740a2I3QOioEF02'],2019-06-30 07:34:39
光落在你肩上,,游戏截图,15207****68,['https://kol-fans.fp.ps.netease.com/file/5d17ea9c8b7427750aabb082h30zR1UX02'],2019-06-29 22:47:56
霞,,游戏截图,怪美咖,"['https://kol-fans.fp.ps.netease.com/file/5d17b5e72786fd97003dd17avXCdybNl02', 'https://kol-fans.fp.ps.netease.com/file/5d17b5e7a7f2523a971e84bai0IJP6Dg02', 'https://kol-fans.fp.ps.netease.com/file/5d17b5e75e602776ef5afdbevNpILhTs02', 'https://kol-fans.fp.ps.netease.com/file/5d17b5e78b74270f8b082adaIexiViLH02']",2019-06-29 19:03:04
驻足,,游戏截图,怪美咖,"['https://kol-fans.fp.ps.netease.com/file/5d17b55a96dee41cf087acbfpj98a3HO02', 'https://kol-fans.fp.ps.netease.com/file/5d17b55b5e60277bf7aa5ffc67aiiPFi02']",2019-06-29 19:00:43
晨岛拥有透明的翅膀,,游戏截图,怪美咖,"['https://kol-fans.fp.ps.netease.com/file/5d17b498a7f2523a971e8435Uj02ZJX702', 'https://kol-fans.fp.ps.netease.com/file/5d17b4982786fd97003dd136RxXU58BP02', 'https://kol-fans.fp.ps.netease.com/file/5d17b4985e60277b9ffa349doeDEwIC902']",2019-06-29 18:57:28
绘画-偶然看到的云海小彩蛋,,同人绘,-无呀,['https://kol-fans.fp.ps.netease.com/file/5d17a74496dee4d354e40313XbSGp7tu02'],2019-06-29 18:00:38
霞谷的光，照耀的我的心,,游戏截图,15950****67,"['https://kol-fans.fp.ps.netease.com/file/5d178c66143cfacca7c6be3fzQ6mCo9w02', 'https://kol-fans.fp.ps.netease.com/file/5d178c66a7f2528d6e03dc59qzgQ9zUW02']",2019-06-29 16:05:59
他与她,,游戏截图,千宇,"['https://kol-fans.fp.ps.netease.com/file/5d178a3f5e60279b5e68bb6eyPvRCI1B02', 'https://kol-fans.fp.ps.netease.com/file/5d178a3f143cfac1876fae83MKwmWqMz02']",2019-06-29 15:56:55
自截图,,游戏截图,19188****50,"['https://kol-fans.fp.ps.netease.com/file/5d1784ca96dee4fa916aff1fgQYtE4gW02', 'https://kol-fans.fp.ps.netease.com/file/5d1784cb143cfa9b1154654fisBEe8VL02', 'https://kol-fans.fp.ps.netease.com/file/5d1784d25e602769100b6e2aWoClaci302', 'https://kol-fans.fp.ps.netease.com/file/5d1784d38b7427567c9e7b1fwNQK3oZk02']",2019-06-29 15:33:42
三堆大可爱(灬°ω°灬),,游戏截图,15053****76,"['https://kol-fans.fp.ps.netease.com/file/5d178020a7f25240247de88aZ40mF9hv02', 'https://kol-fans.fp.ps.netease.com/file/5d1780202786fda0d41cfce7RSSRIXze02', 'https://kol-fans.fp.ps.netease.com/file/5d1780206f0494200eea76d4DJQqPNOV02']",2019-06-29 15:13:37
(❁´▽`❁),,游戏截图,15053****76,['https://kol-fans.fp.ps.netease.com/file/5d177f887f9d2ac6480e3668rrJSrLUz02'],2019-06-29 15:11:04
报团求火的小可爱们,,游戏截图,15053****76,['https://kol-fans.fp.ps.netease.com/file/5d177f26a7f25240247de7a98GO3SlyO02'],2019-06-29 15:09:26
为了坠落之光 一步一个脚印带你走-summer,,视频,s****r_ferc,['https://kol-fans.fp.ps.netease.com/file/5d177536143cfa4998f21041pRbzZ0tY02'],2019-06-29 14:27:03
Sky里的风景线,,游戏截图,19801****85,"['https://kol-fans.fp.ps.netease.com/file/5d176a307f9d2a6ca7664b9a8BzSjgKS02', 'https://kol-fans.fp.ps.netease.com/file/5d176a3096dee43e350c91040NPI0Ngz02', 'https://kol-fans.fp.ps.netease.com/file/5d176a305e6027c1abeafa75GA4pOkQs02', 'https://kol-fans.fp.ps.netease.com/file/5d176a3096dee447ff62adfbL9TDk7Nq02']",2019-06-29 13:40:02
和伙伴们一起Sky呀！,,游戏截图,19801****85,"['https://kol-fans.fp.ps.netease.com/file/5d1768726f0494639506f623HWpu1tNi02', 'https://kol-fans.fp.ps.netease.com/file/5d1768728b74278c078f68d0UBX8MimB02', 'https://kol-fans.fp.ps.netease.com/file/5d176872143cfae02e01bdc0Ooxx9W7Q02', 'https://kol-fans.fp.ps.netease.com/file/5d176872a7f252b00fa769b4RDSxkYEZ02']",2019-06-29 13:32:35
星,,游戏截图,18902****03,"['https://kol-fans.fp.ps.netease.com/file/5d1766fa6f049461ae44da57xO8rSiBH02', 'https://kol-fans.fp.ps.netease.com/file/5d1766fa8b742777c906359cdePdbMUz02']",2019-06-29 13:26:19
头顶的夜空有烟花缤纷着炸开，在黑色天际绽放着刹那芳华，拼尽一生，只为这一刻灿烂，烟花易冷，朝华瞬凋。,,游戏截图,18845****52,"['https://kol-fans.fp.ps.netease.com/file/5d1766a32786fd2b1ced8086WxfcaPej02', 'https://kol-fans.fp.ps.netease.com/file/5d1766a4143cfae02e01ba13xl6l2GEq02', 'https://kol-fans.fp.ps.netease.com/file/5d1766a4a7f252cfe78d70b6uFF5KQWK02', 'https://kol-fans.fp.ps.netease.com/file/5d1766a48b74278c078f665aoHY7Xqew02']",2019-06-29 13:24:54
携手同游 墓土也能变温柔,,游戏截图,h****u1101,"['https://kol-fans.fp.ps.netease.com/file/5d173c2496dee43235602c41Jexa8gDp02', 'https://kol-fans.fp.ps.netease.com/file/5d173c2496dee42d55ffd746G9BvY54p02']",2019-06-29 10:23:32
遇见美好,,游戏截图,y****123123,"['https://kol-fans.fp.ps.netease.com/file/5d17247196dee48ee2641c749uqcgBUx02', 'https://kol-fans.fp.ps.netease.com/file/5d1724718b7427406a10ab6cXAqEMXNp02', 'https://kol-fans.fp.ps.netease.com/file/5d1724712786fdce2a5145c5FCrfCHwo02', 'https://kol-fans.fp.ps.netease.com/file/5d172471143cfa41de500a2dtUGbXXsS02']",2019-06-29 08:42:26
飞向远方,,同人绘,18210****20,['https://kol-fans.fp.ps.netease.com/file/5d171e575e6027d8fdd5cf04VNWT1MR002'],2019-06-29 08:16:23
与先祖的道别,,游戏截图,秋暮,['https://kol-fans.fp.ps.netease.com/file/5d16fd457f9d2a1ec57e0dbeDpKQ37QW02'],2019-06-29 05:55:18
暴风雨与皮皮虾,,游戏截图,秋暮,"['https://kol-fans.fp.ps.netease.com/file/5d16fd2a96dee4b8290f0a43Y6jR242w02', 'https://kol-fans.fp.ps.netease.com/file/5d16fd2a7f9d2a1ec57e0da92ThuHeAk02']",2019-06-29 05:54:50
仰望星空,,游戏截图,秋暮,['https://kol-fans.fp.ps.netease.com/file/5d16fcc796dee4b8290f09a64F4Wm3S002'],2019-06-29 05:53:11
希望之谷,,游戏截图,秋暮,"['https://kol-fans.fp.ps.netease.com/file/5d16fca8143cfa4a39611145oca900dd02', 'https://kol-fans.fp.ps.netease.com/file/5d16fca9a7f2529e3d984468kb45Jf1o02', 'https://kol-fans.fp.ps.netease.com/file/5d16fca9143cfa4a39611146Z8SvaeJS02', 'https://kol-fans.fp.ps.netease.com/file/5d16fcaa2786fd0a1175b9e5lBWD0YCZ02']",2019-06-29 05:52:43
旅途的艰辛,,游戏截图,秋暮,"['https://kol-fans.fp.ps.netease.com/file/5d16fc7a2786fde2ddeedc3aWdUg2XKF02', 'https://kol-fans.fp.ps.netease.com/file/5d16fc7b96dee4ae4dde47cde9B308dw02', 'https://kol-fans.fp.ps.netease.com/file/5d16fc7c96dee4b8290f092fcGy98M3K02']",2019-06-29 05:51:56
云野的奥秘,,游戏截图,秋暮,"['https://kol-fans.fp.ps.netease.com/file/5d16fc4f2786fd0a1175b964zUMkN0iv02', 'https://kol-fans.fp.ps.netease.com/file/5d16fc4f96dee4ae4dde47879GpaxRO802', 'https://kol-fans.fp.ps.netease.com/file/5d16fc507f9d2a247f12b420GEI2s2iw02']",2019-06-29 05:51:12
梦开始的地方,,游戏截图,秋暮,"['https://kol-fans.fp.ps.netease.com/file/5d16fc18a7f2529d4ee1f4213gpCl69602', 'https://kol-fans.fp.ps.netease.com/file/5d16fc186f04945137f777bbB33KBhKO02', 'https://kol-fans.fp.ps.netease.com/file/5d16fc197f9d2afa38bbb5500Iso5zCa02', 'https://kol-fans.fp.ps.netease.com/file/5d16fc1a143cfa4aff99d591VxCUmtAi02']",2019-06-29 05:50:19
强势的零（同人绘画）,,同人绘,秋暮,['https://kol-fans.fp.ps.netease.com/file/5d16fbe1a7f2529e3d9843a23pk2FHgM02'],2019-06-29 05:49:21
和平安详的气息,,游戏截图,秋暮,['https://kol-fans.fp.ps.netease.com/file/5d16faf75e6027b7cc3c2f556rYd6hiP02'],2019-06-29 05:45:28
千与千寻（半截）,,视频,秋暮,['https://kol-fans.fp.ps.netease.com/file/5d16faa08b7427629d80a03bpcggIEW702'],2019-06-29 05:44:02
lemon恰柠檬（半截）,,视频,秋暮,['https://kol-fans.fp.ps.netease.com/file/5d16f973a7f252a6362b570flM1QoBUU02'],2019-06-29 05:39:00
最终，要习惯孤独…,,游戏截图,ʚ光之后裔ɞ,['https://kol-fans.fp.ps.netease.com/file/5d16f6b92786fdc99eaac09dq4JcXZlQ02'],2019-06-29 05:27:21
希望,,游戏截图,千宇,['https://kol-fans.fp.ps.netease.com/file/5d16f1b5143cfad87c1e88e0MgJx5d8i02'],2019-06-29 05:06:05
一场遇见光的旅行,,游戏截图,15909****36,"['https://kol-fans.fp.ps.netease.com/file/5d169fe9a7f2528abb2fe47fNg99335H02', 'https://kol-fans.fp.ps.netease.com/file/5d169fe95e6027b348948188eMSJJH0102', 'https://kol-fans.fp.ps.netease.com/file/5d169fe95e6027bd1f59b8d56tOUyf8h02', 'https://kol-fans.fp.ps.netease.com/file/5d169fe96f049489bdf42b33TbHAOuad02']",2019-06-28 23:16:58
光,,游戏截图,nano,"['https://kol-fans.fp.ps.netease.com/file/5d165b21a7f252c8d4661ed5MgwsPtVw02', 'https://kol-fans.fp.ps.netease.com/file/5d165b215e60278665300241cLP87Nm702', 'https://kol-fans.fp.ps.netease.com/file/5d165b255e60278a31bdea83wjDsEUAO02', 'https://kol-fans.fp.ps.netease.com/file/5d165b252786fd2c917d5e7eFIHThaOS02']",2019-06-28 18:23:34
三人,,游戏截图,nano,"['https://kol-fans.fp.ps.netease.com/file/5d165a6a5e60278b7aecd8512SkRgSZB02', 'https://kol-fans.fp.ps.netease.com/file/5d165a6aa7f252b13f22b3c1gEBcTMqX02', 'https://kol-fans.fp.ps.netease.com/file/5d165a6a7f9d2a1e538c90aeVdiUReRo02']",2019-06-28 18:20:27
启程,,游戏截图,nano,['https://kol-fans.fp.ps.netease.com/file/5d1651d26f04944d14921faedgv43asA02'],2019-06-28 17:43:46
守望天空,,同人绘,18210****20,['https://kol-fans.fp.ps.netease.com/file/5d162e698b74278864e46d6907ryDf6x02'],2019-06-28 15:12:42
与你在一起,,游戏截图,18321****03,"['https://kol-fans.fp.ps.netease.com/file/5d1615e95e6027eab010cac1yDYPzYmk02', 'https://kol-fans.fp.ps.netease.com/file/5d1615e96f04940d669dccebLABWBkaN02']",2019-06-28 13:28:10
风景...,,游戏截图,18321****03,"['https://kol-fans.fp.ps.netease.com/file/5d1614fa143cfa19442c36a3EVGJNDzi02', 'https://kol-fans.fp.ps.netease.com/file/5d1614fb2786fdc5a1f58c5bu3e8YG3302', 'https://kol-fans.fp.ps.netease.com/file/5d1614fb8b7427120d147941d8wZAhh002', 'https://kol-fans.fp.ps.netease.com/file/5d1614fc143cfa1f2fbb55a9jNsgSfUw02']",2019-06-28 13:24:13
漫漫长路，想与你同行！,,游戏截图,y****fall,['https://kol-fans.fp.ps.netease.com/file/5d1612968b7427120d14769eFLSboPgP02'],2019-06-28 13:13:59
向往,,游戏截图,Hafu,['https://kol-fans.fp.ps.netease.com/file/5d160e3996dee4677e6bdc07kcUpiKYu02'],2019-06-28 12:55:22
距离,,游戏截图,Hafu,['https://kol-fans.fp.ps.netease.com/file/5d160de096dee46db53f4a70T1AleHrC02'],2019-06-28 12:53:53
触碰,,游戏截图,Hafu,['https://kol-fans.fp.ps.netease.com/file/5d160da85e60279e4d348ad0yerl99Tz02'],2019-06-28 12:52:57
﻿天真,,游戏截图,Hafu,['https://kol-fans.fp.ps.netease.com/file/5d160d7a7f9d2a8912c2e8f4BQv5iNZV02'],2019-06-28 12:52:11
悸动,,游戏截图,Hafu,['https://kol-fans.fp.ps.netease.com/file/5d160d56a7f252180020b200D2vekerY02'],2019-06-28 12:51:35
独奏,,游戏截图,Hafu,['https://kol-fans.fp.ps.netease.com/file/5d160be15e60279e4d3488c3GQrGMu2F02'],2019-06-28 12:45:22
相遇,,游戏截图,17876****44,"['https://kol-fans.fp.ps.netease.com/file/5d160aeb96dee4677e6bd75238DHq9u202', 'https://kol-fans.fp.ps.netease.com/file/5d160aeb6f0494b9c892cb7dYM6bbQue02', 'https://kol-fans.fp.ps.netease.com/file/5d160aec7f9d2a9577283f1dvHY9zSS702', 'https://kol-fans.fp.ps.netease.com/file/5d160aec5e60276b30b4d36ejth5RSVh02']",2019-06-28 12:41:19
最近做的手工~,,手作,13570****36,"['https://kol-fans.fp.ps.netease.com/file/5d160a97a7f2521c7ee5e214Lsupjspw02', 'https://kol-fans.fp.ps.netease.com/file/5d160a9a8b7427e7560ac36apGWQj2pJ02', 'https://kol-fans.fp.ps.netease.com/file/5d160a9b8b7427cbb49d7eceIGMcroJj02', 'https://kol-fans.fp.ps.netease.com/file/5d160aa66f0494bab60144b55V2wdTCb02']",2019-06-28 12:40:07
云野,,同人绘,13570****36,['https://kol-fans.fp.ps.netease.com/file/5d160a32143cfaf0e62ef767Lsq3iPgm02'],2019-06-28 12:38:11
梦之所向，心之所想！,,游戏截图,17647****64,"['https://kol-fans.fp.ps.netease.com/file/5d15f22e8b74275f6749e58cvTWhyWoW02', 'https://kol-fans.fp.ps.netease.com/file/5d15f22f2786fd0662ca1ac0V0fyvNEC02']",2019-06-28 10:55:43
【已授权】【作者】阿莫学长,,游戏截图,云野小鸟,['https://kol-fans.fp.ps.netease.com/file/5d15e8f9143cfa0868f65306iPrcxpxD02'],2019-06-28 10:16:26
【已授权】【作者】阿莫学长,,游戏截图,云野小鸟,['https://kol-fans.fp.ps.netease.com/file/5d15e8ee7f9d2aed37294e61afz8NcUR02'],2019-06-28 10:16:15
【已授权】【作者】阿莫学长,,游戏截图,云野小鸟,['https://kol-fans.fp.ps.netease.com/file/5d15e8dea7f2525c708d9f57WmGmMPmI02'],2019-06-28 10:15:58
【已授权】【作者】阿莫学长,,游戏截图,云野小鸟,['https://kol-fans.fp.ps.netease.com/file/5d15e8d296dee48a5daeefadVM6l9a5j02'],2019-06-28 10:15:46
【已授权】【作者】阿莫学长,,游戏截图,云野小鸟,['https://kol-fans.fp.ps.netease.com/file/5d15e8c76f0494d1c73a55bfuQHah6Gt02'],2019-06-28 10:15:36
【已授权】【作者】阿莫学长,,游戏截图,云野小鸟,['https://kol-fans.fp.ps.netease.com/file/5d15e8b4143cfac08e08b639DAwP3CLu02'],2019-06-28 10:15:17
【已授权】【作者】阿莫学长,,游戏截图,云野小鸟,['https://kol-fans.fp.ps.netease.com/file/5d15e8a97f9d2ae04d453b3cFzTLfW7x02'],2019-06-28 10:15:05
【已授权】【作者】阿莫学长,,游戏截图,云野小鸟,['https://kol-fans.fp.ps.netease.com/file/5d15e8948b7427e713f49999AXpAiwK802'],2019-06-28 10:14:44
【已授权】【作者】阿莫学长,,游戏截图,云野小鸟,['https://kol-fans.fp.ps.netease.com/file/5d15e8882786fdbc3e0d4890hIiNGcuo02'],2019-06-28 10:14:32
【已授权】飞起来时亲吻过你的每一阵风，它们都在静悄悄地陪着你【作者】阿莫学长,"是聊天时朋友说到的一件事。
她说之前刚毕业的时候独自一个人在这个城市，总感觉很陌生又很孤独。
说那个时候会觉得一切跟想象中的不那么一样，毕业之后出来工作，每个朋友都相隔自己很远，即便在同个城市，大家忙起来的时候都不管不顾的，很少有聚在一起的时候。

于是无数次有那种跌入情绪谷底，然后总觉得明天没有盼头的时候。
也很迷茫，不知道怎么办才好。
但还是坚持下来了。

她说：
大概是有一次，深夜加班然后打车回家。
那是我一个月内不知道第几次加班了，很累，情绪也莫名其妙很低落，最后有点绷不住了，在车上哭。
住的地方离公司很远，会路过整个城市的万家灯火，但感觉没有人陪伴自己。

但那个时候那个陌生的女司机看到我哭了，她没有多说什么，给了我一张纸巾。
她说小姑娘，你是刚刚毕业出来工作吗？
我说是。
然后情绪不受控制的，莫名其妙对这位陌生的女司机说了很多话，第一次来到这个城市，第一次找工作碰壁，在工作中受到的委屈……
下车的时候她跟我说，都会好的。

她没有多做什么，也没有多说什么。
但倾诉完了之后，会感觉心里好像有一块石头终于落了下来，没那么难受了。

她说我到后来也没见过她，不知道她的名字，车牌号码也不记得。
再往后我突然间发现，其实很多时候，身边的同事也好，朋友也好，他们都是我走下去的一种动力，哪怕我再经历当时那样的困惑和难过也好，我会觉得它们都没那么可怕。
大家只要走在一起，本身就是一种力量吧。

“能被人看见”我想对每个人来说都是很重要的一件事。
它意味着能够倾诉，能够被人发现，也告诉我哪怕经历挫折也不是毫无意义的。
由此我珍惜和每个人碰面的机会，怀着纯粹的心去遇见每一个陌生人，即便对方只带来那一点点光，它都是光的一部分。而我也希望自己能够成为给别人带来光的人。
每一次遇见，对我来说都是特别重要的时刻。

那天聊完天我脑海里一直回想着每一个遇见的人。
你回想人生每一个阶段的自己，有些人的遇见不过是点头之交。我之前并不觉得他们有任何重要的地方，我甚至与对这种遇见并不感冒，觉得它毫无意义，我们之间也并不会有更多的交集。
但其实不是的，不经意间的某句话，某个时刻的鼓励，都成了我面对逆境和迷茫时候的光，只是我从来没有在意。

甚至于，我们抛开现实去讲，在游戏中也是这样。
最近我体验了一款游戏，著名游戏制作人陈星汉七年新作《Sky光•遇》。
我尤其记得我一开始的时候，进入游戏面对的是一片晨曦，一个人孤零零地站在这一片浪漫得有点不真实的晨岛当中，有一种被放大的孤独感。

而后是飞舞的蝴蝶，是穿插在其中的山和草原，一不小心就会黏到身上的棉花糖一样的云朵。
是身上穿着的斗篷在云层中猎猎作响，是躺在草坪上的惬意和看天边飞鸟云卷云舒的心旷神怡。

而这个游戏让我感觉到新奇的地方在于，它仿佛就是我们人生中一次次遇见的真实写照。
我是陈星汉的游戏作品忠实粉，从《风之旅人》开始一直到现在，跟传统游戏不同的地方在于，他的游戏更像是我们现实生活的一种映射。
就像是他的第一款游戏《花》，并不是我们传统认知里面的游戏，游戏中的你是一阵风，像春风一样吹过世界上的每一处，看遍每一处风景。
这个游戏也在后来成了美国历史上第一款被华盛顿特区博物馆收藏的游戏作品。

而在我体验的这个《Sky光•遇》中，遇到的人来自于全国各地，初次见面的时候，我们点着心火靠近对方，去看清楚对方的模样。大家需要彼此照亮，为对方点亮自己的光，而后我们才能一起面对前方更多的困难。

哪怕是遇见一只飞舞过的蝴蝶，也能为你本身带来能量。
有的人从相遇到成为朋友，而有的人相遇却就此别过，但大家彼此也依旧能互赠光亮。
一期一会，怀着纯粹的心去遇见每一个陌生人，帮助每一个人，相反，他也能给你带来能量和光。

跟生活中一样，有些人见面，他来自于哪里，生活在何处并不重要。
人生中的每一次遇见跟这款游戏里也没什么不同。
如果你觉得它是不重要的，那它可能就真的变得不那么重要，而怀着更加纯粹的心，不带目的性地去靠近每一个人，哪怕不能成为朋友，但也能互赠温暖。
而我们人生中认识长久的每一个朋友也好，陪伴在你身边的人也好，我们一开始都是不抱有任何目的性地去靠近对方，去相处，到最后发现彼此的默契，细水长流般走到今天。
与陌生人相识时，互赠温暖也是如此，不经意间的举动，不经意间的鼓励，未必需要多少语言去传达，光和光之间的传递，你很难用某种东西去形容它，但那种力量和温暖会一直扎根在你心底。

说白了，游戏也是人生中一些地方的写照。
遇见每一个人，认识每一件事，以纯粹的心去靠近另外一颗心。
相互照亮彼此。

而陈星汉老师的游戏理念也是如此，“游戏和书籍、电影一样，可以解决人们的情感诉求”。
在游戏中，每一个与人相识相爱的时刻，别人照亮你的每一束光，每个人的故事穿插流走，都与人生中的境遇一般无二，需要你去珍惜和体会。

甚至于，陷入低谷时而没人看见也没关系。
你看，小岛上飞舞的蝴蝶，划过天边的流星，天上软绵绵的云，飞起来时亲吻过你的每一阵风，它们都在静悄悄地陪着你。",同人文,云野小鸟,[],2019-06-28 10:11:14
危险的前兆,,游戏截图,秋暮,"['https://kol-fans.fp.ps.netease.com/file/5d15d7e47f9d2a7ad733a66fpGTu8r9X02', 'https://kol-fans.fp.ps.netease.com/file/5d15d7e58b7427b8f426f5f62gfcwyti02', 'https://kol-fans.fp.ps.netease.com/file/5d15d7e68b7427b258161f78hT8gDKaq02', 'https://kol-fans.fp.ps.netease.com/file/5d15d7e75e60273a12b7efaeoFj0WK5J02']",2019-06-28 09:03:35
云野的奥秘,,游戏截图,秋暮,"['https://kol-fans.fp.ps.netease.com/file/5d15d7a07f9d2a975aaffe53WFk8ULFd02', 'https://kol-fans.fp.ps.netease.com/file/5d15d7a196dee427cdbaa673duKxasXC02', 'https://kol-fans.fp.ps.netease.com/file/5d15d7a296dee40e7ffe8028rPye1PHu02']",2019-06-28 09:02:26
峡谷的风和景,,游戏截图,秋暮,"['https://kol-fans.fp.ps.netease.com/file/5d15d7798b7427b8f426f56eYM1adV3q02', 'https://kol-fans.fp.ps.netease.com/file/5d15d77f143cfaa0e0d4e8d5EIUMNI6N02', 'https://kol-fans.fp.ps.netease.com/file/5d15d782a7f252ded0b7dbb4jdPyMpZ902', 'https://kol-fans.fp.ps.netease.com/file/5d15d7848b7427d6ac5b4278xhIDWGaK02']",2019-06-28 09:01:56
一切开始的地方,,游戏截图,秋暮,"['https://kol-fans.fp.ps.netease.com/file/5d15d74a8b7427a52844175a6rv8kum602', 'https://kol-fans.fp.ps.netease.com/file/5d15d74e7f9d2a1d978c6e75cxzMRGp902', 'https://kol-fans.fp.ps.netease.com/file/5d15d7517f9d2a83d48662f3GZcsY6c702', 'https://kol-fans.fp.ps.netease.com/file/5d15d7522786fd5e265323faEUugH96x02']",2019-06-28 09:01:07
缘分,,游戏截图,秋暮,"['https://kol-fans.fp.ps.netease.com/file/5d15d6d75e602740b4511cb5Y1b0LMLT02', 'https://kol-fans.fp.ps.netease.com/file/5d15d6d88b74279ab5bf862dguLWw2YG02', 'https://kol-fans.fp.ps.netease.com/file/5d15d6d95e6027f371f48985pI2imiXB02']",2019-06-28 08:59:06
遛皮皮虾,,游戏截图,秋暮,"['https://kol-fans.fp.ps.netease.com/file/5d15d6b15e60273a12b7ee4fbA5UZSZE02', 'https://kol-fans.fp.ps.netease.com/file/5d15d6b28b7427b258161e45Kokiwydz02', 'https://kol-fans.fp.ps.netease.com/file/5d15d6b48b7427b8f426f486hjD0rl7u02', 'https://kol-fans.fp.ps.netease.com/file/5d15d6b4143cfaa72a404fefdj868CjO02']",2019-06-28 08:58:30
游戏内截图,,游戏截图,秋暮,"['https://kol-fans.fp.ps.netease.com/file/5d15ce0c8b742799ca7ebf7clYFawZbm02', 'https://kol-fans.fp.ps.netease.com/file/5d15ce0d143cfa62a94efaaflbAGUo9w02', 'https://kol-fans.fp.ps.netease.com/file/5d15ce0e7f9d2a3ff96fbf393eRzZAvE02', 'https://kol-fans.fp.ps.netease.com/file/5d15ce0ea7f2529bee5cc5e7VJJqmrZc02']",2019-06-28 08:21:36
希望.每天都可以跟喜欢的人.牵着手..一直走下去,,游戏截图,mAx,"['https://kol-fans.fp.ps.netease.com/file/5d15cdaf8b74279f3a5c2366FuC0q1Ow02', 'https://kol-fans.fp.ps.netease.com/file/5d15cdb05e60270c84b6eb2ffztT8CzK02', 'https://kol-fans.fp.ps.netease.com/file/5d15cdb05e60270c84b6eb31RzqFffBA02', 'https://kol-fans.fp.ps.netease.com/file/5d15cdb15e60270577bdd9d1dFhb65lr02']",2019-06-28 08:20:02
角色同人绘画,,同人绘,秋暮,"['https://kol-fans.fp.ps.netease.com/file/5d15cd6996dee4e7eac32e8dlCdlzfqg02', 'https://kol-fans.fp.ps.netease.com/file/5d15cd697f9d2a3c3f5ba9f4iD8BQZsN02']",2019-06-28 08:18:50
快乐,,游戏截图,丢丢,['https://kol-fans.fp.ps.netease.com/file/5d1598ee8b7427766e37f83axxrtu2pG02'],2019-06-28 04:34:55
飞机阅兵仪式,,游戏截图,丢丢,['https://kol-fans.fp.ps.netease.com/file/5d1598bf96dee4b4fb37b3dePesuYSmu02'],2019-06-28 04:34:07
🦌,,鹿小米,14758****18,"['https://kol-fans.fp.ps.netease.com/file/5d1596d496dee49a9870c7c9iiROFHRP02', 'https://kol-fans.fp.ps.netease.com/file/5d1596d46f049439d94afa118mDxbO9h02', 'https://kol-fans.fp.ps.netease.com/file/5d1596d45e6027c0539d3e79m7WxjUFN02', 'https://kol-fans.fp.ps.netease.com/file/5d1596d42786fd0973715de5yLZ8Dg9B02']",2019-06-28 04:25:57
练习时长7天半--ZOO乐队练习视频,,视频,爪哇国国师小八爪,['https://kol-fans.fp.ps.netease.com/file/5d1590ef7f9d2ad6ebae40c2X6Dp6TwU02'],2019-06-28 04:00:50
飞翔,,游戏截图,寺鲲,['https://kol-fans.fp.ps.netease.com/file/5d1590de7f9d2a24d5e9bd27esua17Ut02'],2019-06-28 04:00:31
腾飞的鳐,,游戏截图,寺鲲,['https://kol-fans.fp.ps.netease.com/file/5d1590cd8b742762cb1b8b92BuJtVsr402'],2019-06-28 04:00:13
云中宫殿,,游戏截图,寺鲲,['https://kol-fans.fp.ps.netease.com/file/5d1590912786fdf930ca517fUfifRG7302'],2019-06-28 03:59:13
云海,,游戏截图,寺鲲,['https://kol-fans.fp.ps.netease.com/file/5d1590475e602781be0b5daehvSkJDMi02'],2019-06-28 03:57:59
【三测独家回忆】ZOO乐队出道实录--八爪&海牛&阿黛尔,,同人文,爪哇国国师小八爪,"['https://kol-fans.fp.ps.netease.com/file/5d158fc996dee478ac12d3a2omWHGXAi02', 'https://kol-fans.fp.ps.netease.com/file/5d158fcd143cfae01a94523byT19cH7B02', 'https://kol-fans.fp.ps.netease.com/file/5d158fd38b7427b48a4b2b216l2fZQvt02']",2019-06-28 03:57:51
【已授权】【作者】紫竹,,游戏截图,云野小鸟,['https://kol-fans.fp.ps.netease.com/file/5d14755f7f9d2ab25ac4ab3ftOsey3xR02'],2019-06-27 07:50:55
【已授权】【作者】指短琴长,,游戏截图,云野小鸟,['https://kol-fans.fp.ps.netease.com/file/5d14755196dee40d020b3f83H5WgZqzR02'],2019-06-27 07:50:41
【已授权】【作者】吱猹,,游戏截图,云野小鸟,['https://kol-fans.fp.ps.netease.com/file/5d14753e6f0494d56d9e9b37bhz56T3v02'],2019-06-27 07:50:22
【已授权】【作者】与硅基结合的碳基生命,,游戏截图,云野小鸟,['https://kol-fans.fp.ps.netease.com/file/5d14752f6f0494c6c66cba69GxqxlEU402'],2019-06-27 07:50:07
【已授权】【作者】用户5zi6bfks5l,,游戏截图,云野小鸟,['https://kol-fans.fp.ps.netease.com/file/5d1475187f9d2ab62f8988e8ae8op3tH02'],2019-06-27 07:49:46
【已授权】【作者】一杯奶茶胖十斤,,游戏截图,云野小鸟,['https://kol-fans.fp.ps.netease.com/file/5d1475076f0494d56d9e9b14NfpcY0vv02'],2019-06-27 07:49:28
【已授权】【作者】細雪,,游戏截图,云野小鸟,['https://kol-fans.fp.ps.netease.com/file/5d1474f57f9d2ab0aab634eaIRaQ7w2J02'],2019-06-27 07:49:09
【已授权】【作者】細雪,,游戏截图,云野小鸟,['https://kol-fans.fp.ps.netease.com/file/5d1474d07f9d2ab46e27e79aFK4PwmYL02'],2019-06-27 07:48:32
【已授权】【作者】雾尼尼Muninn,,游戏截图,云野小鸟,['https://kol-fans.fp.ps.netease.com/file/5d1474a996dee41380be7e0eSEZ7fD6p02'],2019-06-27 07:47:53
【已授权】【作者】特特特,,游戏截图,云野小鸟,['https://kol-fans.fp.ps.netease.com/file/5d14749b8b7427e49d6d83066ZeR6iOc02'],2019-06-27 07:47:39
【已授权】【作者】随心所欲,,游戏截图,云野小鸟,['https://kol-fans.fp.ps.netease.com/file/5d147489143cfa50ecaca2a888mNlzNF02'],2019-06-27 07:47:21
【已授权】【作者】是个渣男啊,,游戏截图,云野小鸟,['https://kol-fans.fp.ps.netease.com/file/5d14747a143cfa918ecdfbc3W9vtHcwD02'],2019-06-27 07:47:07
【已授权】【作者】其实不想走其实想坐车,,游戏截图,云野小鸟,['https://kol-fans.fp.ps.netease.com/file/5d147463143cfa9a30de5798lUk9WBzT02'],2019-06-27 07:46:43
【已授权】【作者】其实不想走其实想坐车,,游戏截图,云野小鸟,['https://kol-fans.fp.ps.netease.com/file/5d1474565e602707d54c27987deA9BqK02'],2019-06-27 07:46:31
【已授权】【作者】李mou.ren,,游戏截图,云野小鸟,['https://kol-fans.fp.ps.netease.com/file/5d1474457f9d2ab46e27e6f2xguAtF0O02'],2019-06-27 07:46:14
【已授权】【作者】九三,,游戏截图,云野小鸟,['https://kol-fans.fp.ps.netease.com/file/5d14742ca7f252191ee07946UzxhfKNs02'],2019-06-27 07:45:48
【已授权】【作者】风又萧萧111.,,游戏截图,云野小鸟,['https://kol-fans.fp.ps.netease.com/file/5d14741a8b742703ae459970w2oQTiH502'],2019-06-27 07:45:30
【已授权】【作者】吃瓜群众小黄,,游戏截图,云野小鸟,['https://kol-fans.fp.ps.netease.com/file/5d14740796dee41cf3dc8d57oz1s1MW702'],2019-06-27 07:45:11
【已授权】【作者】比巴卜,,游戏截图,云野小鸟,['https://kol-fans.fp.ps.netease.com/file/5d1473eda7f252191ee07905YVqfGC8W02'],2019-06-27 07:44:45
【已授权】【作者】Zy.新⁵⁰,,游戏截图,云野小鸟,['https://kol-fans.fp.ps.netease.com/file/5d1473c9143cfa918ecdfa9ccIuikvYW02'],2019-06-27 07:44:09
【已授权】【作者】Yu.,,游戏截图,云野小鸟,['https://kol-fans.fp.ps.netease.com/file/5d1473b5143cfa912ad2fdfacczXehKK02'],2019-06-27 07:43:50
【已授权】【作者】Staticv2,,游戏截图,云野小鸟,['https://kol-fans.fp.ps.netease.com/file/5d1473a35e60270182e34fd6gpuTZdpe02'],2019-06-27 07:43:31
【已授权】【作者】N.Crazyyyyyyyyyyyyyyyyyyyyyy,,游戏截图,云野小鸟,['https://kol-fans.fp.ps.netease.com/file/5d14738c143cfa912ad2fdc6OwXS9kmd02'],2019-06-27 07:43:08
【已授权】【作者】Moonbean,,游戏截图,云野小鸟,['https://kol-fans.fp.ps.netease.com/file/5d14737d8b742703ae4598deJBDIq2Sl02'],2019-06-27 07:42:53
【已授权】【作者】Malena,,游戏截图,云野小鸟,['https://kol-fans.fp.ps.netease.com/file/5d14736da7f25212b135d9baqCpFBBwY02'],2019-06-27 07:42:37
﻿【已授权】【作者】Listenจุ๊บg,,游戏截图,云野小鸟,['https://kol-fans.fp.ps.netease.com/file/5d1473562786fd901bfff9559k1XRTOF02'],2019-06-27 07:42:15
【已授权】【作者】Juunnnne,,游戏截图,云野小鸟,['https://kol-fans.fp.ps.netease.com/file/5d147343143cfa96a0d20a77jz63Phz202'],2019-06-27 07:41:55
【已授权】【作者】Index,,游戏截图,云野小鸟,['https://kol-fans.fp.ps.netease.com/file/5d1473308b7427f5baa1ff08yOkOW0iN02'],2019-06-27 07:41:36
【已授权】【作者】Index,,游戏截图,云野小鸟,['https://kol-fans.fp.ps.netease.com/file/5d1473232786fd901bfff8f3rkvlP1VT02'],2019-06-27 07:41:23
【已授权】【作者】ID-超-VG,,游戏截图,云野小鸟,['https://kol-fans.fp.ps.netease.com/file/5d14731296dee40d020b3d8aevtzEMzt02'],2019-06-27 07:41:06
【已授权】【作者】Happy,,游戏截图,云野小鸟,['https://kol-fans.fp.ps.netease.com/file/5d1473012786fd833f54d7b6drFjT4oh02'],2019-06-27 07:40:49
【已授权】【作者】Green,,游戏截图,云野小鸟,['https://kol-fans.fp.ps.netease.com/file/5d1472f22786fd69f32f080bwXs7pms802'],2019-06-27 07:40:34
【已授权】【作者】GeminiandAlice.,,游戏截图,云野小鸟,['https://kol-fans.fp.ps.netease.com/file/5d1472dc2786fd889f698227JBg13Ekv02'],2019-06-27 07:40:13
【已授权】【作者】Estrella,,游戏截图,云野小鸟,['https://kol-fans.fp.ps.netease.com/file/5d1472cb6f0494d6421f42d3zOoNb5r002'],2019-06-27 07:39:56
【已授权】【作者】口,,游戏截图,云野小鸟,['https://kol-fans.fp.ps.netease.com/file/5d14729d8b7427f5baa1fe7b5gYm8pYj02'],2019-06-27 07:39:10
【已授权】【作者】紫竹,,游戏截图,云野小鸟,['https://kol-fans.fp.ps.netease.com/file/5d1472726f04941d09ddcb77fu5OO8Bo02'],2019-06-27 07:38:26
【已授权】【作者】紫竹,,游戏截图,云野小鸟,['https://kol-fans.fp.ps.netease.com/file/5d147258143cfa478c8c8283vrdeiL5x02'],2019-06-27 07:38:00
【已授权】【作者】猪努努,,游戏截图,云野小鸟,['https://kol-fans.fp.ps.netease.com/file/5d14724596dee41cf3dc8acc08fw2GtU02'],2019-06-27 07:37:42
【已授权】【作者】猪努努,,游戏截图,云野小鸟,['https://kol-fans.fp.ps.netease.com/file/5d14723a143cfa478c8c8272tDVuUOl602'],2019-06-27 07:37:31
【已授权】【作者】咱的鱼干呢,,游戏截图,云野小鸟,['https://kol-fans.fp.ps.netease.com/file/5d14720f143cfa478c8c825ck4coBD4w02'],2019-06-27 07:36:48
【已授权】【作者】一谶成语,,游戏截图,云野小鸟,['https://kol-fans.fp.ps.netease.com/file/5d1471eb2786fd69f32f0719FKjc94Tz02'],2019-06-27 07:36:11
【已授权】【作者】笑脸,,游戏截图,云野小鸟,['https://kol-fans.fp.ps.netease.com/file/5d1471d96f0494c4363f834bbiWBVZMT02'],2019-06-27 07:35:53
【已授权】【作者】細雪,,游戏截图,云野小鸟,['https://kol-fans.fp.ps.netease.com/file/5d1471a48b7427ac3cb2019f8BK8xoov02'],2019-06-27 07:35:00
【已授权】【作者】网球,,游戏截图,云野小鸟,['https://kol-fans.fp.ps.netease.com/file/5d1471952786fd889f698033ivhdvQ5202'],2019-06-27 07:34:45
【已授权】【作者】网球,,游戏截图,云野小鸟,['https://kol-fans.fp.ps.netease.com/file/5d1471852786fd69f32f06adtNtmZiGL02'],2019-06-27 07:34:29
【已授权】【作者】是个渣男啊,,游戏截图,云野小鸟,['https://kol-fans.fp.ps.netease.com/file/5d1471702786fd69f32f069araSDLkFY02'],2019-06-27 07:34:09
【已授权】【作者】其实不想走其实想坐车,,游戏截图,云野小鸟,['https://kol-fans.fp.ps.netease.com/file/5d14713a96dee41380be79d1iAW3rGOf02'],2019-06-27 07:33:14
【已授权】【作者】莫奈,,游戏截图,云野小鸟,['https://kol-fans.fp.ps.netease.com/file/5d1471297f9d2ab62f8984233opYxGWo02'],2019-06-27 07:32:57
【已授权】【作者】李mou.ren,,游戏截图,云野小鸟,['https://kol-fans.fp.ps.netease.com/file/5d14711196dee40305e6c98dTPalI2zM02'],2019-06-27 07:32:34
【已授权】【作者】李mou.ren,,游戏截图,云野小鸟,['https://kol-fans.fp.ps.netease.com/file/5d1470fa7f9d2ab62f8983efNi9opRJi02'],2019-06-27 07:32:10
【已授权】【作者】口,,游戏截图,云野小鸟,['https://kol-fans.fp.ps.netease.com/file/5d1470de96dee4f992974abaBs572Cbu02'],2019-06-27 07:31:43
【已授权】【作者】口,,游戏截图,云野小鸟,['https://kol-fans.fp.ps.netease.com/file/5d1470c97f9d2ab0aab63169OGIptahC02'],2019-06-27 07:31:21
【已授权】【作者】蒋笑天,,游戏截图,云野小鸟,['https://kol-fans.fp.ps.netease.com/file/5d1470a78b7427a136996de1kxjNyEHK02'],2019-06-27 07:30:47
【已授权】【作者】黄鑫,,游戏截图,云野小鸟,['https://kol-fans.fp.ps.netease.com/file/5d14708f7f9d2ab0aab63138DtGMHxVA02'],2019-06-27 07:30:23
【已授权】【作者】滑稽,,游戏截图,云野小鸟,['https://kol-fans.fp.ps.netease.com/file/5d14707d5e6027b202ea15f1ARzj7YKR02'],2019-06-27 07:30:05
【已授权】【作者】好迪已弃疗,,游戏截图,云野小鸟,['https://kol-fans.fp.ps.netease.com/file/5d1470688b7427c64b68256bXcGATbyD02'],2019-06-27 07:29:44
【已授权】【作者】高道er,,游戏截图,云野小鸟,['https://kol-fans.fp.ps.netease.com/file/5d1470538b7427d7610086daL5i0vpxq02'],2019-06-27 07:29:24
【已授权】【作者】风又萧萧111,,游戏截图,云野小鸟,['https://kol-fans.fp.ps.netease.com/file/5d14703e143cfa65196c9b8d83LQohHk02'],2019-06-27 07:29:02
【已授权】【作者】独角鲸,,游戏截图,云野小鸟,['https://kol-fans.fp.ps.netease.com/file/5d14702c2786fd5f8274c7affoIWELCi02'],2019-06-27 07:28:45
【已授权】【作者】橙子,,游戏截图,云野小鸟,['https://kol-fans.fp.ps.netease.com/file/5d146ff6143cfa5fa98ad605Eopk0t6t02'],2019-06-27 07:27:50
【已授权】【作者】タロイモ,,游戏截图,云野小鸟,['https://kol-fans.fp.ps.netease.com/file/5d146fcea7f25212b135d664Mpg38HfY02'],2019-06-27 07:27:10
【已授权】【作者】ZYXinSIDE,,游戏截图,云野小鸟,['https://kol-fans.fp.ps.netease.com/file/5d146fa97f9d2a83579ab5d8tw2CTZZQ02'],2019-06-27 07:26:33
【已授权】【作者】Seven,,游戏截图,云野小鸟,['https://kol-fans.fp.ps.netease.com/file/5d146f8d5e6027f2d1c3e6b81EYbltHa02'],2019-06-27 07:26:05
【已授权】【作者】Rachael,,游戏截图,云野小鸟,['https://kol-fans.fp.ps.netease.com/file/5d146f745e6027b5959439aaGcOzULE302'],2019-06-27 07:25:41
【已授权】【作者】ok,,游戏截图,云野小鸟,['https://kol-fans.fp.ps.netease.com/file/5d146f5e5e602707d54c1e56vzzZu6Qi02'],2019-06-27 07:25:18
【已授权】【作者】Listenจุ๊บg,,游戏截图,云野小鸟,['https://kol-fans.fp.ps.netease.com/file/5d146efc5e6027f2d1c3e64da6cIDMIN02'],2019-06-27 07:23:40
【已授权】【作者】Juunnnne,,游戏截图,云野小鸟,['https://kol-fans.fp.ps.netease.com/file/5d146ed17f9d2afa77d245284jqfloTZ02'],2019-06-27 07:22:57
【已授权】【作者】FengKuang_WANG,,游戏截图,云野小鸟,['https://kol-fans.fp.ps.netease.com/file/5d146eb696dee41ee27d06d81bGlW2bw02'],2019-06-27 07:22:30
【已授权】【作者】FengKuang_WANG,,游戏截图,云野小鸟,['https://kol-fans.fp.ps.netease.com/file/5d146e922786fd69f32f02b3plOFZplG02'],2019-06-27 07:21:54
【已授权】【作者】FeatherSlaughter,,游戏截图,云野小鸟,['https://kol-fans.fp.ps.netease.com/file/5d146e667f9d2a5e8e35848aeHlgjjNq02'],2019-06-27 07:21:10
【已授权】【作者】Estrella,,游戏截图,云野小鸟,['https://kol-fans.fp.ps.netease.com/file/5d146e447f9d2a814eb1c15e9WeOqI9K02'],2019-06-27 07:20:37
【已授权】【作者】Estrella,,游戏截图,云野小鸟,['https://kol-fans.fp.ps.netease.com/file/5d146e3b7f9d2a5e8e35846dP1WKgZfa02'],2019-06-27 07:20:27
【已授权】【作者】dá 龘,,游戏截图,云野小鸟,['https://kol-fans.fp.ps.netease.com/file/5d146e25a7f252d7d106885eUZbSvzxb02'],2019-06-27 07:20:06
【已授权】【作者】BBBBB,,游戏截图,云野小鸟,['https://kol-fans.fp.ps.netease.com/file/5d146e12143cfa56e654e7f5tDkW2Qsj02'],2019-06-27 07:19:47
【已授权】【作者】______Y。莹,,游戏截图,云野小鸟,['https://kol-fans.fp.ps.netease.com/file/5d146e027f9d2a5e8e358451lOOKRKjQ02'],2019-06-27 07:19:30
【已授权】【作者】咱的鱼干呢,,游戏截图,云野小鸟,['https://kol-fans.fp.ps.netease.com/file/5d146db996dee41cf3dc8329JhTh03zs02'],2019-06-27 07:18:17
【已授权】【作者】匀子衡,,游戏截图,云野小鸟,['https://kol-fans.fp.ps.netease.com/file/5d146da95e6027fe9ce5dd22roUSOuRL02'],2019-06-27 07:18:01
【已授权】【作者】与硅基结合的碳基生命,,游戏截图,云野小鸟,['https://kol-fans.fp.ps.netease.com/file/5d146d9996dee41ee27d049a1DL9v7cg02'],2019-06-27 07:17:46
【已授权】【作者】三木,,游戏截图,云野小鸟,['https://kol-fans.fp.ps.netease.com/file/5d146d8c7f9d2a5e8e35840fv6GeiHFl02'],2019-06-27 07:17:33
【已授权】【作者】飘飘,,游戏截图,云野小鸟,['https://kol-fans.fp.ps.netease.com/file/5d146d7e5e6027f2d1c3e4a43IeNxiHY02'],2019-06-27 07:17:18
【已授权】【作者】莫奈,,游戏截图,云野小鸟,['https://kol-fans.fp.ps.netease.com/file/5d146d66143cfa56e654e7260wWeCJHh02'],2019-06-27 07:16:54
【已授权】【作者】莫奈,,游戏截图,云野小鸟,['https://kol-fans.fp.ps.netease.com/file/5d146d547f9d2af6486b404a5c5TWfDK02'],2019-06-27 07:16:37
【已授权】【作者】风又萧萧111,,游戏截图,云野小鸟,['https://kol-fans.fp.ps.netease.com/file/5d146d41143cfa56e654e6eb0MKXD3ED02'],2019-06-27 07:16:18
【已授权】【作者】橙子,,游戏截图,云野小鸟,['https://kol-fans.fp.ps.netease.com/file/5d146d27a7f252c29e79991ashwdNsi802'],2019-06-27 07:15:52
【已授权】【作者】ZYXinSIDE,,游戏截图,云野小鸟,['https://kol-fans.fp.ps.netease.com/file/5d146d1196dee40d020b36f9LWXRLHCm02'],2019-06-27 07:15:30
﻿【已授权】【作者】V,,游戏截图,云野小鸟,['https://kol-fans.fp.ps.netease.com/file/5d146cfb143cfa609edc323djDVHGTXT02'],2019-06-27 07:15:07
【已授权】【作者】THE GLORIOUS YEARS,,游戏截图,云野小鸟,['https://kol-fans.fp.ps.netease.com/file/5d146ce86f0494c6c66cb35fBcE3YJii02'],2019-06-27 07:14:48
【已授权】【作者】ok,,游戏截图,云野小鸟,['https://kol-fans.fp.ps.netease.com/file/5d146c6f8b7427c64b6821d8UiNzs74602'],2019-06-27 07:12:47
【已授权】【作者】Lぃ,,游戏截图,云野小鸟,['https://kol-fans.fp.ps.netease.com/file/5d146c5ca7f252b030f7354fw3Vl4ZQL02'],2019-06-27 07:12:28
【已授权】【作者】Listenจุ๊บg,,游戏截图,云野小鸟,['https://kol-fans.fp.ps.netease.com/file/5d146c442786fd5f8274c28druNtP1C702'],2019-06-27 07:12:04
【已授权】【作者】Juunnnne,,游戏截图,云野小鸟,['https://kol-fans.fp.ps.netease.com/file/5d146c2796dee40305e6c4dbbDhSoGbz02'],2019-06-27 07:11:35
【已授权】【作者】BBBBB,,游戏截图,云野小鸟,['https://kol-fans.fp.ps.netease.com/file/5d146c0d5e6027c35ff833e7d4toDSGY02'],2019-06-27 07:11:10
【已授权】【作者】猪努努,,游戏截图,云野小鸟,['https://kol-fans.fp.ps.netease.com/file/5d1469d86f0494a93aefd250adFvxkSN02'],2019-06-27 07:01:44
【已授权】【作者】指短琴长,,游戏截图,云野小鸟,['https://kol-fans.fp.ps.netease.com/file/5d1469c85e6027cfe33fef97MFhpB9Ay02'],2019-06-27 07:01:28
【已授权】【作者】张大川要早睡,,游戏截图,云野小鸟,['https://kol-fans.fp.ps.netease.com/file/5d14698e143cfa609edc2c82Cl89ZVaJ02'],2019-06-27 07:00:31
【已授权】【作者】咱的鱼干呢,,游戏截图,云野小鸟,['https://kol-fans.fp.ps.netease.com/file/5d1469817f9d2a814eb1bcb50k1UC1RE02'],2019-06-27 07:00:17
【已授权】【作者】匀子衡,,游戏截图,云野小鸟,['https://kol-fans.fp.ps.netease.com/file/5d146968143cfa50ecac9889orilwerJ02'],2019-06-27 06:59:52
【已授权】【作者】语器,,游戏截图,云野小鸟,['https://kol-fans.fp.ps.netease.com/file/5d1469562786fd5f8274be5cH3M7yPXI02'],2019-06-27 06:59:35
【已授权】【作者】与硅基结合的碳基生,,游戏截图,云野小鸟,['https://kol-fans.fp.ps.netease.com/file/5d1469478b7427b4c0d3743fkuTRRZqZ02'],2019-06-27 06:59:19
【已授权】【作者】用户5zi6bfks5l,,游戏截图,云野小鸟,['https://kol-fans.fp.ps.netease.com/file/5d146933143cfafc196fe06akNmaiiVL02'],2019-06-27 06:58:59
【已授权】【作者】一只特立独行的猪,,游戏截图,云野小鸟,['https://kol-fans.fp.ps.netease.com/file/5d14691ea7f252b030f733e0qGWDXcAG02'],2019-06-27 06:58:39
【已授权】【作者】一谶成语,,游戏截图,云野小鸟,['https://kol-fans.fp.ps.netease.com/file/5d1469102786fd5f8274be0fKWETsxz702'],2019-06-27 06:58:24
【已授权】【作者】笑脸,,游戏截图,云野小鸟,['https://kol-fans.fp.ps.netease.com/file/5d1468de5e602756afaf36db5cojBJmB02'],2019-06-27 06:57:35
【已授权】【作者】我，热爱睡觉,,游戏截图,云野小鸟,['https://kol-fans.fp.ps.netease.com/file/5d1468d15e6027d16717a3315YZN73iM02'],2019-06-27 06:57:21
【已授权】【作者】网球,,游戏截图,云野小鸟,['https://kol-fans.fp.ps.netease.com/file/5d1468a096dee4e51d7e97b86qz926Gr02'],2019-06-27 06:56:32
【已授权】【作者】网球,,游戏截图,云野小鸟,['https://kol-fans.fp.ps.netease.com/file/5d1468965e6027b61b62ce93ZTf5jwP802'],2019-06-27 06:56:23
【已授权】【作者】王小楠,,游戏截图,云野小鸟,['https://kol-fans.fp.ps.netease.com/file/5d1468655e6027b202ea12f4eHdTQy3402'],2019-06-27 06:55:33
【已授权】【作者】王小楠,,游戏截图,云野小鸟,['https://kol-fans.fp.ps.netease.com/file/5d14684e5e6027c35ff82ebadmzUUddU02'],2019-06-27 06:55:11
【已授权】【作者】天才少年,,游戏截图,云野小鸟,['https://kol-fans.fp.ps.netease.com/file/5d146830a7f252c6617e4e50ZOBlchWu02'],2019-06-27 06:54:40
【已授权】【作者】寺鲲,,游戏截图,云野小鸟,['https://kol-fans.fp.ps.netease.com/file/5d1468155e6027b59594354aOcXk1BX402'],2019-06-27 06:54:13
【已授权】【作者】是个渣男啊,,游戏截图,云野小鸟,['https://kol-fans.fp.ps.netease.com/file/5d1467f17f9d2a814eb1bb05U13SaG4E02'],2019-06-27 06:53:38
【已授权】【作者】绅士就是我乄,,游戏截图,云野小鸟,['https://kol-fans.fp.ps.netease.com/file/5d1467d12786fd4d95113acaE9mV9wdx02'],2019-06-27 06:53:05
【已授权】【作者】祈,,游戏截图,云野小鸟,['https://kol-fans.fp.ps.netease.com/file/5d1467b8a7f252dbc3457266G4IDwfll02'],2019-06-27 06:52:41
【已授权】【作者】普通人阿quin,,游戏截图,云野小鸟,['https://kol-fans.fp.ps.netease.com/file/5d14678a96dee4f992973f3ciQmVolsp02'],2019-06-27 06:51:55
【已授权】【作者】倪若鸢,,游戏截图,云野小鸟,['https://kol-fans.fp.ps.netease.com/file/5d1467575e6027d16717a032b5Fqr35102'],2019-06-27 06:51:03
【已授权】【作者】南瓜粥,,游戏截图,云野小鸟,['https://kol-fans.fp.ps.netease.com/file/5d14674496dee4e3ceb432d3cVtkJx2y02'],2019-06-27 06:50:45
【已授权】【作者】莫奈,,游戏截图,云野小鸟,['https://kol-fans.fp.ps.netease.com/file/5d146732a7f252c29e79945bIshMmY3302'],2019-06-27 06:50:26
【已授权】【作者】梦忆天城,,游戏截图,云野小鸟,['https://kol-fans.fp.ps.netease.com/file/5d1467217f9d2a5069f4cadabZ5lYRQV02'],2019-06-27 06:50:09
【已授权】【作者】炉边的猫,,游戏截图,云野小鸟,['https://kol-fans.fp.ps.netease.com/file/5d1467135e6027c35ff82cd9by2B1Dwb02'],2019-06-27 06:49:56
【已授权】【作者】李mou.ren,,游戏截图,云野小鸟,['https://kol-fans.fp.ps.netease.com/file/5d14670296dee4b6e2a3d270FsxlhAPK02'],2019-06-27 06:49:38
【已授权】【作者】李mou.ren,,游戏截图,云野小鸟,['https://kol-fans.fp.ps.netease.com/file/5d1466f22786fd27429a2e13kcKyrT4i02'],2019-06-27 06:49:23
【已授权】【作者】老爺保号瓦啊,,游戏截图,云野小鸟,['https://kol-fans.fp.ps.netease.com/file/5d1466d98b7427a41b0650b2f4uQ4pWQ02'],2019-06-27 06:48:58
【已授权】【作者】㙓,,游戏截图,云野小鸟,['https://kol-fans.fp.ps.netease.com/file/5d1466ad7f9d2a64e7760ebcaIb9w9ea02'],2019-06-27 06:48:13
【已授权】【作者】景靡,,游戏截图,云野小鸟,['https://kol-fans.fp.ps.netease.com/file/5d1466977f9d2a64e7760ea9Cex9GR9o02'],2019-06-27 06:47:52
【已授权】【作者】-剑试蔷薇-,,游戏截图,云野小鸟,['https://kol-fans.fp.ps.netease.com/file/5d14668496dee4c5c33f402bf1Ma9zrX02'],2019-06-27 06:47:33
【已授权】【作者】滑稽,,游戏截图,云野小鸟,['https://kol-fans.fp.ps.netease.com/file/5d14666c2786fd27429a2d75MlieCabv02'],2019-06-27 06:47:08
【已授权】【作者】华华,,游戏截图,云野小鸟,['https://kol-fans.fp.ps.netease.com/file/5d14665b96dee4c5c33f3fffdMmvU3i002'],2019-06-27 06:46:52
【已授权】【作者】风又萧萧111,,游戏截图,云野小鸟,['https://kol-fans.fp.ps.netease.com/file/5d14663496dee4e51d7e9343Ze10yzcX02'],2019-06-27 06:46:12
【已授权】【作者】等风来,,游戏截图,云野小鸟,['https://kol-fans.fp.ps.netease.com/file/5d1466178b7427ac3cb1f9a4WAsN39XR02'],2019-06-27 06:45:44
【已授权】【作者】大周人马建造师,,游戏截图,云野小鸟,['https://kol-fans.fp.ps.netease.com/file/5d146603143cfafc196fdeebrgcmLqsH02'],2019-06-27 06:45:23
【已授权】【作者】橙子,,游戏截图,云野小鸟,['https://kol-fans.fp.ps.netease.com/file/5d1465f52786fd37a833859aLUKYqZky02'],2019-06-27 06:45:10
【已授权】【作者】菠萝油无菠萝,,游戏截图,云野小鸟,['https://kol-fans.fp.ps.netease.com/file/5d1462767f9d2a2e329ebe79mG1R5mH302'],2019-06-27 06:30:14
【已授权】【作者】矮个子小鬼,,游戏截图,云野小鸟,['https://kol-fans.fp.ps.netease.com/file/5d146244a7f252c6617e4821B3BiLJiq02'],2019-06-27 06:29:24
【已授权】【作者】ラッキー,,游戏截图,云野小鸟,['https://kol-fans.fp.ps.netease.com/file/5d146227143cfa0f0404ab57N5sPMkts02'],2019-06-27 06:28:56
【已授权】【作者】ZYXinSIDE(,,游戏截图,云野小鸟,['https://kol-fans.fp.ps.netease.com/file/5d14621196dee4b6e2a3ce62HxZkLmOu02'],2019-06-27 06:28:34
【已授权】【作者】Z×,,游戏截图,云野小鸟,['https://kol-fans.fp.ps.netease.com/file/5d1461f8a7f252c29e798fa7htlBHBCb02'],2019-06-27 06:28:08
【已授权】【作者】WLJ,,游戏截图,云野小鸟,['https://kol-fans.fp.ps.netease.com/file/5d1461e696dee4c799715df1QPdZEB0d02'],2019-06-27 06:27:50
【已授权】【作者】Ｖ,,游戏截图,云野小鸟,['https://kol-fans.fp.ps.netease.com/file/5d1461ce6f04948d3e5109098ehOHiB102'],2019-06-27 06:27:26
【已授权】【作者】V,,游戏截图,云野小鸟,['https://kol-fans.fp.ps.netease.com/file/5d1461ba143cfa0f0404aaa8HdcxoBhQ02'],2019-06-27 06:27:07
【已授权】【作者】Staticv2,,游戏截图,云野小鸟,['https://kol-fans.fp.ps.netease.com/file/5d1461927f9d2a5e8e357b4a9794GV2Z02'],2019-06-27 06:26:26
【已授权】【作者】MT,,游戏截图,云野小鸟,['https://kol-fans.fp.ps.netease.com/file/5d1461817f9d2a4ad5c7f4c7RrD8djyj02'],2019-06-27 06:26:09
【已授权】【作者】Moonbean,,游戏截图,云野小鸟,['https://kol-fans.fp.ps.netease.com/file/5d14616e2786fd1f0e60e3afduWMUoYD02'],2019-06-27 06:25:50
【已授权】【作者】Malena,,游戏截图,云野小鸟,['https://kol-fans.fp.ps.netease.com/file/5d1461596f04948d3e51087dNNTouzJu02'],2019-06-27 06:25:29
【已授权】【作者】Lucas,,游戏截图,云野小鸟,['https://kol-fans.fp.ps.netease.com/file/5d1461475e602788347c49a5m25LI2OR02'],2019-06-27 06:25:11
【已授权】【作者】LinkMatata,,游戏截图,云野小鸟,['https://kol-fans.fp.ps.netease.com/file/5d14612a6f0494265c297a71RscVHOcC02'],2019-06-27 06:24:43
﻿【已授权】【作者】Koala,,游戏截图,云野小鸟,['https://kol-fans.fp.ps.netease.com/file/5d14610f96dee4992c1bbe02RX8GK8ue02'],2019-06-27 06:24:15
【已授权】【作者】KevinLAD,,游戏截图,云野小鸟,['https://kol-fans.fp.ps.netease.com/file/5d1460f18b742756100ed50a8XCOVK4f02'],2019-06-27 06:23:46
【已授权】【作者】Juunnnne,,游戏截图,云野小鸟,['https://kol-fans.fp.ps.netease.com/file/5d1460d52786fde5664f5601Ni5RY6QP02'],2019-06-27 06:23:17
【已授权】【作者】Index,,游戏截图,云野小鸟,['https://kol-fans.fp.ps.netease.com/file/5d1460c4143cfa10540efe319ZJx5AuF02'],2019-06-27 06:23:00
【已授权】【作者】yuuuu_ann,,视频,云野小鸟,['https://kol-fans.fp.ps.netease.com/file/5d1460372786fd08e66d4830A7okhvsm02'],2019-06-27 06:20:50
【已授权】【作者】Index,,游戏截图,云野小鸟,['https://kol-fans.fp.ps.netease.com/file/5d145d86143cfa08a395f22dmQzBTVtD02'],2019-06-27 06:09:17
【已授权】【作者】I love you 3000,,游戏截图,云野小鸟,['https://kol-fans.fp.ps.netease.com/file/5d145d68a7f2524e8c0e2ebbrA7tEoX602'],2019-06-27 06:08:47
【已授权】【作者】FeatherSlaughter,,游戏截图,云野小鸟,['https://kol-fans.fp.ps.netease.com/file/5d145d465e6027710cd1fb29bcili7UM02'],2019-06-27 06:08:16
【已授权】【作者】FeatherSlaughter,,游戏截图,云野小鸟,['https://kol-fans.fp.ps.netease.com/file/5d145d1a6f04942d620a1c0dlxu5hbbL02'],2019-06-27 06:07:26
【已授权】【作者】FeatherSlaughter,,游戏截图,云野小鸟,['https://kol-fans.fp.ps.netease.com/file/5d145cf62786fd1ba8a391c4itcb87wA02'],2019-06-27 06:06:52
【已授权】【作者】ddddd,,游戏截图,云野小鸟,['https://kol-fans.fp.ps.netease.com/file/5d145ce06f049472095de45fwC4T5j4C02'],2019-06-27 06:06:28
【已授权】【作者】BrawlyTea14,,游戏截图,云野小鸟,['https://kol-fans.fp.ps.netease.com/file/5d145ca17f9d2a03c8cb8ed2ubMdLvqh02'],2019-06-27 06:05:25
【已授权】【作者】BrawlyTea14,,游戏截图,云野小鸟,['https://kol-fans.fp.ps.netease.com/file/5d145c7ba7f25272095396bfw6zNd7w302'],2019-06-27 06:04:46
【已授权】【作者】Asher,,游戏截图,云野小鸟,['https://kol-fans.fp.ps.netease.com/file/5d145c532786fdf1b6dbafa6rlDEKid102'],2019-06-27 06:04:16
【已授权】【作者】slds6,,同人绘,云野小鸟,['https://kol-fans.fp.ps.netease.com/file/5d145b8796dee4992c1bb903UZ1ewZ5z02'],2019-06-27 06:00:40
【已授权】【作者】Foooooxz,,同人绘,云野小鸟,['https://kol-fans.fp.ps.netease.com/file/5d145b70143cfaf1987170242rVisYls02'],2019-06-27 06:00:16
【已授权】【作者】Foooooxz,,同人绘,云野小鸟,['https://kol-fans.fp.ps.netease.com/file/5d145b54143cfa3bc092fefavUD2DVfm02'],2019-06-27 05:59:48
欢呼雀跃的小小灵魂,,视频,13570****02,['https://kol-fans.fp.ps.netease.com/file/5d1425656f04943e5fa6f32cGHsTUAy802'],2019-06-27 02:09:42
与温暖的灵魂相遇,,游戏截图,13570****02,['https://kol-fans.fp.ps.netease.com/file/5d14249f7f9d2ae94a990702GFU8eRgD02'],2019-06-27 02:06:24
